0 2
1 1
2 2
3 3
4 2
5 3
6 2
7 2
8 1
9 2
10 2
11 3
12 2
13 2
14 3
15 2
16 2
17 2
18 2
19 3
20 3
21 3
22 4
23 1
24 3
25 1
26 1
27 2
28 0
29 2
30 3
31 4
32 2
33 1
34 1
35 0
36 2
37 2
38 1
39 3
40 2
41 1
42 2
43 2
44 3
45 1
46 3
47 2
48 3
49 2
50 0
51 2
52 2
53 1
54 2
55 1
56 2
57 1
58 1
59 3
60 2
61 2
62 3
63 3
64 2
65 0
66 3
67 2
68 3
69 1
70 2
71 1
72 3
73 1
74 2
75 3
76 3
77 3
78 2
79 3
80 1
81 3
82 2
83 2
84 3
85 2
86 1
87 2
88 2
89 3
90 2
91 0
92 3
93 2
94 3
95 1
96 2
97 1
98 3
99 2
100 3
101 1
102 1
103 3
104 1
105 2
106 1
107 1
108 2
109 1
110 1
111 0
112 2
113 1
114 1
115 2
116 2
117 2
118 1
119 2
120 2
121 2
122 3
123 1
124 3
125 1
126 2
127 0
128 2
129 2
130 1
131 3
132 2
133 0
134 2
135 1
136 3
137 3
138 1
139 1
140 2
141 1
142 2
143 2
144 0
145 2
146 2
147 1
148 2
149 2
150 2
151 1
152 2
153 3
154 1
155 2
156 3
157 1
158 1
159 2
160 3
161 2
162 3
163 4
164 4
165 3
166 2
167 2
168 2
169 1
170 2
171 1
172 2
173 2
174 2
175 2
176 2
177 2
178 1
179 0
180 2
181 2
182 4
183 3
184 1
185 1
186 2
187 2
188 1
189 2
190 2
191 2
192 1
193 2
194 3
195 2
196 2
197 1
198 2
199 2
200 3
201 1
202 2
203 2
204 3
205 1
206 2
207 3
208 2
209 2
210 2
211 2
212 2
213 3
214 1
215 2
216 2
217 3
218 3
219 3
220 2
221 0
222 4
223 2
224 2
225 2
226 3
227 2
228 2
229 2
230 4
231 2
232 2
233 3
234 1
235 2
236 2
237 1
238 1
239 2
240 2
241 3
242 1
243 1
244 3
245 1
246 1
247 2
248 2
249 2
250 2
251 2
252 2
253 2
254 3
255 3
256 3
257 3
258 2
259 1
260 2
261 2
262 1
263 4
264 2
265 3
266 0
267 2
268 2
269 2
270 1
271 4
272 2
273 1
274 2
275 3
276 2
277 2
278 2
279 0
280 1
