0 2
1 3
2 1
3 1
4 2
5 0
6 2
7 1
8 1
9 0
10 1
11 1
12 2
13 1
14 2
15 1
16 1
17 2
18 1
19 2
20 2
21 2
22 1
23 2
24 0
25 1
26 2
27 1
28 2
29 2
30 2
31 1
32 1
33 1
34 1
35 2
36 2
37 2
38 2
39 3
40 3
41 2
42 4
43 3
44 2
45 3
46 3
47 4
48 3
49 3
50 3
51 3
52 2
53 3
54 1
55 2
56 0
57 1
58 2
59 1
60 1
61 1
62 2
63 2
64 1
65 1
66 2
67 1
68 1
69 0
70 1
71 1
72 3
73 2
74 1
75 1
76 2
77 3
78 2
79 2
80 2
81 2
82 4
83 1
84 2
85 2
86 3
87 1
88 1
89 1
90 2
91 2
92 1
93 2
94 2
95 2
96 2
97 1
98 2
99 2
100 2
101 1
102 2
103 1
104 2
105 1
106 4
107 2
108 2
109 2
110 1
111 2
112 2
113 2
114 2
115 2
116 2
117 1
118 2
119 1
120 2
121 2
122 2
123 1
124 1
125 0
126 3
127 1
128 2
129 2
130 2
131 2
132 1
133 2
134 2
135 2
136 2
137 1
138 2
139 1
140 2
141 1
142 2
143 1
144 2
145 2
146 2
147 2
148 1
149 1
150 1
151 2
152 1
153 2
154 2
155 2
156 1
157 2
158 2
159 2
160 1
161 2
162 2
163 1
164 1
165 1
166 1
167 1
168 1
169 2
170 2
171 1
172 2
173 1
174 2
175 1
176 0
177 2
178 2
179 2
180 1
181 2
182 2
183 2
184 1
185 1
186 3
187 3
188 4
189 4
190 3
191 1
192 3
193 4
194 4
195 6
196 1
197 3
198 1
199 3
200 1
201 2
202 2
203 4
204 2
205 1
206 1
207 3
208 1
209 1
210 3
211 3
212 2
213 3
214 2
215 2
216 2
217 3
218 3
219 2
220 2
221 2
222 1
223 1
224 2
225 4
226 1
227 5
228 1
229 1
230 1
231 3
232 3
233 1
234 2
235 2
236 2
237 2
238 2
239 3
240 1
241 2
242 3
243 3
244 3
245 2
246 1
247 3
248 3
249 2
250 2
251 2
252 2
253 4
254 2
255 1
256 0
257 6
258 1
259 2
260 6
261 1
262 2
263 2
264 4
265 4
266 3
267 3
268 2
269 2
270 2
271 2
272 3
273 3
274 2
275 3
276 1
277 3
278 2
279 2
280 1
281 3
282 3
283 3
284 2
285 2
286 4
287 2
288 3
289 1
290 3
291 2
292 2
293 2
294 2
295 2
296 2
297 4
298 2
299 2
300 2
301 3
302 2
303 1
304 1
305 2
306 1
307 1
308 1
309 1
310 1
311 3
312 2
313 1
314 1
315 2
316 3
317 2
318 3
319 2
320 2
321 1
322 2
323 2
324 2
325 2
326 3
327 3
328 4
329 2
330 3
331 1
332 1
333 1
334 3
335 2
336 0
337 3
338 2
339 4
340 1
341 2
342 4
343 1
344 2
345 2
346 3
347 2
348 2
349 4
350 1
351 2
352 2
353 2
354 1
355 2
356 2
357 4
358 2
359 2
360 1
361 1
362 1
363 2
364 2
365 2
366 2
367 4
368 1
369 2
370 1
371 2
372 2
373 1
374 2
375 1
376 1
377 2
378 3
379 2
380 3
381 1
382 2
383 0
384 2
385 3
386 2
387 2
388 2
389 1
390 3
391 2
392 2
393 1
394 2
395 3
396 2
397 3
398 2
399 3
400 1
