0 1
1 1
2 2
3 2
4 2
5 1
6 0
7 1
8 2
9 2
10 3
11 0
12 1
13 1
14 0
15 1
16 2
17 1
18 0
19 0
20 1
21 3
22 3
23 1
24 2
25 1
26 2
27 1
28 2
29 0
30 1
31 3
32 1
33 1
34 1
35 1
36 1
37 2
38 2
39 2
40 2
41 2
42 2
43 1
44 2
45 1
46 1
47 2
48 1
49 1
50 1
51 2
52 0
53 1
54 2
55 2
56 1
57 1
58 3
59 1
60 1
61 2
62 1
63 1
64 1
65 1
66 0
67 0
68 1
69 2
70 1
71 1
72 0
73 2
74 2
75 1
76 1
77 2
78 0
79 2
80 2
81 2
82 1
83 1
84 1
85 1
86 0
87 1
88 2
89 0
90 2
91 2
92 1
93 1
94 2
95 0
96 0
97 2
98 1
99 2
100 1
101 2
102 1
103 0
104 1
105 2
106 2
107 2
108 1
109 3
110 2
111 2
112 1
113 2
114 1
115 2
116 0
117 1
118 1
119 0
120 1
121 1
122 1
123 1
124 1
125 1
126 1
127 1
128 0
129 1
130 1
131 2
132 3
133 1
134 1
135 2
136 2
137 1
138 2
139 0
140 3
141 0
142 0
143 2
144 3
145 1
146 1
147 1
148 1
149 0
150 1
151 2
152 2
153 1
154 1
155 2
156 1
157 1
158 0
159 2
160 0
161 1
162 0
163 1
164 0
165 0
166 1
167 1
168 0
169 1
170 2
171 1
172 2
173 1
174 2
175 2
176 5
177 2
178 2
179 1
180 2
181 1
182 1
183 1
184 2
185 1
186 2
187 1
188 1
189 2
190 1
191 4
192 1
193 1
194 1
195 1
196 2
197 1
198 2
199 1
200 2
201 1
202 2
203 2
204 1
205 0
206 2
207 2
208 2
209 1
210 1
211 2
212 0
213 1
214 0
215 1
216 0
217 2
218 1
219 1
220 1
221 1
222 0
223 1
224 0
225 2
226 0
227 0
228 2
229 1
230 0
231 1
232 1
233 1
234 1
235 2
236 0
237 0
238 0
239 1
240 2
241 0
242 0
243 1
244 1
245 1
246 1
247 1
248 0
249 2
250 1
251 1
252 2
253 4
254 3
255 1
256 0
257 1
258 0
259 1
260 0
261 1
262 0
263 1
264 1
265 1
266 1
267 2
268 2
269 1
270 2
271 0
272 1
273 2
274 0
275 0
276 1
277 1
278 1
279 3
280 1
281 1
282 1
283 1
284 1
285 1
286 2
287 0
288 2
289 0
290 0
291 1
292 2
293 2
294 1
295 1
296 1
297 3
298 0
299 1
300 2
301 0
302 0
303 1
304 3
305 1
306 1
307 0
308 1
309 1
310 2
311 1
312 2
313 1
314 1
315 1
316 1
317 0
318 2
319 1
320 0
321 1
322 3
323 2
324 1
325 1
326 2
327 1
328 3
329 0
330 1
331 2
332 1
333 1
334 1
335 0
336 1
337 3
338 1
339 3
340 2
341 2
342 0
343 0
344 2
345 0
346 0
347 3
348 1
349 2
350 2
351 1
352 0
353 1
354 1
355 0
356 2
357 1
358 2
359 1
360 1
361 1
362 0
363 1
364 0
365 1
366 1
367 1
368 2
369 1
370 2
371 1
372 3
373 1
374 1
375 1
376 2
377 2
378 1
379 1
380 1
381 1
382 1
383 1
384 0
385 1
386 0
387 0
388 0
389 2
390 1
391 2
392 3
393 2
394 0
395 2
396 1
397 4
398 0
399 0
400 2
