#Res             RMSF
 476.000       2.5673
 477.000       1.2180
 478.000       0.8376
 479.000       0.8489
 480.000       0.5388
 481.000       0.5873
 482.000       0.8188
 483.000       0.8220
 484.000       0.5749
 485.000       0.5559
 486.000       0.4762
 487.000       0.4777
 488.000       0.4583
 489.000       0.3693
 490.000       0.3363
 491.000       0.4251
 492.000       0.4052
 493.000       0.3452
 494.000       0.3589
 495.000       0.3984
 496.000       0.4544
 497.000       0.4764
 498.000       0.3998
 499.000       0.4592
 500.000       0.4193
 501.000       0.3987
 502.000       0.4511
 503.000       0.5375
 504.000       0.5262
 505.000       0.4228
 506.000       0.4172
 507.000       0.5041
 508.000       0.4880
 509.000       0.3879
 510.000       0.4236
 511.000       0.4903
 512.000       0.4819
 513.000       0.4301
 514.000       0.4858
 515.000       0.5002
 516.000       0.4570
 517.000       0.4591
 518.000       0.4784
 519.000       0.4804
 520.000       0.3843
 521.000       0.3632
 522.000       0.4141
 523.000       0.3235
 524.000       0.3122
 525.000       0.3347
 526.000       0.3606
 527.000       0.3599
 528.000       0.3579
 529.000       0.4696
 530.000       0.5206
 531.000       0.5185
 532.000       0.5789
 533.000       0.4603
 534.000       0.6804
 535.000       0.4497
 536.000       0.3801
 537.000       0.4101
 538.000       0.3943
 539.000       0.3948
 540.000       0.3282
 541.000       0.3277
 542.000       0.3615
 543.000       0.3526
 544.000       0.3288
 545.000       0.3741
 546.000       0.4623
 547.000       0.6311
 548.000       0.7931
 549.000       0.9249
 550.000       0.6489
 551.000       0.5895
 552.000       0.5382
 553.000       0.5863
 554.000       0.7517
 555.000       0.5538
 556.000       1.1133
 557.000       2.2205
