#Res             RMSF
  98.000       1.2413
  99.000       0.8464
 100.000       0.9605
 101.000       0.9778
 102.000       0.5900
 103.000       0.5236
 104.000       0.4539
 105.000       0.4176
 106.000       0.4427
 107.000       0.3464
 108.000       0.3076
 109.000       0.3929
 110.000       0.4028
 111.000       0.3313
 112.000       0.3700
 113.000       0.3943
 114.000       0.4067
 115.000       0.4412
 116.000       0.3832
 117.000       0.4412
 118.000       0.3865
 119.000       0.3608
 120.000       0.3923
 121.000       0.4787
 122.000       0.4392
 123.000       0.3470
 124.000       0.3921
 125.000       0.5035
 126.000       0.4568
 127.000       0.3680
 128.000       0.4181
 129.000       0.5143
 130.000       0.4806
 131.000       0.4355
 132.000       0.4885
 133.000       0.5291
 134.000       0.5014
 135.000       0.4894
 136.000       0.4654
 137.000       0.4698
 138.000       0.3748
 139.000       0.3642
 140.000       0.3964
 141.000       0.3218
 142.000       0.3078
 143.000       0.3086
 144.000       0.3372
 145.000       0.3406
 146.000       0.3314
 147.000       0.4380
 148.000       0.4947
 149.000       0.5118
 150.000       0.5806
 151.000       0.4547
 152.000       0.6742
 153.000       0.4777
 154.000       0.3835
 155.000       0.4119
 156.000       0.4184
 157.000       0.4146
 158.000       0.3383
 159.000       0.3301
 160.000       0.3767
 161.000       0.3958
 162.000       0.3512
 163.000       0.4490
 164.000       0.5656
 165.000       0.4741
 166.000       0.5666
 167.000       0.9227
 168.000       0.5861
 169.000       0.5433
 170.000       0.4509
 171.000       0.4692
 172.000       0.5733
 173.000       0.8469
 174.000       1.6686
 175.000       2.7145
