#Res             RMSF
 558.000       1.1181
 559.000       0.6857
 560.000       0.5273
 561.000       0.4856
 562.000       0.6187
 563.000       0.6577
 564.000       0.5325
 565.000       0.5964
 566.000       0.4414
 567.000       0.4291
 568.000       0.3905
 569.000       0.4353
 570.000       0.3799
 571.000       0.4984
 572.000       0.4764
 573.000       0.4197
 574.000       0.3888
 575.000       0.4343
 576.000       0.4553
 577.000       0.4815
 578.000       0.6008
 579.000       0.8227
 580.000       0.8032
 581.000       1.0868
 582.000       0.5420
 583.000       0.6228
 584.000       0.7302
 585.000       0.5486
 586.000       0.5006
 587.000       0.5310
 588.000       0.6227
 589.000       0.4695
 590.000       0.3590
 591.000       0.3414
 592.000       0.3620
 593.000       0.3816
 594.000       0.3665
 595.000       0.3552
 596.000       0.3598
 597.000       0.3746
 598.000       0.3761
 599.000       0.3612
 600.000       0.3982
 601.000       0.4220
 602.000       0.4193
 603.000       0.4587
 604.000       0.5103
 605.000       0.4399
 606.000       0.4342
 607.000       0.4840
 608.000       0.4739
 609.000       0.4492
 610.000       0.4827
 611.000       0.5623
 612.000       0.5588
 613.000       0.5184
 614.000       0.6914
 615.000       0.8139
 616.000       0.8102
 617.000       0.8481
 618.000       0.6381
 619.000       0.6841
 620.000       0.5302
 621.000       0.4157
 622.000       0.4480
 623.000       0.4454
 624.000       0.4540
 625.000       0.4399
 626.000       0.4434
 627.000       0.4343
 628.000       0.4926
 629.000       0.5946
 630.000       0.6772
 631.000       0.8038
 632.000       0.9280
 633.000       0.7340
 634.000       0.7180
 635.000       0.6600
 636.000       0.6145
 637.000       0.6996
 638.000       0.7445
 639.000       0.6422
 640.000       0.5804
 641.000       0.7050
 642.000       0.6212
 643.000       0.5120
 644.000       0.4813
 645.000       0.5070
 646.000       0.5481
 647.000       0.5277
 648.000       0.5008
 649.000       0.5855
 650.000       0.5771
 651.000       0.6743
 652.000       0.7438
 653.000       0.7986
 654.000       0.8416
 655.000       0.8600
 656.000       0.9590
 657.000       0.9397
 658.000       0.8768
 659.000       1.0301
 660.000       1.3846
 661.000       2.1567
