#Res             RMSF
 377.000       3.4343
 378.000       2.5889
 379.000       1.8901
 380.000       1.1330
 381.000       0.6631
 382.000       0.6394
 383.000       0.5950
 384.000       0.5695
 385.000       0.5368
 386.000       0.5274
 387.000       0.4840
 388.000       0.5031
 389.000       0.5462
 390.000       0.4677
 391.000       0.4230
 392.000       0.5154
 393.000       0.4897
 394.000       0.4433
 395.000       0.4569
 396.000       0.5241
 397.000       0.5548
 398.000       0.5420
 399.000       0.5664
 400.000       0.4900
 401.000       0.4632
 402.000       0.4764
 403.000       0.6003
 404.000       0.5557
 405.000       0.6030
 406.000       0.6126
 407.000       0.4676
 408.000       0.4927
 409.000       0.5404
 410.000       0.4928
 411.000       0.4581
 412.000       0.5113
 413.000       0.5539
 414.000       0.5570
 415.000       0.5862
 416.000       0.7177
 417.000       1.0108
 418.000       0.9386
 419.000       0.8137
 420.000       0.7743
 421.000       0.9366
 422.000       0.6244
 423.000       0.5878
 424.000       0.5960
 425.000       0.6474
 426.000       0.6709
 427.000       0.5508
 428.000       0.4643
 429.000       0.4217
 430.000       0.4387
 431.000       0.4245
 432.000       0.3630
 433.000       0.3623
 434.000       0.3830
 435.000       0.3995
 436.000       0.3847
 437.000       0.3721
 438.000       0.4007
 439.000       0.4171
 440.000       0.3947
 441.000       0.3569
 442.000       0.4224
 443.000       0.3693
 444.000       0.3537
 445.000       0.4115
 446.000       0.3841
 447.000       0.3626
 448.000       0.3789
 449.000       0.4294
 450.000       0.4332
 451.000       0.4366
 452.000       0.4587
 453.000       0.5077
 454.000       0.5521
 455.000       0.5785
 456.000       0.4943
 457.000       0.5524
 458.000       0.4541
 459.000       0.4091
 460.000       0.5074
 461.000       0.5605
 462.000       0.5400
 463.000       0.4360
 464.000       0.4927
 465.000       0.5985
 466.000       0.5553
 467.000       0.5283
 468.000       0.5943
 469.000       0.6217
 470.000       0.6001
 471.000       0.7110
 472.000       1.1875
 473.000       2.1829
 474.000       2.9288
 475.000       4.3911
