#Res             RMSF
 377.000       3.0057
 378.000       2.4228
 379.000       1.6054
 380.000       1.0707
 381.000       0.5789
 382.000       0.6214
 383.000       0.5643
 384.000       0.5247
 385.000       0.4828
 386.000       0.4640
 387.000       0.4380
 388.000       0.4843
 389.000       0.4992
 390.000       0.4518
 391.000       0.4150
 392.000       0.4815
 393.000       0.4753
 394.000       0.4278
 395.000       0.4321
 396.000       0.4665
 397.000       0.5143
 398.000       0.5311
 399.000       0.5386
 400.000       0.4416
 401.000       0.4364
 402.000       0.4641
 403.000       0.5626
 404.000       0.5093
 405.000       0.5096
 406.000       0.5028
 407.000       0.4100
 408.000       0.4055
 409.000       0.4657
 410.000       0.4447
 411.000       0.3745
 412.000       0.4234
 413.000       0.4860
 414.000       0.4963
 415.000       0.4792
 416.000       0.5604
 417.000       0.7080
 418.000       0.6885
 419.000       0.6853
 420.000       0.6826
 421.000       0.7740
 422.000       0.5381
 423.000       0.5170
 424.000       0.5004
 425.000       0.5151
 426.000       0.5337
 427.000       0.4851
 428.000       0.3843
 429.000       0.3621
 430.000       0.4007
 431.000       0.3909
 432.000       0.3289
 433.000       0.3396
 434.000       0.3644
 435.000       0.3703
 436.000       0.3637
 437.000       0.3656
 438.000       0.3883
 439.000       0.3976
 440.000       0.3809
 441.000       0.3527
 442.000       0.4268
 443.000       0.3682
 444.000       0.3734
 445.000       0.4358
 446.000       0.3805
 447.000       0.3653
 448.000       0.3900
 449.000       0.4355
 450.000       0.4194
 451.000       0.4417
 452.000       0.4704
 453.000       0.5042
 454.000       0.5349
 455.000       0.5694
 456.000       0.4862
 457.000       0.5425
 458.000       0.4335
 459.000       0.4002
 460.000       0.4869
 461.000       0.5340
 462.000       0.4962
 463.000       0.4063
 464.000       0.4814
 465.000       0.5657
 466.000       0.5066
 467.000       0.4840
 468.000       0.5638
 469.000       0.5984
 470.000       0.5748
 471.000       0.6965
 472.000       1.2387
 473.000       1.7856
 474.000       1.2064
 475.000       1.0005
