#Res             RMSF
 662.000       1.2941
 663.000       1.0401
 664.000       0.7265
 665.000       0.5148
 666.000       0.4191
 667.000       0.4274
 668.000       0.4558
 669.000       0.4417
 670.000       0.4218
 671.000       0.4052
 672.000       0.4500
 673.000       0.4080
 674.000       0.4250
 675.000       0.5534
 676.000       0.6235
 677.000       0.5562
 678.000       0.5245
 679.000       0.6449
 680.000       0.7069
 681.000       0.5054
 682.000       0.5058
 683.000       0.4416
 684.000       0.5357
 685.000       0.6425
 686.000       0.6634
 687.000       0.4876
 688.000       0.4948
 689.000       0.5563
 690.000       0.4315
 691.000       0.3652
 692.000       0.4008
 693.000       0.4227
 694.000       0.3750
 695.000       0.3720
 696.000       0.4401
 697.000       0.4108
 698.000       0.4016
 699.000       0.3548
 700.000       0.4102
 701.000       0.3924
 702.000       0.3426
 703.000       0.4139
 704.000       0.4631
 705.000       0.3783
 706.000       0.3540
 707.000       0.4028
 708.000       0.3959
 709.000       0.3795
 710.000       0.4380
 711.000       0.5129
 712.000       0.5287
 713.000       0.5839
 714.000       0.6344
 715.000       0.6239
 716.000       0.6040
 717.000       0.5135
 718.000       0.4203
 719.000       0.4502
 720.000       0.4498
 721.000       0.4343
 722.000       0.3652
 723.000       0.3663
 724.000       0.3987
 725.000       0.3560
 726.000       0.3496
 727.000       0.3697
 728.000       0.4203
 729.000       0.4069
 730.000       0.4068
 731.000       0.4430
 732.000       0.5841
 733.000       0.7781
 734.000       0.7810
 735.000       0.5769
 736.000       0.4909
 737.000       0.5702
 738.000       0.5052
 739.000       0.4789
 740.000       0.4197
 741.000       0.4350
 742.000       0.4336
 743.000       0.4413
 744.000       0.4720
 745.000       0.4798
 746.000       0.4166
 747.000       0.4789
 748.000       0.5739
 749.000       0.5520
 750.000       0.5350
 751.000       0.7479
 752.000       1.8084
 753.000       2.8351
