#Res             RMSF
 662.000       1.3171
 663.000       0.9235
 664.000       0.6259
 665.000       0.4873
 666.000       0.4273
 667.000       0.4441
 668.000       0.4684
 669.000       0.4512
 670.000       0.4459
 671.000       0.4093
 672.000       0.4430
 673.000       0.4093
 674.000       0.4316
 675.000       0.5519
 676.000       0.6148
 677.000       0.5427
 678.000       0.5103
 679.000       0.6533
 680.000       0.7233
 681.000       0.4951
 682.000       0.5143
 683.000       0.4276
 684.000       0.5264
 685.000       0.6311
 686.000       0.6607
 687.000       0.4731
 688.000       0.4874
 689.000       0.5682
 690.000       0.4398
 691.000       0.3707
 692.000       0.4028
 693.000       0.4343
 694.000       0.3801
 695.000       0.3651
 696.000       0.4269
 697.000       0.3989
 698.000       0.3947
 699.000       0.3569
 700.000       0.4006
 701.000       0.3825
 702.000       0.3450
 703.000       0.4204
 704.000       0.4786
 705.000       0.3714
 706.000       0.3484
 707.000       0.3996
 708.000       0.3864
 709.000       0.3709
 710.000       0.4286
 711.000       0.4677
 712.000       0.5098
 713.000       0.5560
 714.000       0.6010
 715.000       0.6166
 716.000       0.6601
 717.000       0.5263
 718.000       0.4242
 719.000       0.4295
 720.000       0.4224
 721.000       0.4092
 722.000       0.3522
 723.000       0.3590
 724.000       0.3891
 725.000       0.3433
 726.000       0.3530
 727.000       0.3876
 728.000       0.4338
 729.000       0.4310
 730.000       0.4191
 731.000       0.4363
 732.000       0.5743
 733.000       0.8267
 734.000       0.8094
 735.000       0.5622
 736.000       0.4795
 737.000       0.5655
 738.000       0.4914
 739.000       0.4801
 740.000       0.4218
 741.000       0.4435
 742.000       0.4385
 743.000       0.4244
 744.000       0.4613
 745.000       0.4741
 746.000       0.4171
 747.000       0.4799
 748.000       0.5713
 749.000       0.5519
 750.000       0.5376
 751.000       0.7199
 752.000       1.8005
 753.000       2.1333
