#Res             RMSF
 662.000       1.2927
 663.000       1.0390
 664.000       0.7260
 665.000       0.5147
 666.000       0.4190
 667.000       0.4269
 668.000       0.4554
 669.000       0.4414
 670.000       0.4213
 671.000       0.4057
 672.000       0.4519
 673.000       0.4088
 674.000       0.4253
 675.000       0.5547
 676.000       0.6240
 677.000       0.5565
 678.000       0.5252
 679.000       0.6462
 680.000       0.7085
 681.000       0.5068
 682.000       0.5058
 683.000       0.4418
 684.000       0.5359
 685.000       0.6423
 686.000       0.6634
 687.000       0.4872
 688.000       0.4944
 689.000       0.5558
 690.000       0.4311
 691.000       0.3658
 692.000       0.4008
 693.000       0.4225
 694.000       0.3747
 695.000       0.3718
 696.000       0.4399
 697.000       0.4105
 698.000       0.4015
 699.000       0.3549
 700.000       0.4102
 701.000       0.3919
 702.000       0.3425
 703.000       0.4137
 704.000       0.4626
 705.000       0.3782
 706.000       0.3538
 707.000       0.4040
 708.000       0.3957
 709.000       0.3792
 710.000       0.4383
 711.000       0.5133
 712.000       0.5287
 713.000       0.5838
 714.000       0.6340
 715.000       0.6234
 716.000       0.6037
 717.000       0.5143
 718.000       0.4207
 719.000       0.4498
 720.000       0.4492
 721.000       0.4339
 722.000       0.3648
 723.000       0.3661
 724.000       0.3988
 725.000       0.3557
 726.000       0.3493
 727.000       0.3694
 728.000       0.4202
 729.000       0.4066
 730.000       0.4065
 731.000       0.4425
 732.000       0.5835
 733.000       0.7773
 734.000       0.7817
 735.000       0.5778
 736.000       0.4913
 737.000       0.5701
 738.000       0.5055
 739.000       0.4789
 740.000       0.4196
 741.000       0.4356
 742.000       0.4338
 743.000       0.4417
 744.000       0.4723
 745.000       0.4796
 746.000       0.4165
 747.000       0.4793
 748.000       0.5740
 749.000       0.5514
 750.000       0.5346
 751.000       0.7476
 752.000       1.8075
 753.000       2.8328
