#Res             RMSF
 476.000       2.9646
 477.000       1.1989
 478.000       0.8784
 479.000       0.9168
 480.000       0.5399
 481.000       0.5960
 482.000       0.8404
 483.000       0.8323
 484.000       0.5485
 485.000       0.5194
 486.000       0.4706
 487.000       0.4619
 488.000       0.4240
 489.000       0.3511
 490.000       0.3284
 491.000       0.4456
 492.000       0.4182
 493.000       0.3340
 494.000       0.3348
 495.000       0.3684
 496.000       0.4325
 497.000       0.4193
 498.000       0.3618
 499.000       0.4032
 500.000       0.4051
 501.000       0.3810
 502.000       0.4415
 503.000       0.5250
 504.000       0.5201
 505.000       0.4042
 506.000       0.3978
 507.000       0.4808
 508.000       0.4696
 509.000       0.3781
 510.000       0.4237
 511.000       0.4846
 512.000       0.4782
 513.000       0.4186
 514.000       0.4776
 515.000       0.5033
 516.000       0.4604
 517.000       0.4422
 518.000       0.4636
 519.000       0.4826
 520.000       0.3751
 521.000       0.3574
 522.000       0.4092
 523.000       0.3218
 524.000       0.3218
 525.000       0.3466
 526.000       0.3676
 527.000       0.3491
 528.000       0.3623
 529.000       0.4675
 530.000       0.5132
 531.000       0.5298
 532.000       0.6127
 533.000       0.4530
 534.000       0.6651
 535.000       0.4590
 536.000       0.4041
 537.000       0.4099
 538.000       0.3962
 539.000       0.3993
 540.000       0.3277
 541.000       0.3309
 542.000       0.3756
 543.000       0.3698
 544.000       0.3284
 545.000       0.3738
 546.000       0.4514
 547.000       0.5152
 548.000       0.8015
 549.000       0.9851
 550.000       0.6125
 551.000       0.5533
 552.000       0.4875
 553.000       0.5117
 554.000       0.6337
 555.000       0.5812
 556.000       1.0233
 557.000       2.2431
