#Res             RMSF
 281.000       2.9250
 282.000       2.0741
 283.000       1.9966
 284.000       1.1328
 285.000       1.1216
 286.000       1.1247
 287.000       0.6968
 288.000       0.5578
 289.000       0.6259
 290.000       0.6094
 291.000       0.5474
 292.000       0.5136
 293.000       0.5018
 294.000       0.5257
 295.000       0.4718
 296.000       0.4861
 297.000       0.6178
 298.000       0.6942
 299.000       0.6288
 300.000       0.6210
 301.000       0.7313
 302.000       0.8007
 303.000       0.6522
 304.000       0.6534
 305.000       0.5689
 306.000       0.5963
 307.000       0.6900
 308.000       0.7196
 309.000       0.5596
 310.000       0.5478
 311.000       0.6094
 312.000       0.5249
 313.000       0.4539
 314.000       0.4751
 315.000       0.4867
 316.000       0.4370
 317.000       0.4430
 318.000       0.5075
 319.000       0.4776
 320.000       0.4404
 321.000       0.4149
 322.000       0.4586
 323.000       0.4414
 324.000       0.3912
 325.000       0.4665
 326.000       0.5651
 327.000       0.4761
 328.000       0.4084
 329.000       0.6097
 330.000       0.6163
 331.000       0.5330
 332.000       0.5895
 333.000       0.6660
 334.000       0.6607
 335.000       0.7537
 336.000       0.8205
 337.000       0.7299
 338.000       0.7021
 339.000       0.5760
 340.000       0.4907
 341.000       0.5044
 342.000       0.5102
 343.000       0.5006
 344.000       0.4355
 345.000       0.4108
 346.000       0.4399
 347.000       0.4171
 348.000       0.3901
 349.000       0.4228
 350.000       0.5014
 351.000       0.5043
 352.000       0.4947
 353.000       0.4944
 354.000       0.6633
 355.000       0.8406
 356.000       0.8992
 357.000       0.6142
 358.000       0.5190
 359.000       0.6442
 360.000       0.5459
 361.000       0.4603
 362.000       0.4509
 363.000       0.4999
 364.000       0.4824
 365.000       0.4732
 366.000       0.5324
 367.000       0.5597
 368.000       0.5085
 369.000       0.5755
 370.000       0.6721
 371.000       0.6824
 372.000       0.6612
 373.000       0.8530
 374.000       1.9074
 375.000       3.4137
 376.000       5.0672
