#Res             RMSF
 558.000       1.7080
 559.000       1.0909
 560.000       0.6316
 561.000       0.5370
 562.000       0.7114
 563.000       0.7559
 564.000       0.5824
 565.000       0.6608
 566.000       0.4841
 567.000       0.4999
 568.000       0.4124
 569.000       0.4936
 570.000       0.4520
 571.000       0.5522
 572.000       0.4709
 573.000       0.3826
 574.000       0.3967
 575.000       0.4697
 576.000       0.4921
 577.000       0.4960
 578.000       0.5945
 579.000       0.7243
 580.000       0.6530
 581.000       0.6755
 582.000       0.5561
 583.000       0.5841
 584.000       0.6525
 585.000       0.5705
 586.000       0.5235
 587.000       0.5570
 588.000       0.6687
 589.000       0.4933
 590.000       0.3835
 591.000       0.3475
 592.000       0.3711
 593.000       0.3921
 594.000       0.3658
 595.000       0.3788
 596.000       0.3829
 597.000       0.3919
 598.000       0.4002
 599.000       0.3720
 600.000       0.4062
 601.000       0.4226
 602.000       0.3906
 603.000       0.4292
 604.000       0.4900
 605.000       0.4448
 606.000       0.4261
 607.000       0.4835
 608.000       0.4681
 609.000       0.4290
 610.000       0.4586
 611.000       0.5500
 612.000       0.5574
 613.000       0.5153
 614.000       0.6424
 615.000       0.7565
 616.000       0.7797
 617.000       0.8423
 618.000       0.6481
 619.000       0.6699
 620.000       0.5214
 621.000       0.3848
 622.000       0.4141
 623.000       0.4240
 624.000       0.4404
 625.000       0.4191
 626.000       0.4651
 627.000       0.5246
 628.000       0.5604
 629.000       0.5593
 630.000       0.6746
 631.000       0.8941
 632.000       0.9674
 633.000       0.7586
 634.000       0.7574
 635.000       0.6670
 636.000       0.6554
 637.000       0.7645
 638.000       0.7130
 639.000       0.6658
 640.000       0.6678
 641.000       1.3996
 642.000       1.1818
 643.000       0.6027
 644.000       0.4872
 645.000       0.4695
 646.000       0.4868
 647.000       0.4671
 648.000       0.5036
 649.000       0.6298
 650.000       0.6553
 651.000       0.7756
 652.000       0.7526
 653.000       0.8276
 654.000       0.8288
 655.000       0.8287
 656.000       0.8908
 657.000       0.8891
 658.000       0.8417
 659.000       0.9530
 660.000       1.3787
 661.000       2.0998
