#Res             RMSF
 176.000       2.0481
 177.000       1.4119
 178.000       0.8493
 179.000       0.7257
 180.000       0.5563
 181.000       0.6716
 182.000       0.6890
 183.000       0.5551
 184.000       0.5655
 185.000       0.4323
 186.000       0.5017
 187.000       0.4195
 188.000       0.4505
 189.000       0.4019
 190.000       0.5009
 191.000       0.4832
 192.000       0.4087
 193.000       0.3968
 194.000       0.4748
 195.000       0.5255
 196.000       0.5356
 197.000       0.7092
 198.000       0.8236
 199.000       0.7977
 200.000       0.9517
 201.000       0.7498
 202.000       0.7306
 203.000       0.8102
 204.000       0.5698
 205.000       0.5228
 206.000       0.5960
 207.000       0.7026
 208.000       0.5135
 209.000       0.4001
 210.000       0.3999
 211.000       0.3855
 212.000       0.3837
 213.000       0.3759
 214.000       0.3612
 215.000       0.4025
 216.000       0.4235
 217.000       0.4134
 218.000       0.3748
 219.000       0.4015
 220.000       0.4229
 221.000       0.4297
 222.000       0.4481
 223.000       0.4701
 224.000       0.4503
 225.000       0.4399
 226.000       0.5063
 227.000       0.4698
 228.000       0.4302
 229.000       0.4808
 230.000       0.5337
 231.000       0.5112
 232.000       0.4941
 233.000       0.6359
 234.000       0.7391
 235.000       0.7118
 236.000       0.7366
 237.000       0.5930
 238.000       0.6126
 239.000       0.4997
 240.000       0.4364
 241.000       0.4765
 242.000       0.4823
 243.000       0.4349
 244.000       0.3978
 245.000       0.4446
 246.000       0.5117
 247.000       0.5237
 248.000       0.5445
 249.000       0.8278
 250.000       1.3313
 251.000       1.3316
 252.000       0.9018
 253.000       0.9081
 254.000       0.7187
 255.000       0.7287
 256.000       0.9128
 257.000       0.8698
 258.000       0.7712
 259.000       0.7694
 260.000       1.3241
 261.000       0.9027
 262.000       0.6246
 263.000       0.9146
 264.000       1.2112
 265.000       1.0574
 266.000       0.6557
 267.000       0.6308
 268.000       0.6005
 269.000       0.6489
 270.000       0.6263
 271.000       0.6907
 272.000       0.8057
 273.000       0.7717
 274.000       0.8289
 275.000       0.9146
 276.000       0.8687
 277.000       0.7410
 278.000       0.9101
 279.000       1.2204
 280.000       1.9425
