#Res             RMSF
 662.000       1.2037
 663.000       1.1061
 664.000       0.7538
 665.000       0.5026
 666.000       0.3989
 667.000       0.4034
 668.000       0.4374
 669.000       0.4271
 670.000       0.3899
 671.000       0.3928
 672.000       0.4515
 673.000       0.4016
 674.000       0.4066
 675.000       0.5391
 676.000       0.6158
 677.000       0.5612
 678.000       0.5265
 679.000       0.6228
 680.000       0.6828
 681.000       0.5004
 682.000       0.4802
 683.000       0.4264
 684.000       0.4862
 685.000       0.5803
 686.000       0.6077
 687.000       0.4632
 688.000       0.4618
 689.000       0.5034
 690.000       0.3985
 691.000       0.3556
 692.000       0.3865
 693.000       0.3888
 694.000       0.3620
 695.000       0.3729
 696.000       0.4425
 697.000       0.4088
 698.000       0.4030
 699.000       0.3482
 700.000       0.4073
 701.000       0.3971
 702.000       0.3369
 703.000       0.3940
 704.000       0.4407
 705.000       0.3709
 706.000       0.3552
 707.000       0.4013
 708.000       0.4025
 709.000       0.3875
 710.000       0.4471
 711.000       0.5466
 712.000       0.5370
 713.000       0.5990
 714.000       0.6571
 715.000       0.6282
 716.000       0.5416
 717.000       0.4959
 718.000       0.4086
 719.000       0.4619
 720.000       0.4687
 721.000       0.4540
 722.000       0.3761
 723.000       0.3723
 724.000       0.4042
 725.000       0.3649
 726.000       0.3422
 727.000       0.3464
 728.000       0.4011
 729.000       0.3758
 730.000       0.3900
 731.000       0.4471
 732.000       0.5916
 733.000       0.7202
 734.000       0.7430
 735.000       0.5881
 736.000       0.4988
 737.000       0.5702
 738.000       0.5136
 739.000       0.4732
 740.000       0.4144
 741.000       0.4205
 742.000       0.4248
 743.000       0.4531
 744.000       0.4779
 745.000       0.4723
 746.000       0.4129
 747.000       0.4681
 748.000       0.5520
 749.000       0.5276
 750.000       0.5150
 751.000       0.7465
 752.000       1.7052
 753.000       3.0831
