#Res             RMSF
 558.000       1.5330
 559.000       0.9509
 560.000       0.6005
 561.000       0.5243
 562.000       0.6800
 563.000       0.7282
 564.000       0.5683
 565.000       0.6419
 566.000       0.4679
 567.000       0.4713
 568.000       0.4064
 569.000       0.4737
 570.000       0.4331
 571.000       0.5409
 572.000       0.4784
 573.000       0.4043
 574.000       0.4017
 575.000       0.4579
 576.000       0.4791
 577.000       0.5050
 578.000       0.6211
 579.000       0.7997
 580.000       0.7372
 581.000       0.9326
 582.000       0.5593
 583.000       0.6140
 584.000       0.7072
 585.000       0.5708
 586.000       0.5229
 587.000       0.5546
 588.000       0.6602
 589.000       0.4913
 590.000       0.3759
 591.000       0.3491
 592.000       0.3718
 593.000       0.3936
 594.000       0.3713
 595.000       0.3685
 596.000       0.3745
 597.000       0.3881
 598.000       0.3919
 599.000       0.3695
 600.000       0.4054
 601.000       0.4284
 602.000       0.4099
 603.000       0.4496
 604.000       0.5036
 605.000       0.4440
 606.000       0.4312
 607.000       0.4883
 608.000       0.4786
 609.000       0.4413
 610.000       0.4812
 611.000       0.5693
 612.000       0.5675
 613.000       0.5256
 614.000       0.6890
 615.000       0.8057
 616.000       0.8031
 617.000       0.8611
 618.000       0.6599
 619.000       0.7091
 620.000       0.5299
 621.000       0.3988
 622.000       0.4311
 623.000       0.4382
 624.000       0.4495
 625.000       0.4276
 626.000       0.4547
 627.000       0.4842
 628.000       0.5316
 629.000       0.5867
 630.000       0.6810
 631.000       0.8866
 632.000       1.0026
 633.000       0.7872
 634.000       0.7527
 635.000       0.6855
 636.000       0.6592
 637.000       0.7545
 638.000       0.7642
 639.000       0.6770
 640.000       0.6712
 641.000       1.2783
 642.000       1.1031
 643.000       0.6067
 644.000       0.5071
 645.000       0.4958
 646.000       0.5225
 647.000       0.5039
 648.000       0.5060
 649.000       0.6490
 650.000       0.6981
 651.000       0.7836
 652.000       0.8180
 653.000       0.8476
 654.000       0.8831
 655.000       0.8817
 656.000       0.9526
 657.000       0.9359
 658.000       0.8828
 659.000       1.0147
 660.000       1.3997
 661.000       2.1328
