#Res             RMSF
 377.000       3.4339
 378.000       2.5920
 379.000       1.8916
 380.000       1.1333
 381.000       0.6637
 382.000       0.6398
 383.000       0.5947
 384.000       0.5700
 385.000       0.5373
 386.000       0.5278
 387.000       0.4839
 388.000       0.5036
 389.000       0.5465
 390.000       0.4680
 391.000       0.4235
 392.000       0.5158
 393.000       0.4903
 394.000       0.4438
 395.000       0.4574
 396.000       0.5243
 397.000       0.5547
 398.000       0.5421
 399.000       0.5660
 400.000       0.4901
 401.000       0.4637
 402.000       0.4768
 403.000       0.6009
 404.000       0.5562
 405.000       0.6035
 406.000       0.6132
 407.000       0.4676
 408.000       0.4924
 409.000       0.5409
 410.000       0.4931
 411.000       0.4581
 412.000       0.5118
 413.000       0.5544
 414.000       0.5569
 415.000       0.5867
 416.000       0.7183
 417.000       1.0117
 418.000       0.9393
 419.000       0.8144
 420.000       0.7750
 421.000       0.9375
 422.000       0.6250
 423.000       0.5885
 424.000       0.5967
 425.000       0.6479
 426.000       0.6708
 427.000       0.5508
 428.000       0.4643
 429.000       0.4214
 430.000       0.4389
 431.000       0.4247
 432.000       0.3632
 433.000       0.3626
 434.000       0.3832
 435.000       0.3993
 436.000       0.3850
 437.000       0.3725
 438.000       0.4011
 439.000       0.4175
 440.000       0.3952
 441.000       0.3573
 442.000       0.4230
 443.000       0.3696
 444.000       0.3540
 445.000       0.4120
 446.000       0.3845
 447.000       0.3630
 448.000       0.3792
 449.000       0.4298
 450.000       0.4336
 451.000       0.4371
 452.000       0.4589
 453.000       0.5080
 454.000       0.5527
 455.000       0.5792
 456.000       0.4948
 457.000       0.5521
 458.000       0.4546
 459.000       0.4094
 460.000       0.5078
 461.000       0.5610
 462.000       0.5404
 463.000       0.4364
 464.000       0.4927
 465.000       0.5990
 466.000       0.5556
 467.000       0.5283
 468.000       0.5947
 469.000       0.6217
 470.000       0.5995
 471.000       0.7103
 472.000       1.1820
 473.000       2.1837
 474.000       2.9317
 475.000       4.3934
