#Res             RMSF
 281.000       3.6803
 282.000       2.6380
 283.000       2.5767
 284.000       1.2599
 285.000       1.0640
 286.000       1.0487
 287.000       0.7915
 288.000       0.6181
 289.000       0.7197
 290.000       0.6759
 291.000       0.6275
 292.000       0.5907
 293.000       0.5491
 294.000       0.5640
 295.000       0.5022
 296.000       0.5157
 297.000       0.6440
 298.000       0.7214
 299.000       0.6379
 300.000       0.6351
 301.000       0.7541
 302.000       0.8043
 303.000       0.6934
 304.000       0.7127
 305.000       0.6316
 306.000       0.6549
 307.000       0.7170
 308.000       0.7557
 309.000       0.6204
 310.000       0.6043
 311.000       0.6773
 312.000       0.5958
 313.000       0.5106
 314.000       0.5352
 315.000       0.5494
 316.000       0.4598
 317.000       0.4502
 318.000       0.5316
 319.000       0.4760
 320.000       0.4623
 321.000       0.4372
 322.000       0.4800
 323.000       0.4574
 324.000       0.3950
 325.000       0.4873
 326.000       0.5710
 327.000       0.4756
 328.000       0.4128
 329.000       0.5749
 330.000       0.5973
 331.000       0.5062
 332.000       0.5520
 333.000       0.6433
 334.000       0.6800
 335.000       0.7295
 336.000       0.8083
 337.000       0.7259
 338.000       0.7779
 339.000       0.6369
 340.000       0.5273
 341.000       0.5385
 342.000       0.5329
 343.000       0.5353
 344.000       0.4493
 345.000       0.4354
 346.000       0.4755
 347.000       0.4329
 348.000       0.3935
 349.000       0.4332
 350.000       0.4824
 351.000       0.4970
 352.000       0.4890
 353.000       0.4924
 354.000       0.6705
 355.000       0.8380
 356.000       0.8751
 357.000       0.6117
 358.000       0.5039
 359.000       0.6092
 360.000       0.5141
 361.000       0.4465
 362.000       0.4558
 363.000       0.5052
 364.000       0.4864
 365.000       0.4940
 366.000       0.5631
 367.000       0.5916
 368.000       0.5402
 369.000       0.6204
 370.000       0.7158
 371.000       0.6992
 372.000       0.6926
 373.000       0.8779
 374.000       1.9055
 375.000       3.4645
 376.000       5.5180
