#Res             RMSF
   1.000       2.6816
   2.000       1.5339
   3.000       1.0003
   4.000       0.7852
   5.000       0.7379
   6.000       0.5669
   7.000       0.7481
   8.000       0.6394
   9.000       0.5414
  10.000       0.4692
  11.000       0.4750
  12.000       0.5127
  13.000       0.4565
  14.000       0.3843
  15.000       0.4747
  16.000       0.5035
  17.000       0.4758
  18.000       0.4597
  19.000       0.5274
  20.000       0.5810
  21.000       0.6068
  22.000       0.5974
  23.000       0.5023
  24.000       0.4437
  25.000       0.4405
  26.000       0.4555
  27.000       0.4498
  28.000       0.4608
  29.000       0.4392
  30.000       0.3990
  31.000       0.4248
  32.000       0.4540
  33.000       0.4295
  34.000       0.3733
  35.000       0.4146
  36.000       0.4899
  37.000       0.4509
  38.000       0.4560
  39.000       0.5477
  40.000       0.7289
  41.000       0.6775
  42.000       0.6346
  43.000       0.7267
  44.000       0.9186
  45.000       0.5751
  46.000       0.5422
  47.000       0.5443
  48.000       0.5991
  49.000       0.6035
  50.000       0.5339
  51.000       0.4347
  52.000       0.3766
  53.000       0.3990
  54.000       0.3886
  55.000       0.3446
  56.000       0.3398
  57.000       0.3784
  58.000       0.4034
  59.000       0.3882
  60.000       0.3614
  61.000       0.4276
  62.000       0.4594
  63.000       0.3998
  64.000       0.3747
  65.000       0.4500
  66.000       0.3785
  67.000       0.3455
  68.000       0.4090
  69.000       0.3807
  70.000       0.3595
  71.000       0.3507
  72.000       0.3966
  73.000       0.3821
  74.000       0.3866
  75.000       0.4347
  76.000       0.4894
  77.000       0.5518
  78.000       0.5659
  79.000       0.4622
  80.000       0.5250
  81.000       0.3873
  82.000       0.3634
  83.000       0.4433
  84.000       0.4717
  85.000       0.4680
  86.000       0.3937
  87.000       0.4786
  88.000       0.5794
  89.000       0.4981
  90.000       0.4581
  91.000       0.5436
  92.000       0.5863
  93.000       0.6075
  94.000       0.6479
  95.000       0.9522
  96.000       2.2374
  97.000       3.8271
