#Res             RMSF
 176.000       1.7986
 177.000       1.2460
 178.000       0.7520
 179.000       0.6481
 180.000       0.5330
 181.000       0.6769
 182.000       0.6844
 183.000       0.5477
 184.000       0.5663
 185.000       0.4305
 186.000       0.4966
 187.000       0.4157
 188.000       0.4652
 189.000       0.4117
 190.000       0.5031
 191.000       0.4754
 192.000       0.4043
 193.000       0.3995
 194.000       0.4857
 195.000       0.5336
 196.000       0.5547
 197.000       0.6940
 198.000       0.8170
 199.000       0.7764
 200.000       0.8917
 201.000       0.8508
 202.000       0.7736
 203.000       0.7933
 204.000       0.6182
 205.000       0.5541
 206.000       0.5747
 207.000       0.6705
 208.000       0.5313
 209.000       0.4141
 210.000       0.3884
 211.000       0.3830
 212.000       0.3877
 213.000       0.3804
 214.000       0.3668
 215.000       0.3985
 216.000       0.4145
 217.000       0.4063
 218.000       0.3740
 219.000       0.3973
 220.000       0.4231
 221.000       0.4210
 222.000       0.4522
 223.000       0.4963
 224.000       0.4563
 225.000       0.4483
 226.000       0.5114
 227.000       0.4807
 228.000       0.4462
 229.000       0.4854
 230.000       0.5288
 231.000       0.5308
 232.000       0.5046
 233.000       0.6575
 234.000       0.7704
 235.000       0.7369
 236.000       0.7853
 237.000       0.6179
 238.000       0.6408
 239.000       0.5053
 240.000       0.4215
 241.000       0.4587
 242.000       0.4640
 243.000       0.4274
 244.000       0.4055
 245.000       0.4423
 246.000       0.4996
 247.000       0.5328
 248.000       0.5655
 249.000       0.8337
 250.000       1.2743
 251.000       1.3103
 252.000       1.0596
 253.000       1.1076
 254.000       0.8718
 255.000       0.8374
 256.000       1.0596
 257.000       0.9842
 258.000       0.8231
 259.000       0.8546
 260.000       1.5001
 261.000       1.0297
 262.000       0.6583
 263.000       0.9114
 264.000       1.1363
 265.000       1.0951
 266.000       0.6583
 267.000       0.7208
 268.000       0.6434
 269.000       0.6827
 270.000       0.6575
 271.000       0.7206
 272.000       0.8424
 273.000       0.8451
 274.000       0.8728
 275.000       0.9674
 276.000       0.9246
 277.000       0.8144
 278.000       0.9465
 279.000       1.2730
 280.000       1.9563
