#Res             RMSF
  98.000       1.1945
  99.000       0.8280
 100.000       0.9211
 101.000       0.9440
 102.000       0.5806
 103.000       0.5606
 104.000       0.4504
 105.000       0.4769
 106.000       0.4979
 107.000       0.3692
 108.000       0.3146
 109.000       0.4035
 110.000       0.4289
 111.000       0.3588
 112.000       0.3972
 113.000       0.4321
 114.000       0.4435
 115.000       0.4629
 116.000       0.3997
 117.000       0.4592
 118.000       0.4182
 119.000       0.3941
 120.000       0.4331
 121.000       0.5056
 122.000       0.4773
 123.000       0.3999
 124.000       0.3958
 125.000       0.4827
 126.000       0.4471
 127.000       0.3761
 128.000       0.4057
 129.000       0.4900
 130.000       0.4925
 131.000       0.4509
 132.000       0.4803
 133.000       0.5262
 134.000       0.4992
 135.000       0.4824
 136.000       0.4743
 137.000       0.4749
 138.000       0.3670
 139.000       0.3595
 140.000       0.3973
 141.000       0.3196
 142.000       0.3058
 143.000       0.3108
 144.000       0.3528
 145.000       0.3482
 146.000       0.3335
 147.000       0.4478
 148.000       0.5174
 149.000       0.5297
 150.000       0.5758
 151.000       0.4968
 152.000       0.6518
 153.000       0.4738
 154.000       0.3793
 155.000       0.3997
 156.000       0.4066
 157.000       0.4126
 158.000       0.3403
 159.000       0.3465
 160.000       0.3891
 161.000       0.4007
 162.000       0.3490
 163.000       0.4803
 164.000       0.6168
 165.000       0.5211
 166.000       0.6054
 167.000       0.8963
 168.000       0.5574
 169.000       0.5451
 170.000       0.4602
 171.000       0.4966
 172.000       0.6147
 173.000       0.7427
 174.000       1.4501
 175.000       2.5919
