#Res             RMSF
  98.000       1.0846
  99.000       0.7391
 100.000       0.8161
 101.000       0.8439
 102.000       0.5440
 103.000       0.5698
 104.000       0.4310
 105.000       0.5003
 106.000       0.5217
 107.000       0.3825
 108.000       0.3189
 109.000       0.4087
 110.000       0.4296
 111.000       0.3622
 112.000       0.4031
 113.000       0.4358
 114.000       0.4406
 115.000       0.4455
 116.000       0.3823
 117.000       0.4421
 118.000       0.4039
 119.000       0.3971
 120.000       0.4418
 121.000       0.5129
 122.000       0.5000
 123.000       0.4331
 124.000       0.3993
 125.000       0.4579
 126.000       0.4373
 127.000       0.3684
 128.000       0.3730
 129.000       0.4550
 130.000       0.4940
 131.000       0.4547
 132.000       0.4583
 133.000       0.5192
 134.000       0.4926
 135.000       0.4553
 136.000       0.4613
 137.000       0.4768
 138.000       0.3550
 139.000       0.3399
 140.000       0.3866
 141.000       0.3126
 142.000       0.3008
 143.000       0.3039
 144.000       0.3574
 145.000       0.3455
 146.000       0.3261
 147.000       0.4316
 148.000       0.4988
 149.000       0.5170
 150.000       0.5425
 151.000       0.5270
 152.000       0.5890
 153.000       0.4415
 154.000       0.3634
 155.000       0.3833
 156.000       0.3775
 157.000       0.3892
 158.000       0.3370
 159.000       0.3479
 160.000       0.3741
 161.000       0.3864
 162.000       0.3432
 163.000       0.4934
 164.000       0.6457
 165.000       0.5647
 166.000       0.6380
 167.000       0.8679
 168.000       0.5192
 169.000       0.5248
 170.000       0.4418
 171.000       0.4653
 172.000       0.5807
 173.000       0.5611
 174.000       1.0642
 175.000       2.3915
