#Res             RMSF
 281.000       1.1031
 282.000       1.0134
 283.000       1.0733
 284.000       0.9510
 285.000       1.0150
 286.000       0.9019
 287.000       0.5453
 288.000       0.4558
 289.000       0.4753
 290.000       0.4621
 291.000       0.4237
 292.000       0.4034
 293.000       0.4085
 294.000       0.4615
 295.000       0.4347
 296.000       0.4385
 297.000       0.5804
 298.000       0.6604
 299.000       0.6041
 300.000       0.5869
 301.000       0.6869
 302.000       0.7752
 303.000       0.5834
 304.000       0.5661
 305.000       0.4720
 306.000       0.5117
 307.000       0.6397
 308.000       0.6730
 309.000       0.4837
 310.000       0.4657
 311.000       0.5198
 312.000       0.4349
 313.000       0.3729
 314.000       0.3921
 315.000       0.4115
 316.000       0.3868
 317.000       0.3758
 318.000       0.4103
 319.000       0.4060
 320.000       0.4052
 321.000       0.3558
 322.000       0.4069
 323.000       0.3828
 324.000       0.3613
 325.000       0.4318
 326.000       0.5216
 327.000       0.4217
 328.000       0.3942
 329.000       0.5426
 330.000       0.5514
 331.000       0.5279
 332.000       0.5460
 333.000       0.5675
 334.000       0.5858
 335.000       0.6846
 336.000       0.7038
 337.000       0.6873
 338.000       0.6238
 339.000       0.5152
 340.000       0.4389
 341.000       0.4485
 342.000       0.4708
 343.000       0.4611
 344.000       0.3908
 345.000       0.3687
 346.000       0.3993
 347.000       0.3830
 348.000       0.3592
 349.000       0.3953
 350.000       0.4657
 351.000       0.4726
 352.000       0.4626
 353.000       0.4703
 354.000       0.6304
 355.000       0.8286
 356.000       0.8957
 357.000       0.6025
 358.000       0.5142
 359.000       0.6661
 360.000       0.5568
 361.000       0.4571
 362.000       0.4355
 363.000       0.4918
 364.000       0.4671
 365.000       0.4360
 366.000       0.4946
 367.000       0.5060
 368.000       0.4430
 369.000       0.4949
 370.000       0.5980
 371.000       0.5999
 372.000       0.5499
 373.000       0.7579
 374.000       1.7732
 375.000       3.2150
 376.000       4.4277
