#Res             RMSF
   1.000       2.5349
   2.000       1.6043
   3.000       0.8851
   4.000       0.5832
   5.000       0.5460
   6.000       0.5334
   7.000       0.5343
   8.000       0.5237
   9.000       0.4937
  10.000       0.4751
  11.000       0.5008
  12.000       0.5076
  13.000       0.4500
  14.000       0.3880
  15.000       0.4660
  16.000       0.4952
  17.000       0.4475
  18.000       0.4559
  19.000       0.5762
  20.000       0.5906
  21.000       0.5987
  22.000       0.5900
  23.000       0.4698
  24.000       0.4294
  25.000       0.4212
  26.000       0.4617
  27.000       0.4711
  28.000       0.5075
  29.000       0.4785
  30.000       0.4083
  31.000       0.4448
  32.000       0.4790
  33.000       0.4540
  34.000       0.3656
  35.000       0.4457
  36.000       0.5045
  37.000       0.4744
  38.000       0.4682
  39.000       0.5643
  40.000       0.7680
  41.000       0.6960
  42.000       0.6789
  43.000       0.7515
  44.000       0.8969
  45.000       0.6079
  46.000       0.6299
  47.000       0.5571
  48.000       0.5649
  49.000       0.6607
  50.000       0.5552
  51.000       0.4426
  52.000       0.3894
  53.000       0.4287
  54.000       0.4715
  55.000       0.4146
  56.000       0.3434
  57.000       0.3870
  58.000       0.4174
  59.000       0.3911
  60.000       0.3624
  61.000       0.4065
  62.000       0.4289
  63.000       0.4038
  64.000       0.3753
  65.000       0.4458
  66.000       0.3753
  67.000       0.3411
  68.000       0.3850
  69.000       0.3750
  70.000       0.3445
  71.000       0.3643
  72.000       0.4140
  73.000       0.3984
  74.000       0.3881
  75.000       0.4343
  76.000       0.4904
  77.000       0.5487
  78.000       0.5717
  79.000       0.4622
  80.000       0.5059
  81.000       0.3927
  82.000       0.3375
  83.000       0.4168
  84.000       0.4685
  85.000       0.4860
  86.000       0.3876
  87.000       0.4485
  88.000       0.5125
  89.000       0.4560
  90.000       0.4749
  91.000       0.5237
  92.000       0.4968
  93.000       0.5345
  94.000       0.6063
  95.000       0.8651
  96.000       2.2952
  97.000       3.0446
