#Res             RMSF
 377.000       2.3471
 378.000       1.8783
 379.000       1.3935
 380.000       0.8984
 381.000       0.5528
 382.000       0.5462
 383.000       0.5264
 384.000       0.5416
 385.000       0.4954
 386.000       0.4838
 387.000       0.4523
 388.000       0.4585
 389.000       0.5004
 390.000       0.4378
 391.000       0.3912
 392.000       0.4712
 393.000       0.4571
 394.000       0.4190
 395.000       0.4114
 396.000       0.4852
 397.000       0.5261
 398.000       0.4873
 399.000       0.5214
 400.000       0.4571
 401.000       0.4305
 402.000       0.4682
 403.000       0.5964
 404.000       0.5560
 405.000       0.6060
 406.000       0.6421
 407.000       0.4741
 408.000       0.4904
 409.000       0.5319
 410.000       0.4776
 411.000       0.4577
 412.000       0.4986
 413.000       0.5279
 414.000       0.5327
 415.000       0.5680
 416.000       0.7023
 417.000       1.0721
 418.000       0.9992
 419.000       0.8311
 420.000       0.7793
 421.000       1.0284
 422.000       0.6176
 423.000       0.5460
 424.000       0.5595
 425.000       0.5843
 426.000       0.6798
 427.000       0.4936
 428.000       0.4227
 429.000       0.3912
 430.000       0.4191
 431.000       0.4018
 432.000       0.3449
 433.000       0.3576
 434.000       0.3717
 435.000       0.4002
 436.000       0.3950
 437.000       0.3742
 438.000       0.3919
 439.000       0.4064
 440.000       0.3887
 441.000       0.3532
 442.000       0.4082
 443.000       0.3555
 444.000       0.3245
 445.000       0.3811
 446.000       0.3707
 447.000       0.3427
 448.000       0.3512
 449.000       0.4055
 450.000       0.4116
 451.000       0.3921
 452.000       0.4085
 453.000       0.4643
 454.000       0.5132
 455.000       0.5402
 456.000       0.4432
 457.000       0.5096
 458.000       0.4016
 459.000       0.3615
 460.000       0.4509
 461.000       0.5159
 462.000       0.4819
 463.000       0.3894
 464.000       0.4552
 465.000       0.5447
 466.000       0.5052
 467.000       0.4927
 468.000       0.5862
 469.000       0.5807
 470.000       0.5338
 471.000       0.6140
 472.000       1.0772
 473.000       1.6568
 474.000       2.8542
 475.000       4.7947
