#Res             RMSF
 476.000       2.5689
 477.000       1.2191
 478.000       0.8385
 479.000       0.8491
 480.000       0.5387
 481.000       0.5872
 482.000       0.8197
 483.000       0.8228
 484.000       0.5741
 485.000       0.5551
 486.000       0.4763
 487.000       0.4777
 488.000       0.4569
 489.000       0.3689
 490.000       0.3364
 491.000       0.4245
 492.000       0.4053
 493.000       0.3450
 494.000       0.3582
 495.000       0.3981
 496.000       0.4544
 497.000       0.4761
 498.000       0.4000
 499.000       0.4597
 500.000       0.4197
 501.000       0.3989
 502.000       0.4515
 503.000       0.5378
 504.000       0.5266
 505.000       0.4231
 506.000       0.4175
 507.000       0.5044
 508.000       0.4883
 509.000       0.3879
 510.000       0.4240
 511.000       0.4909
 512.000       0.4823
 513.000       0.4305
 514.000       0.4861
 515.000       0.5003
 516.000       0.4574
 517.000       0.4593
 518.000       0.4783
 519.000       0.4809
 520.000       0.3845
 521.000       0.3634
 522.000       0.4143
 523.000       0.3236
 524.000       0.3123
 525.000       0.3351
 526.000       0.3610
 527.000       0.3601
 528.000       0.3578
 529.000       0.4697
 530.000       0.5211
 531.000       0.5185
 532.000       0.5788
 533.000       0.4603
 534.000       0.6807
 535.000       0.4493
 536.000       0.3805
 537.000       0.4099
 538.000       0.3934
 539.000       0.3937
 540.000       0.3282
 541.000       0.3279
 542.000       0.3598
 543.000       0.3520
 544.000       0.3288
 545.000       0.3740
 546.000       0.4614
 547.000       0.6307
 548.000       0.7935
 549.000       0.9256
 550.000       0.6493
 551.000       0.5883
 552.000       0.5384
 553.000       0.5867
 554.000       0.7524
 555.000       0.5542
 556.000       1.1106
 557.000       2.2059
