#Res             RMSF
 281.000       2.9254
 282.000       2.0743
 283.000       1.9990
 284.000       1.1330
 285.000       1.1214
 286.000       1.1254
 287.000       0.6973
 288.000       0.5574
 289.000       0.6253
 290.000       0.6099
 291.000       0.5485
 292.000       0.5136
 293.000       0.5037
 294.000       0.5256
 295.000       0.4717
 296.000       0.4878
 297.000       0.6213
 298.000       0.6998
 299.000       0.6295
 300.000       0.6204
 301.000       0.7317
 302.000       0.8004
 303.000       0.6516
 304.000       0.6529
 305.000       0.5684
 306.000       0.5959
 307.000       0.6895
 308.000       0.7190
 309.000       0.5591
 310.000       0.5474
 311.000       0.6088
 312.000       0.5244
 313.000       0.4540
 314.000       0.4751
 315.000       0.4862
 316.000       0.4369
 317.000       0.4426
 318.000       0.5071
 319.000       0.4772
 320.000       0.4400
 321.000       0.4147
 322.000       0.4588
 323.000       0.4415
 324.000       0.3907
 325.000       0.4661
 326.000       0.5645
 327.000       0.4757
 328.000       0.4085
 329.000       0.6096
 330.000       0.6166
 331.000       0.5337
 332.000       0.5894
 333.000       0.6659
 334.000       0.6605
 335.000       0.7543
 336.000       0.8202
 337.000       0.7304
 338.000       0.7025
 339.000       0.5757
 340.000       0.4904
 341.000       0.5039
 342.000       0.5099
 343.000       0.5002
 344.000       0.4352
 345.000       0.4104
 346.000       0.4396
 347.000       0.4170
 348.000       0.3904
 349.000       0.4231
 350.000       0.5018
 351.000       0.5042
 352.000       0.4942
 353.000       0.4943
 354.000       0.6635
 355.000       0.8403
 356.000       0.8990
 357.000       0.6140
 358.000       0.5186
 359.000       0.6436
 360.000       0.5457
 361.000       0.4598
 362.000       0.4506
 363.000       0.4999
 364.000       0.4821
 365.000       0.4727
 366.000       0.5322
 367.000       0.5596
 368.000       0.5083
 369.000       0.5753
 370.000       0.6715
 371.000       0.6819
 372.000       0.6604
 373.000       0.8530
 374.000       1.9056
 375.000       3.4106
 376.000       5.0666
