#Res             RMSF
   1.000       2.7197
   2.000       1.6828
   3.000       1.0738
   4.000       0.7414
   5.000       0.6724
   6.000       0.5690
   7.000       0.6610
   8.000       0.5893
   9.000       0.5352
  10.000       0.4890
  11.000       0.5030
  12.000       0.5232
  13.000       0.4689
  14.000       0.4023
  15.000       0.4856
  16.000       0.5073
  17.000       0.4643
  18.000       0.4666
  19.000       0.5631
  20.000       0.5914
  21.000       0.6132
  22.000       0.6008
  23.000       0.4873
  24.000       0.4432
  25.000       0.4370
  26.000       0.4618
  27.000       0.4650
  28.000       0.4890
  29.000       0.4645
  30.000       0.4103
  31.000       0.4404
  32.000       0.4699
  33.000       0.4463
  34.000       0.3757
  35.000       0.4374
  36.000       0.5037
  37.000       0.4681
  38.000       0.4678
  39.000       0.5602
  40.000       0.7552
  41.000       0.6966
  42.000       0.6694
  43.000       0.7431
  44.000       0.9119
  45.000       0.6147
  46.000       0.6328
  47.000       0.5882
  48.000       0.5924
  49.000       0.6358
  50.000       0.5524
  51.000       0.4524
  52.000       0.3931
  53.000       0.4244
  54.000       0.4460
  55.000       0.3918
  56.000       0.3460
  57.000       0.3943
  58.000       0.4194
  59.000       0.3956
  60.000       0.3686
  61.000       0.4222
  62.000       0.4486
  63.000       0.4072
  64.000       0.3775
  65.000       0.4489
  66.000       0.3832
  67.000       0.3475
  68.000       0.3978
  69.000       0.3795
  70.000       0.3539
  71.000       0.3608
  72.000       0.4087
  73.000       0.3906
  74.000       0.3886
  75.000       0.4384
  76.000       0.4920
  77.000       0.5512
  78.000       0.5760
  79.000       0.4712
  80.000       0.5315
  81.000       0.4064
  82.000       0.3582
  83.000       0.4373
  84.000       0.4808
  85.000       0.4826
  86.000       0.3903
  87.000       0.4705
  88.000       0.5570
  89.000       0.4822
  90.000       0.4725
  91.000       0.5460
  92.000       0.5525
  93.000       0.5819
  94.000       0.6322
  95.000       0.9216
  96.000       2.3242
  97.000       3.5557
