#Res             RMSF
 476.000       2.0365
 477.000       1.2279
 478.000       0.7843
 479.000       0.7690
 480.000       0.5269
 481.000       0.5678
 482.000       0.7861
 483.000       0.8075
 484.000       0.5904
 485.000       0.5413
 486.000       0.4684
 487.000       0.4799
 488.000       0.4762
 489.000       0.3689
 490.000       0.3386
 491.000       0.3811
 492.000       0.3792
 493.000       0.3387
 494.000       0.3518
 495.000       0.3932
 496.000       0.4392
 497.000       0.4658
 498.000       0.3907
 499.000       0.4549
 500.000       0.4048
 501.000       0.4080
 502.000       0.4532
 503.000       0.5265
 504.000       0.5177
 505.000       0.4343
 506.000       0.4247
 507.000       0.5178
 508.000       0.4970
 509.000       0.3917
 510.000       0.4183
 511.000       0.4921
 512.000       0.4797
 513.000       0.4402
 514.000       0.4891
 515.000       0.4949
 516.000       0.4496
 517.000       0.4670
 518.000       0.4814
 519.000       0.4691
 520.000       0.3861
 521.000       0.3541
 522.000       0.3952
 523.000       0.3092
 524.000       0.2897
 525.000       0.3100
 526.000       0.3436
 527.000       0.3464
 528.000       0.3354
 529.000       0.4440
 530.000       0.4798
 531.000       0.4729
 532.000       0.5263
 533.000       0.4607
 534.000       0.6477
 535.000       0.4189
 536.000       0.3480
 537.000       0.3858
 538.000       0.3804
 539.000       0.3732
 540.000       0.3208
 541.000       0.3210
 542.000       0.3401
 543.000       0.3264
 544.000       0.3244
 545.000       0.3697
 546.000       0.4546
 547.000       0.6683
 548.000       0.7448
 549.000       0.8075
 550.000       0.5945
 551.000       0.5427
 552.000       0.4801
 553.000       0.5367
 554.000       0.6549
 555.000       0.5105
 556.000       1.1927
 557.000       2.1746
