#Res             RMSF
 176.000       1.4496
 177.000       0.9808
 178.000       0.6335
 179.000       0.5286
 180.000       0.4936
 181.000       0.6817
 182.000       0.6765
 183.000       0.5396
 184.000       0.5674
 185.000       0.4265
 186.000       0.4836
 187.000       0.4074
 188.000       0.4595
 189.000       0.4043
 190.000       0.5020
 191.000       0.4614
 192.000       0.3945
 193.000       0.3948
 194.000       0.4739
 195.000       0.5169
 196.000       0.5361
 197.000       0.6489
 198.000       0.7810
 199.000       0.7195
 200.000       0.7710
 201.000       0.6805
 202.000       0.6804
 203.000       0.6657
 204.000       0.5490
 205.000       0.5003
 206.000       0.4839
 207.000       0.5823
 208.000       0.5178
 209.000       0.3997
 210.000       0.3683
 211.000       0.3781
 212.000       0.3893
 213.000       0.3780
 214.000       0.3687
 215.000       0.3922
 216.000       0.4012
 217.000       0.3951
 218.000       0.3717
 219.000       0.3887
 220.000       0.4217
 221.000       0.4088
 222.000       0.4499
 223.000       0.5153
 224.000       0.4460
 225.000       0.4374
 226.000       0.5002
 227.000       0.4664
 228.000       0.4387
 229.000       0.4591
 230.000       0.5020
 231.000       0.5241
 232.000       0.4910
 233.000       0.6556
 234.000       0.7779
 235.000       0.7404
 236.000       0.8138
 237.000       0.6307
 238.000       0.6449
 239.000       0.4926
 240.000       0.3885
 241.000       0.4316
 242.000       0.4413
 243.000       0.4199
 244.000       0.4093
 245.000       0.4236
 246.000       0.4656
 247.000       0.5304
 248.000       0.5643
 249.000       0.7700
 250.000       1.1565
 251.000       1.2804
 252.000       1.1718
 253.000       1.1513
 254.000       0.9656
 255.000       0.8879
 256.000       1.0679
 257.000       0.9645
 258.000       0.7354
 259.000       0.7439
 260.000       1.2619
 261.000       0.9213
 262.000       0.5548
 263.000       0.5412
 264.000       0.5295
 265.000       0.6061
 266.000       0.5416
 267.000       0.6555
 268.000       0.5958
 269.000       0.6214
 270.000       0.5999
 271.000       0.6462
 272.000       0.7427
 273.000       0.7685
 274.000       0.7836
 275.000       0.9092
 276.000       0.8921
 277.000       0.7907
 278.000       0.8966
 279.000       1.2348
 280.000       1.8863
