0 2
1 2
2 2
3 1
4 1
5 1
6 0
7 2
8 2
9 1
10 2
11 0
12 1
13 1
14 2
15 1
16 2
17 2
18 2
19 2
20 2
21 2
22 1
23 1
24 2
25 1
26 1
27 1
28 2
29 2
30 2
31 2
32 1
33 2
34 2
35 2
36 2
37 2
38 2
39 2
40 2
41 1
42 2
43 1
44 1
45 1
46 2
47 2
48 2
49 2
50 2
51 2
52 2
53 2
54 2
55 2
56 2
57 2
58 2
59 2
60 2
61 2
62 1
63 2
64 2
65 2
66 1
67 2
68 2
69 1
70 1
71 2
72 1
73 2
74 2
75 2
76 1
77 2
78 2
79 2
80 2
81 2
82 2
83 2
84 1
85 1
86 2
87 2
88 2
89 2
90 2
91 2
92 2
93 2
94 1
95 2
96 1
97 2
98 1
99 2
100 1
101 2
102 2
103 2
104 2
105 2
106 1
107 2
108 2
109 2
110 1
111 2
112 2
113 1
114 1
115 2
116 2
117 2
118 2
119 2
120 2
121 2
122 1
123 2
124 1
125 2
126 2
127 2
128 2
129 2
130 2
131 1
132 1
133 1
134 2
135 2
136 2
137 1
138 3
139 1
140 2
141 1
142 1
143 1
144 2
145 2
146 2
147 2
148 2
149 1
150 2
151 2
152 2
153 1
154 2
155 2
156 1
157 2
158 1
159 2
160 2
161 1
162 2
163 2
164 1
165 2
166 2
167 2
168 2
169 2
170 2
171 2
172 2
173 1
174 2
175 2
176 2
177 2
178 1
179 2
180 2
181 2
182 2
183 1
184 1
185 1
186 2
187 1
188 2
189 2
190 2
191 2
192 2
193 2
194 2
195 2
196 1
197 3
198 1
199 2
200 2
201 0
202 1
203 1
204 2
205 1
206 2
207 2
208 2
209 2
210 2
211 1
212 1
213 2
214 2
215 1
216 2
217 2
218 2
219 1
220 2
221 2
222 1
223 1
224 1
225 2
226 2
227 1
228 2
229 2
230 2
231 2
232 0
233 2
234 2
235 2
236 2
237 2
238 2
239 2
240 2
241 1
242 2
243 1
244 2
245 2
246 2
247 2
248 1
249 2
250 2
251 1
252 2
253 2
254 2
255 2
256 2
257 1
258 1
259 2
260 2
261 2
262 2
263 1
264 2
265 2
266 1
267 2
268 1
269 1
270 2
271 2
272 2
273 1
274 2
275 2
276 0
277 2
278 2
279 2
280 2
281 2
282 2
283 1
284 1
285 2
286 2
287 2
288 2
289 2
290 3
291 2
292 1
293 1
294 2
295 0
296 1
297 2
298 2
299 2
300 1
301 2
302 2
303 0
304 1
305 2
306 2
307 1
308 2
309 2
310 2
311 1
312 2
313 2
314 2
315 2
316 2
317 1
318 1
319 1
320 2
321 1
322 2
323 2
324 2
325 1
326 1
327 2
328 1
329 0
330 2
331 2
332 2
333 1
334 1
335 1
336 2
337 2
338 1
339 2
340 2
341 2
342 3
343 2
344 2
345 2
346 1
347 1
348 2
349 2
350 2
351 1
352 2
353 1
354 2
355 2
356 1
357 1
358 1
359 2
360 3
361 1
362 1
363 2
364 2
365 1
366 2
367 1
368 2
369 1
370 2
371 1
372 2
373 2
374 2
375 2
376 2
377 2
378 2
379 1
380 2
381 2
382 2
383 2
384 2
385 2
386 2
387 2
388 2
389 2
390 2
391 1
392 2
393 1
394 1
395 2
396 1
397 2
398 2
399 2
400 2
