#Frame      end1_rmsd
       1       0.0000
       2       2.5632
       3       2.7104
       4       2.6713
       5       3.7605
       6       3.0568
       7       2.6658
       8       2.9721
       9       2.7443
      10       3.2082
      11       2.5828
      12       2.7837
      13       2.2916
      14       2.4868
      15       2.3635
      16       3.8264
      17       3.8122
      18       2.5934
      19       3.2858
      20       4.3010
      21       4.5539
      22       3.2074
      23       2.5923
      24       3.4951
      25       3.2342
      26       3.0132
      27       3.2116
      28       3.3522
      29       2.9748
      30       2.8529
      31       3.5810
      32       4.2072
      33       2.3480
      34       3.4366
      35       1.8968
      36       1.3144
      37       3.2648
      38       3.1910
      39       2.1593
      40       1.9467
      41       2.4941
      42       3.1440
      43       2.6350
      44       2.0743
      45       2.2004
      46       2.3238
      47       2.6453
      48       1.7738
      49       3.5010
      50       4.0981
      51       3.6125
      52       2.9954
      53       2.7823
      54       3.8040
      55       3.5242
      56       4.9328
      57       3.9220
      58       3.3504
      59       2.8791
      60       3.6063
      61       4.6408
      62       3.7929
      63       3.3866
      64       3.3649
      65       3.3779
      66       3.1380
      67       2.7882
      68       1.9595
      69       4.3953
      70       3.3262
      71       3.5952
      72       4.9630
      73       2.9522
      74       3.4045
      75       3.4197
      76       3.8292
      77       3.1875
      78       3.8307
      79       4.3175
      80       2.4874
      81       2.0395
      82       3.7074
      83       3.7894
      84       2.5138
      85       3.1671
      86       3.2194
      87       3.6543
      88       4.2807
      89       3.1582
      90       1.8004
      91       3.0177
      92       3.2617
      93       2.7912
      94       2.3341
      95       2.8076
      96       2.4128
      97       2.1421
      98       3.0803
      99       3.5379
     100       3.8469
     101       2.9336
     102       4.0587
     103       2.4817
     104       3.8130
     105       2.4192
     106       2.9060
     107       3.7648
     108       3.2017
     109       2.5847
     110       2.4752
     111       4.3024
     112       2.8279
     113       3.6819
     114       2.6938
     115       2.8531
     116       2.9573
     117       2.2060
     118       2.8769
     119       3.1390
     120       3.2475
     121       2.9659
     122       3.8473
     123       4.1893
     124       5.0189
     125       4.1565
     126       3.1113
     127       4.3132
     128       3.9967
     129       4.3188
     130       5.0891
     131       3.7925
     132       4.8664
     133       3.4658
     134       4.2071
     135       5.2247
     136       4.1973
     137       4.1138
     138       2.5709
     139       3.0068
     140       2.7525
     141       4.5332
     142       2.9538
     143       3.6208
     144       2.5392
     145       3.7887
     146       4.4512
     147       3.9673
     148       5.0616
     149       4.6116
     150       4.8563
     151       3.8780
     152       4.2197
     153       2.7873
     154       3.9500
     155       3.6118
     156       4.1827
     157       3.4618
     158       4.4156
     159       3.7589
     160       3.8942
     161       2.8102
     162       2.5615
     163       3.0509
     164       3.1622
     165       3.6507
     166       4.7203
     167       3.3538
     168       2.4307
     169       1.8112
     170       5.2056
     171       3.0055
     172       4.8445
     173       4.3701
     174       4.6354
     175       4.0672
     176       4.9930
     177       4.7158
     178       5.2896
     179       5.4587
     180       5.1207
     181       5.1392
     182       4.9265
     183       4.2575
     184       4.1992
     185       5.1399
     186       4.0658
     187       3.9288
     188       5.3347
     189       5.0415
     190       4.5101
     191       4.3858
     192       5.1733
     193       5.6249
     194       3.8199
     195       3.2504
     196       2.8060
     197       2.3453
     198       4.2572
     199       3.8417
     200       3.3285
     201       3.4635
     202       5.4505
     203       4.4572
     204       4.1530
     205       3.7427
     206       3.7241
     207       4.5008
     208       4.8079
     209       4.7223
     210       4.3238
     211       3.7587
     212       5.1456
     213       4.1823
     214       5.8520
     215       5.0132
     216       3.8938
     217       3.0051
     218       4.3323
     219       5.1306
     220       5.6596
     221       4.6666
     222       3.7695
     223       3.7598
     224       5.8114
     225       5.7253
     226       5.8603
     227       3.2636
     228       4.9233
     229       4.6902
     230       4.9509
     231       3.4159
     232       3.1048
     233       2.9180
     234       5.4486
     235       4.2843
     236       3.8705
     237       3.2760
     238       3.2496
     239       3.6414
     240       3.7221
     241       3.3250
     242       2.4723
     243       2.4459
     244       2.9099
     245       3.7559
     246       4.7591
     247       3.9382
     248       2.8971
     249       2.0426
     250       4.6827
     251       5.5183
     252       3.8408
     253       2.5573
     254       1.6156
     255       2.5953
     256       1.8100
     257       1.9768
     258       1.6120
     259       2.6743
     260       2.3704
     261       2.2580
     262       1.4871
     263       2.4274
     264       3.0364
     265       3.9559
     266       3.3947
     267       3.1244
     268       3.2873
     269       3.6062
     270       3.0161
     271       2.4460
     272       2.1604
     273       2.2422
     274       1.7686
     275       2.5832
     276       3.3697
     277       2.3422
     278       3.7669
     279       3.0679
     280       4.1472
     281       5.0545
     282       3.9689
     283       4.2769
     284       3.9978
     285       3.8224
     286       4.0588
     287       4.0171
     288       2.5365
     289       3.6293
     290       2.0739
     291       3.1717
     292       3.6599
     293       3.4664
     294       4.1468
     295       2.4368
     296       2.2179
     297       2.8657
     298       4.1894
     299       3.4470
     300       3.1874
     301       2.5974
     302       3.3538
     303       4.2973
     304       4.2323
     305       5.8385
     306       4.4191
     307       4.4039
     308       4.4793
     309       4.3745
     310       5.7301
     311       5.0088
     312       3.9267
     313       5.3515
     314       3.9691
     315       4.5697
     316       5.6499
     317       4.5939
     318       4.6791
     319       2.7839
     320       3.7424
     321       5.2737
     322       5.6726
     323       3.8768
     324       5.4403
     325       3.6999
     326       4.9422
     327       3.9851
     328       4.4217
     329       5.7290
     330       4.3716
     331       5.3379
     332       5.0066
     333       2.7465
     334       2.6372
     335       3.8206
     336       3.3357
     337       2.0385
     338       3.8792
     339       3.4607
     340       3.6232
     341       3.0064
     342       2.7441
     343       2.3533
     344       3.4249
     345       2.5254
     346       2.5618
     347       3.9231
     348       3.8055
     349       5.2412
     350       2.8712
     351       3.5881
     352       4.6307
     353       3.6894
     354       4.9772
     355       4.5570
     356       5.0547
     357       5.7635
     358       4.7056
     359       6.8075
     360       5.9857
     361       3.9573
     362       3.5434
     363       5.5214
     364       3.0466
     365       4.4002
     366       5.3723
     367       4.8710
     368       4.2099
     369       4.0439
     370       3.3162
     371       4.8843
     372       3.3858
     373       3.5098
     374       3.7413
     375       5.3981
     376       3.2436
     377       5.1986
     378       4.0205
     379       6.2057
     380       3.4644
     381       3.7562
     382       4.1966
     383       6.0467
     384       5.4852
     385       5.7825
     386       5.1143
     387       3.4864
     388       5.0625
     389       5.2205
     390       4.2372
     391       5.3467
     392       4.5337
     393       3.9219
     394       3.7875
     395       2.3653
     396       4.4578
     397       2.7510
     398       3.7512
     399       3.7369
     400       4.4477
