#Frame      end2_rmsd
       1       0.0000
       2       2.9363
       3       1.5873
       4       2.0351
       5       2.4393
       6       3.2068
       7       2.7579
       8       2.6495
       9       3.1036
      10       2.7960
      11       3.4562
      12       3.0766
      13       3.3755
      14       3.9663
      15       3.3105
      16       2.5476
      17       2.7011
      18       3.4739
      19       2.4060
      20       2.6702
      21       2.6063
      22       2.7023
      23       4.6352
      24       2.9389
      25       3.2079
      26       3.0898
      27       2.3810
      28       2.6706
      29       1.8685
      30       2.5034
      31       3.1881
      32       2.6269
      33       2.8282
      34       2.2701
      35       2.5172
      36       2.5253
      37       3.4689
      38       3.6331
      39       5.6135
      40       3.7772
      41       3.1891
      42       4.2059
      43       3.5945
      44       3.0827
      45       2.9186
      46       2.9900
      47       2.9001
      48       2.6813
      49       3.6059
      50       3.4345
      51       2.5800
      52       2.8500
      53       3.7993
      54       3.0652
      55       3.2543
      56       2.6151
      57       3.1639
      58       3.8470
      59       3.0222
      60       2.7200
      61       2.6448
      62       3.3442
      63       2.4131
      64       3.2688
      65       4.1925
      66       1.6496
      67       3.6809
      68       3.1370
      69       2.9895
      70       3.1768
      71       3.7965
      72       2.3063
      73       3.7661
      74       2.7348
      75       3.0617
      76       2.5653
      77       2.7848
      78       2.6753
      79       2.0332
      80       2.0624
      81       2.6612
      82       2.8254
      83       3.0303
      84       2.8463
      85       1.9484
      86       2.2172
      87       2.5058
      88       2.7241
      89       1.8289
      90       2.3706
      91       2.6587
      92       2.8915
      93       3.2073
      94       3.1409
      95       3.1908
      96       2.5846
      97       3.6616
      98       3.2522
      99       3.1452
     100       3.0638
     101       3.4471
     102       3.5405
     103       2.5089
     104       2.8330
     105       2.5906
     106       2.9595
     107       2.6197
     108       2.9472
     109       2.8868
     110       2.4205
     111       3.0719
     112       2.6796
     113       3.9720
     114       2.8997
     115       3.0745
     116       4.0854
     117       2.8832
     118       3.8174
     119       3.9349
     120       2.7440
     121       3.1728
     122       2.8689
     123       2.3323
     124       3.5926
     125       3.4452
     126       3.3284
     127       3.9849
     128       3.2250
     129       3.3094
     130       3.0225
     131       3.0245
     132       3.4300
     133       3.6794
     134       3.0515
     135       3.8845
     136       3.6694
     137       3.1427
     138       4.7910
     139       4.2441
     140       2.9058
     141       2.6960
     142       3.0648
     143       3.2293
     144       3.0002
     145       3.4913
     146       2.6721
     147       3.7448
     148       5.8643
     149       3.2450
     150       5.4246
     151       3.7382
     152       3.2918
     153       3.4032
     154       3.7187
     155       3.4739
     156       2.9334
     157       2.9077
     158       4.1086
     159       4.4162
     160       5.9463
     161       4.5194
     162       4.6072
     163       4.3616
     164       4.8432
     165       5.0910
     166       4.0553
     167       4.9193
     168       4.0336
     169       6.1173
     170       6.3319
     171       5.2547
     172       3.8600
     173       4.2400
     174       4.6253
     175       4.2541
     176       5.8034
     177       5.1404
     178       5.1808
     179       4.2986
     180       6.2853
     181       6.1605
     182       5.2885
     183       6.3390
     184       5.3627
     185       6.6282
     186       5.0351
     187       6.7092
     188       6.1313
     189       5.2274
     190       5.8666
     191       5.9122
     192       4.2690
     193       5.4102
     194       5.9768
     195       4.9173
     196       6.6190
     197       5.0837
     198       4.9226
     199       3.6239
     200       3.6719
     201       3.7495
     202       4.0925
     203       3.8530
     204       4.3553
     205       3.5415
     206       5.8216
     207       4.6632
     208       3.9368
     209       3.7721
     210       3.1135
     211       2.8912
     212       3.0540
     213       3.8916
     214       4.5171
     215       3.5190
     216       3.8237
     217       2.8620
     218       3.9030
     219       4.9422
     220       3.5074
     221       4.4570
     222       3.6879
     223       4.7221
     224       3.4440
     225       3.6740
     226       2.5461
     227       2.9355
     228       2.9388
     229       2.9200
     230       2.4838
     231       3.2456
     232       2.4942
     233       2.2751
     234       3.1620
     235       2.7412
     236       3.1330
     237       4.2989
     238       3.9185
     239       3.9453
     240       3.3438
     241       3.1049
     242       4.5555
     243       4.8343
     244       2.8744
     245       3.1142
     246       3.5323
     247       3.3549
     248       4.0791
     249       3.4245
     250       2.5355
     251       3.6115
     252       2.8447
     253       2.7738
     254       2.8703
     255       3.4168
     256       2.8964
     257       3.9268
     258       3.9488
     259       3.4106
     260       3.1602
     261       5.7071
     262       4.5260
     263       3.8226
     264       2.8618
     265       3.1920
     266       3.0603
     267       2.8340
     268       3.6949
     269       4.9830
     270       4.5454
     271       3.4331
     272       3.7066
     273       3.5085
     274       3.2892
     275       4.4366
     276       3.4142
     277       4.6156
     278       4.0424
     279       4.4664
     280       4.4386
     281       3.1386
     282       2.6939
     283       3.9028
     284       3.2456
     285       3.6350
     286       2.9407
     287       3.2671
     288       3.1202
     289       3.5182
     290       3.2678
     291       3.3532
     292       2.5585
     293       3.4334
     294       3.2383
     295       3.2665
     296       3.2279
     297       2.6639
     298       2.3521
     299       2.5562
     300       3.7819
     301       2.2789
     302       2.6855
     303       4.9118
     304       4.4594
     305       5.2098
     306       4.3555
     307       4.8979
     308       4.2820
     309       5.2059
     310       4.1962
     311       2.6911
     312       3.2592
     313       2.5471
     314       3.4851
     315       3.3357
     316       3.6320
     317       2.8900
     318       2.9495
     319       3.6501
     320       3.7636
     321       4.9262
     322       4.9607
     323       4.6058
     324       6.3884
     325       5.3045
     326       5.2053
     327       5.4898
     328       5.0153
     329       5.5505
     330       5.7876
     331       6.2518
     332       4.9243
     333       5.4806
     334       4.6947
     335       4.2208
     336       4.5495
     337       5.5407
     338       4.3564
     339       4.7497
     340       5.0022
     341       4.5254
     342       3.1835
     343       5.2149
     344       4.6956
     345       5.1160
     346       4.7709
     347       3.3427
     348       6.4543
     349       7.1271
     350       5.0790
     351       5.2791
     352       5.5644
     353       5.7563
     354       8.2654
     355       5.7732
     356       6.1368
     357       6.3846
     358       4.3477
     359       4.0882
     360       4.9843
     361       6.8260
     362       5.1601
     363       5.7732
     364       5.7807
     365       3.8825
     366       3.9550
     367       3.9565
     368       5.0925
     369       5.2198
     370       3.4891
     371       3.4994
     372       4.3657
     373       4.7345
     374       3.5525
     375       3.9099
     376       4.2953
     377       3.9314
     378       4.1364
     379       4.1286
     380       3.1967
     381       4.4093
     382       3.9780
     383       3.4327
     384       4.0065
     385       4.6797
     386       6.5330
     387       6.6043
     388       4.3193
     389       5.4098
     390       5.7855
     391       6.8045
     392       6.8676
     393       8.0001
     394       6.3111
     395       3.7401
     396       3.4175
     397       2.7670
     398       3.3560
     399       3.4719
     400       3.0900
