#Frame           gap4
       1      27.6259
       2      27.6093
       3      27.9576
       4      26.8067
       5      26.3283
       6      26.8716
       7      27.0195
       8      26.5673
       9      28.5018
      10      27.3680
      11      26.0166
      12      25.9746
      13      27.4868
      14      27.4317
      15      26.0087
      16      26.3549
      17      27.0478
      18      24.9862
      19      24.9093
      20      23.0285
      21      23.3018
      22      24.2346
      23      22.8139
      24      24.0242
      25      25.7934
      26      24.3499
      27      24.5069
      28      24.1034
      29      24.7245
      30      25.2969
      31      24.3550
      32      23.8203
      33      24.9149
      34      24.6824
      35      24.5790
      36      24.1613
      37      24.0866
      38      23.2535
      39      23.6376
      40      23.9522
      41      24.3967
      42      24.1621
      43      25.0437
      44      23.6286
      45      23.6941
      46      23.8299
      47      24.9098
      48      25.0611
      49      23.6829
      50      25.1153
      51      23.1614
      52      23.8778
      53      23.9572
      54      24.8694
      55      23.0886
      56      23.3632
      57      23.3620
      58      23.4121
      59      23.3939
      60      23.9761
      61      22.8983
      62      23.4994
      63      25.2124
      64      24.1247
      65      24.0381
      66      22.8614
      67      24.7089
      68      23.6097
      69      22.8104
      70      24.5392
      71      24.6969
      72      26.5553
      73      23.4992
      74      25.1662
      75      26.0215
      76      24.8777
      77      25.2463
      78      24.8003
      79      24.5634
      80      24.1638
      81      24.9520
      82      24.8507
      83      25.1610
      84      24.6737
      85      24.9465
      86      25.9740
      87      25.9920
      88      26.7834
      89      26.6404
      90      25.5760
      91      25.2157
      92      27.2361
      93      24.6557
      94      23.9765
      95      22.6253
      96      24.9485
      97      23.9841
      98      24.1747
      99      25.1842
     100      24.5988
     101      23.4764
     102      24.7472
     103      22.8610
     104      24.3838
     105      24.3900
     106      24.7024
     107      24.1618
     108      25.9474
     109      26.3482
     110      24.2020
     111      25.9988
     112      25.3866
     113      25.0092
     114      26.2653
     115      27.6260
     116      25.2099
     117      25.0310
     118      24.3857
     119      25.1389
     120      24.6499
     121      25.5131
     122      24.5915
     123      24.1568
     124      24.1456
     125      24.5953
     126      26.2978
     127      25.3270
     128      24.9271
     129      25.2274
     130      24.6354
     131      26.0734
     132      26.6288
     133      24.2460
     134      25.8356
     135      24.6642
     136      25.1385
     137      25.0683
     138      24.1483
     139      24.5237
     140      24.4105
     141      25.5728
     142      25.3337
     143      27.8382
     144      26.2514
     145      26.2084
     146      25.1266
     147      24.0715
     148      25.8286
     149      26.8079
     150      27.7331
     151      27.8350
     152      25.6341
     153      27.7852
     154      27.4081
     155      26.3883
     156      26.8962
     157      25.6751
     158      25.8474
     159      26.4242
     160      27.1827
     161      26.2427
     162      26.7127
     163      25.9134
     164      28.6428
     165      26.4280
     166      26.5660
     167      26.3305
     168      25.2783
     169      24.4344
     170      25.0950
     171      26.6235
     172      25.3386
     173      24.3230
     174      25.9648
     175      24.4294
     176      23.4750
     177      25.2503
     178      24.8979
     179      24.5134
     180      24.5152
     181      26.6462
     182      25.2133
     183      24.8671
     184      26.7396
     185      27.1535
     186      25.6344
     187      26.4625
     188      26.6816
     189      25.0632
     190      24.6893
     191      25.8063
     192      24.1027
     193      25.5471
     194      26.3593
     195      23.6853
     196      24.7289
     197      26.3733
     198      24.9851
     199      24.9737
     200      25.7637
     201      24.9889
     202      24.6533
     203      25.0485
     204      25.0245
     205      25.9427
     206      25.2494
     207      26.7538
     208      25.0135
     209      25.6457
     210      26.2947
     211      26.0908
     212      25.8075
     213      26.6053
     214      27.3763
     215      25.9178
     216      24.9620
     217      24.6296
     218      25.0085
     219      23.7515
     220      25.0841
     221      26.2651
     222      23.5836
     223      25.2962
     224      25.8490
     225      27.9293
     226      25.0058
     227      25.0355
     228      26.8944
     229      25.5724
     230      26.4970
     231      25.0480
     232      25.3079
     233      25.3052
     234      26.2399
     235      24.6053
     236      23.8820
     237      27.1308
     238      25.9370
     239      26.2701
     240      25.5567
     241      24.2807
     242      25.4344
     243      24.1855
     244      23.8041
     245      23.4374
     246      24.7557
     247      25.5457
     248      24.1916
     249      27.3143
     250      26.2128
     251      24.4606
     252      25.7976
     253      25.9902
     254      26.3069
     255      26.8077
     256      25.9744
     257      24.6674
     258      24.8348
     259      22.8241
     260      25.6482
     261      25.9497
     262      25.2004
     263      26.4287
     264      23.1835
     265      24.6043
     266      26.3178
     267      23.8246
     268      24.4907
     269      25.5095
     270      24.9745
     271      24.5117
     272      24.4145
     273      24.3212
     274      26.5459
     275      26.1304
     276      24.2649
     277      23.2878
     278      24.5851
     279      25.7707
     280      25.2217
     281      26.1968
     282      25.9310
     283      25.7978
     284      26.2535
     285      25.2863
     286      24.4949
     287      25.6788
     288      26.7844
     289      25.0067
     290      25.0033
     291      26.2976
     292      24.7287
     293      26.3599
     294      27.2268
     295      25.1251
     296      26.9309
     297      25.4523
     298      27.5461
     299      26.4997
     300      25.5858
     301      26.4296
     302      26.0627
     303      26.6903
     304      26.0075
     305      26.0446
     306      24.8809
     307      25.6017
     308      25.0227
     309      26.5925
     310      24.6566
     311      24.3496
     312      24.3680
     313      25.7338
     314      24.1710
     315      23.7332
     316      25.2565
     317      26.2162
     318      25.0375
     319      24.5643
     320      23.4382
     321      26.4458
     322      25.6699
     323      25.0564
     324      23.8229
     325      25.1114
     326      24.5122
     327      25.8414
     328      24.3230
     329      24.5614
     330      24.6511
     331      26.3992
     332      26.7940
     333      26.7646
     334      26.4068
     335      25.6136
     336      27.0287
     337      25.1470
     338      27.0709
     339      25.9450
     340      26.1588
     341      27.0502
     342      25.9316
     343      24.8843
     344      26.8032
     345      25.1564
     346      26.1635
     347      24.7776
     348      25.3163
     349      22.7311
     350      23.8427
     351      23.8202
     352      24.9706
     353      25.0507
     354      27.2713
     355      25.7970
     356      24.3635
     357      25.7140
     358      24.8904
     359      25.7338
     360      27.8185
     361      27.7039
     362      27.4083
     363      26.1610
     364      25.7877
     365      27.9882
     366      28.2258
     367      27.6219
     368      25.7760
     369      25.8989
     370      25.7946
     371      23.6621
     372      24.9620
     373      24.2198
     374      26.5167
     375      27.0500
     376      24.9009
     377      25.8246
     378      25.0254
     379      25.2261
     380      24.2924
     381      25.5960
     382      25.8502
     383      23.4839
     384      23.1839
     385      24.6105
     386      25.6387
     387      25.0611
     388      27.5579
     389      24.3051
     390      24.4930
     391      24.7318
     392      23.7594
     393      24.5003
     394      25.7715
     395      25.2506
     396      23.5671
     397      25.5380
     398      24.2586
     399      25.0585
     400      24.4722
