#Frame           gap3
       1      29.5444
       2      30.9953
       3      29.8344
       4      29.3590
       5      28.3174
       6      28.6742
       7      27.6652
       8      28.4080
       9      27.0056
      10      28.2210
      11      28.6876
      12      26.7916
      13      28.5421
      14      28.9836
      15      29.8861
      16      28.4404
      17      26.0559
      18      26.3348
      19      25.7949
      20      26.0976
      21      25.4588
      22      26.4519
      23      26.6122
      24      27.9731
      25      25.7937
      26      25.4919
      27      23.7925
      28      25.2650
      29      26.0845
      30      28.1019
      31      28.3463
      32      30.5363
      33      25.9990
      34      25.8535
      35      25.7491
      36      27.0584
      37      27.7458
      38      26.4349
      39      26.4339
      40      25.0134
      41      25.3550
      42      25.5733
      43      26.4215
      44      27.6237
      45      26.0829
      46      26.2023
      47      27.0659
      48      26.6291
      49      26.5710
      50      26.0465
      51      27.9412
      52      31.1708
      53      27.1796
      54      28.4368
      55      31.7691
      56      29.2213
      57      28.6840
      58      27.8729
      59      26.6378
      60      29.6089
      61      28.7445
      62      28.9137
      63      27.1724
      64      26.9597
      65      28.2664
      66      28.7091
      67      29.5455
      68      28.1314
      69      27.7448
      70      28.0140
      71      27.5678
      72      27.2837
      73      28.8369
      74      28.6427
      75      25.6382
      76      26.3391
      77      26.9581
      78      28.0584
      79      28.2696
      80      26.4945
      81      27.9796
      82      29.1693
      83      28.0395
      84      25.8524
      85      25.7478
      86      26.2768
      87      27.8608
      88      26.4321
      89      26.9552
      90      27.5363
      91      28.6323
      92      26.8021
      93      26.4874
      94      26.8291
      95      27.8689
      96      28.7254
      97      26.9970
      98      27.3503
      99      27.0124
     100      27.9108
     101      24.4153
     102      26.4651
     103      25.2514
     104      25.9221
     105      25.2383
     106      25.3504
     107      24.7843
     108      26.7423
     109      26.0265
     110      25.8724
     111      27.8051
     112      29.6008
     113      26.9990
     114      27.4191
     115      28.1048
     116      27.5636
     117      28.2566
     118      27.6340
     119      26.8984
     120      27.8125
     121      25.5156
     122      27.7071
     123      27.4462
     124      28.1010
     125      26.4406
     126      25.1142
     127      24.5205
     128      26.6708
     129      24.7603
     130      27.1189
     131      27.6916
     132      26.1430
     133      25.4020
     134      24.0134
     135      25.2502
     136      26.6142
     137      26.1432
     138      28.1578
     139      26.0952
     140      26.0983
     141      26.3232
     142      27.0373
     143      24.9317
     144      27.0188
     145      29.5741
     146      27.6273
     147      26.9026
     148      28.6649
     149      26.1134
     150      25.7485
     151      25.8901
     152      26.3345
     153      28.3120
     154      28.3356
     155      26.3096
     156      27.6899
     157      26.8983
     158      30.1525
     159      26.1380
     160      26.2120
     161      28.4830
     162      29.6122
     163      26.1234
     164      29.8466
     165      29.1264
     166      28.7842
     167      27.1251
     168      28.7497
     169      27.3783
     170      27.5250
     171      27.1253
     172      29.2098
     173      29.2208
     174      25.6390
     175      27.5418
     176      26.6151
     177      25.8319
     178      26.2961
     179      25.7629
     180      25.7613
     181      26.6141
     182      25.9189
     183      28.1924
     184      27.0282
     185      25.6606
     186      25.9289
     187      27.5484
     188      28.3405
     189      28.6408
     190      27.3587
     191      28.3267
     192      28.6533
     193      27.2490
     194      26.8921
     195      27.0166
     196      29.5790
     197      29.3981
     198      29.4135
     199      28.8921
     200      29.0345
     201      27.1392
     202      27.0680
     203      28.3186
     204      27.6181
     205      28.9349
     206      28.0740
     207      28.4851
     208      27.3292
     209      26.0356
     210      26.8599
     211      26.4742
     212      26.1653
     213      26.1667
     214      27.5046
     215      26.3866
     216      26.5639
     217      28.7136
     218      25.3382
     219      26.9575
     220      27.6798
     221      26.0303
     222      24.7115
     223      25.7739
     224      23.9747
     225      26.6475
     226      27.2643
     227      26.8913
     228      27.8108
     229      27.3099
     230      27.7841
     231      26.4032
     232      25.3499
     233      24.4546
     234      27.0246
     235      27.7130
     236      26.3754
     237      28.4523
     238      27.3590
     239      24.6659
     240      24.4996
     241      25.3269
     242      28.5578
     243      27.0269
     244      26.2377
     245      26.2041
     246      26.9373
     247      27.6984
     248      29.3642
     249      27.7215
     250      26.8639
     251      28.3211
     252      26.5340
     253      27.2270
     254      27.6356
     255      27.6231
     256      29.9901
     257      29.5115
     258      27.9828
     259      27.1659
     260      27.8940
     261      26.6808
     262      28.1159
     263      28.3126
     264      26.6094
     265      27.9111
     266      25.6690
     267      25.8992
     268      26.8245
     269      25.3835
     270      26.6038
     271      27.0582
     272      28.9703
     273      28.0664
     274      28.1250
     275      28.3986
     276      26.0622
     277      30.3583
     278      28.0006
     279      27.8465
     280      25.1260
     281      26.2429
     282      27.9596
     283      28.1257
     284      26.3113
     285      31.3372
     286      26.5341
     287      27.3339
     288      29.0149
     289      28.9929
     290      29.0113
     291      28.5388
     292      27.3249
     293      27.1093
     294      26.1887
     295      30.6382
     296      28.9474
     297      27.3471
     298      28.3450
     299      28.1949
     300      26.8254
     301      23.8181
     302      26.9136
     303      26.9597
     304      27.5034
     305      26.9648
     306      27.7816
     307      26.5603
     308      26.9130
     309      25.9479
     310      24.2639
     311      25.8333
     312      25.7161
     313      25.9857
     314      26.1305
     315      27.1203
     316      27.8019
     317      29.3512
     318      27.5642
     319      28.2448
     320      27.2575
     321      29.2346
     322      28.8392
     323      27.4918
     324      27.6060
     325      26.6355
     326      26.0019
     327      27.5674
     328      27.3887
     329      27.9161
     330      26.1580
     331      25.9224
     332      24.5377
     333      26.0030
     334      27.1331
     335      27.6334
     336      25.0971
     337      25.7357
     338      25.6541
     339      24.6947
     340      24.1330
     341      24.0417
     342      25.1352
     343      23.7784
     344      25.2586
     345      26.2567
     346      25.0011
     347      25.0577
     348      27.3992
     349      25.1750
     350      26.6357
     351      29.0752
     352      26.5575
     353      26.4125
     354      26.3393
     355      26.6796
     356      26.6662
     357      25.9750
     358      25.4119
     359      26.8809
     360      25.1061
     361      23.9199
     362      25.6812
     363      28.5479
     364      27.0436
     365      27.2460
     366      25.6014
     367      25.7551
     368      26.3097
     369      27.4337
     370      27.1417
     371      26.3984
     372      27.3276
     373      26.3823
     374      27.0191
     375      24.7346
     376      25.3500
     377      26.7210
     378      28.4695
     379      25.8521
     380      26.0082
     381      27.6120
     382      24.4222
     383      24.4365
     384      24.5318
     385      25.2808
     386      24.6483
     387      25.0861
     388      26.5243
     389      26.2069
     390      24.4056
     391      25.4902
     392      24.6168
     393      26.6016
     394      27.8422
     395      26.5353
     396      28.7437
     397      27.0198
     398      26.1791
     399      25.4907
     400      26.0247
