#Frame           gap5
       1      27.6584
       2      26.8979
       3      26.6440
       4      27.6640
       5      28.8703
       6      29.5001
       7      29.4613
       8      27.8783
       9      28.4648
      10      28.9456
      11      28.2996
      12      28.2406
      13      29.8266
      14      30.2428
      15      28.9012
      16      29.0123
      17      29.0819
      18      29.6111
      19      30.8233
      20      28.3220
      21      29.2688
      22      30.4346
      23      30.9187
      24      33.0761
      25      32.9692
      26      32.2629
      27      32.3563
      28      32.1138
      29      30.8229
      30      30.0602
      31      31.2527
      32      29.6248
      33      31.5159
      34      29.3933
      35      31.4726
      36      29.2848
      37      28.3584
      38      28.3215
      39      28.7134
      40      27.3606
      41      27.4258
      42      28.6869
      43      26.1426
      44      26.8060
      45      26.9442
      46      27.1983
      47      26.6772
      48      27.5778
      49      29.2223
      50      26.9725
      51      28.8897
      52      28.4604
      53      29.0472
      54      29.4355
      55      28.0934
      56      29.1909
      57      27.8356
      58      28.1989
      59      28.0737
      60      26.6052
      61      26.2534
      62      26.6045
      63      26.8013
      64      26.5568
      65      27.8831
      66      27.4161
      67      26.5160
      68      25.5297
      69      30.0908
      70      26.8897
      71      26.6441
      72      26.3382
      73      26.9967
      74      27.9915
      75      24.8541
      76      25.4233
      77      24.7363
      78      26.4518
      79      29.5656
      80      28.2143
      81      27.3273
      82      26.4437
      83      25.6208
      84      26.8559
      85      26.9895
      86      26.8607
      87      26.4247
      88      28.1934
      89      26.1433
      90      27.0022
      91      26.6196
      92      26.2628
      93      26.2500
      94      25.8304
      95      26.6651
      96      26.8558
      97      25.9060
      98      25.9941
      99      25.0916
     100      27.4723
     101      26.8184
     102      27.5581
     103      27.8997
     104      29.3213
     105      30.1271
     106      30.7038
     107      29.0470
     108      29.2311
     109      29.7189
     110      29.9916
     111      29.2952
     112      28.5762
     113      29.8570
     114      29.8439
     115      30.4124
     116      29.1786
     117      28.5475
     118      29.2889
     119      29.3282
     120      29.0470
     121      28.6040
     122      28.0297
     123      28.7796
     124      28.6553
     125      29.2400
     126      29.3745
     127      30.4850
     128      28.8613
     129      30.2713
     130      30.3073
     131      30.3645
     132      28.8405
     133      30.2388
     134      29.7232
     135      30.3773
     136      29.8634
     137      29.5969
     138      31.2898
     139      30.3521
     140      28.6414
     141      28.8580
     142      30.3882
     143      29.0691
     144      32.6173
     145      29.9164
     146      28.9391
     147      31.5174
     148      29.4175
     149      29.4448
     150      31.4899
     151      31.3531
     152      31.7198
     153      32.9292
     154      29.0348
     155      28.2190
     156      27.6664
     157      28.9112
     158      28.8946
     159      29.9469
     160      33.1668
     161      30.4142
     162      31.8339
     163      29.2252
     164      27.6978
     165      27.5171
     166      25.7018
     167      27.6769
     168      26.1115
     169      25.9349
     170      26.9286
     171      28.5229
     172      27.6573
     173      27.1129
     174      27.6598
     175      26.9988
     176      28.9040
     177      27.5225
     178      26.9555
     179      26.3554
     180      25.9812
     181      26.9767
     182      26.5971
     183      25.9219
     184      25.3743
     185      26.3042
     186      27.8618
     187      28.4203
     188      28.7695
     189      29.3993
     190      30.6871
     191      28.5248
     192      29.8774
     193      29.0341
     194      30.4776
     195      29.9693
     196      29.2571
     197      29.3262
     198      28.7870
     199      29.1648
     200      28.8729
     201      27.8106
     202      26.6958
     203      27.6963
     204      27.2373
     205      27.8256
     206      27.0787
     207      27.3740
     208      26.1000
     209      26.5972
     210      26.0426
     211      26.2905
     212      25.6517
     213      27.2223
     214      25.7845
     215      26.5520
     216      25.4749
     217      26.0811
     218      26.3250
     219      25.5571
     220      25.8817
     221      25.9838
     222      27.7056
     223      26.4814
     224      25.2726
     225      25.5862
     226      26.9818
     227      26.8006
     228      26.5965
     229      26.5668
     230      26.3688
     231      24.1571
     232      25.3489
     233      25.4055
     234      26.9120
     235      26.5080
     236      27.2080
     237      25.7516
     238      25.4971
     239      25.8262
     240      26.8167
     241      27.0960
     242      25.7387
     243      27.5640
     244      27.2762
     245      27.2701
     246      27.1522
     247      26.5143
     248      26.0927
     249      24.7890
     250      27.7781
     251      27.3678
     252      30.2131
     253      26.8386
     254      29.5463
     255      28.9481
     256      29.3741
     257      28.3892
     258      25.8377
     259      25.5206
     260      25.9724
     261      25.7499
     262      26.3244
     263      27.7142
     264      27.9521
     265      27.1208
     266      29.0101
     267      27.9048
     268      26.1788
     269      25.7868
     270      26.7589
     271      27.7554
     272      27.5898
     273      26.1994
     274      26.8940
     275      25.8534
     276      25.5747
     277      25.5215
     278      27.6808
     279      28.2259
     280      27.4739
     281      29.8311
     282      27.3857
     283      26.6598
     284      28.0397
     285      26.3623
     286      27.2431
     287      26.3450
     288      26.5180
     289      25.9633
     290      26.2630
     291      27.1419
     292      26.3124
     293      27.1457
     294      26.8396
     295      27.7139
     296      26.7532
     297      27.7384
     298      26.3158
     299      26.9030
     300      27.9654
     301      27.2879
     302      28.9467
     303      29.4417
     304      29.6318
     305      27.4570
     306      26.2462
     307      24.8979
     308      26.8855
     309      27.0563
     310      28.2196
     311      28.3868
     312      28.7079
     313      27.8163
     314      24.7607
     315      28.8980
     316      27.6672
     317      26.3838
     318      27.2368
     319      26.1932
     320      25.9364
     321      26.8380
     322      26.8075
     323      26.3093
     324      26.6311
     325      25.5507
     326      26.6072
     327      25.2942
     328      27.5936
     329      27.5858
     330      26.5787
     331      28.4998
     332      27.1082
     333      26.7213
     334      26.8623
     335      26.1608
     336      26.1093
     337      27.8718
     338      28.7623
     339      27.2179
     340      26.8926
     341      27.4519
     342      28.7243
     343      29.1352
     344      27.9385
     345      28.0646
     346      25.6449
     347      25.4288
     348      26.6683
     349      26.2099
     350      25.3404
     351      25.4643
     352      22.8452
     353      25.0417
     354      25.9282
     355      25.9302
     356      28.0700
     357      28.5652
     358      27.0543
     359      25.0965
     360      25.8100
     361      24.6750
     362      24.9406
     363      24.0024
     364      25.7835
     365      25.9304
     366      26.7346
     367      25.8721
     368      27.1364
     369      25.7406
     370      26.9899
     371      27.8338
     372      28.0472
     373      27.8148
     374      24.9487
     375      25.3594
     376      28.0152
     377      25.9566
     378      24.9397
     379      25.4572
     380      25.1594
     381      26.5698
     382      24.8650
     383      24.5132
     384      24.4686
     385      24.2453
     386      24.7714
     387      24.3858
     388      26.3811
     389      26.5211
     390      26.8298
     391      25.8010
     392      25.9043
     393      24.4593
     394      25.9041
     395      25.6996
     396      25.3045
     397      25.0882
     398      23.2687
     399      23.3567
     400      22.9651
