0 1
1 0
2 0
3 0
4 0
5 1
6 0
7 1
8 0
9 0
10 0
11 0
12 0
13 0
14 1
15 1
16 1
17 1
18 1
19 0
20 1
21 0
22 1
23 0
24 1
25 0
26 2
27 0
28 2
29 0
30 0
31 0
32 0
33 1
34 0
35 1
36 0
37 0
38 0
39 0
40 0
41 0
42 1
43 0
44 1
45 1
46 1
47 1
48 0
49 2
50 1
51 0
52 0
53 0
54 0
55 0
56 0
57 0
58 0
59 1
60 0
61 1
62 2
63 0
64 1
65 1
66 0
67 0
68 0
69 0
70 1
71 0
72 0
73 0
74 0
75 0
76 1
77 2
78 0
79 0
80 0
81 1
82 1
83 1
84 0
85 0
86 1
87 0
88 0
89 2
90 1
91 0
92 1
93 1
94 0
95 1
96 0
97 1
98 0
99 1
100 1
101 0
102 0
103 1
104 1
105 1
106 0
107 1
108 1
109 1
110 0
111 0
112 1
113 0
114 1
115 1
116 0
117 0
118 1
119 1
120 0
121 1
122 1
123 1
124 1
125 1
126 0
127 0
128 1
129 0
130 1
131 0
132 1
133 1
134 0
135 1
136 1
137 1
138 0
139 1
140 0
141 0
142 1
143 1
144 1
145 0
146 0
147 1
148 0
149 0
150 2
151 1
152 0
153 0
154 0
155 1
156 0
157 0
158 0
159 0
160 0
161 0
162 0
163 0
164 1
165 1
166 0
167 1
168 0
169 0
170 0
171 1
172 0
173 0
174 1
175 0
176 2
177 0
178 0
179 0
180 1
181 1
182 1
183 0
184 1
185 0
186 1
187 1
188 0
189 0
190 0
191 0
192 1
193 1
194 0
195 0
196 1
197 1
198 0
199 0
200 0
201 0
202 0
203 1
204 0
205 0
206 1
207 1
208 1
209 0
210 0
211 1
212 0
213 0
214 0
215 0
216 0
217 0
218 0
219 1
220 0
221 1
222 1
223 0
224 1
225 0
226 0
227 1
228 1
229 0
230 0
231 1
232 0
233 0
234 1
235 0
236 0
237 1
238 0
239 0
240 0
241 1
242 1
243 1
244 0
245 0
246 0
247 1
248 0
249 0
250 0
251 0
252 1
253 1
254 1
255 1
256 0
257 1
258 0
259 0
260 1
261 0
262 0
263 1
264 0
265 1
266 1
267 0
268 0
269 1
270 1
271 0
272 0
273 0
274 0
275 1
276 1
277 0
278 0
279 0
280 0
281 1
282 0
283 0
284 0
285 0
286 1
287 0
288 0
289 2
290 1
291 0
292 1
293 0
294 0
295 0
296 0
297 0
298 1
299 0
300 0
301 1
302 0
303 0
304 0
305 2
306 0
307 0
308 0
309 0
310 0
311 0
312 0
313 0
314 0
315 0
316 2
317 0
318 0
319 1
320 2
321 0
322 1
323 1
324 0
325 0
326 1
327 0
328 1
329 0
330 1
331 0
332 1
333 0
334 0
335 1
336 0
337 0
338 1
339 0
340 0
341 0
342 1
343 2
344 0
345 2
346 0
347 0
348 1
349 1
350 0
351 1
352 0
353 0
354 1
355 1
356 0
357 0
358 0
359 1
360 1
361 1
362 1
363 1
364 1
365 2
366 1
367 0
368 1
369 0
370 0
371 1
372 0
373 0
374 0
375 0
376 1
377 1
378 0
379 0
380 0
381 0
382 1
383 1
384 1
385 1
386 0
387 1
388 0
389 0
390 0
391 0
392 1
393 0
394 1
395 1
396 1
397 0
398 1
399 1
400 0
