0 1
1 2
2 2
3 1
4 1
5 2
6 1
7 1
8 2
9 2
10 1
11 1
12 2
13 0
14 1
15 0
16 3
17 2
18 1
19 2
20 2
21 1
22 2
23 2
24 2
25 1
26 2
27 2
28 2
29 2
30 2
31 1
32 3
33 1
34 2
35 1
36 2
37 0
38 1
39 2
40 1
41 2
42 1
43 2
44 2
45 2
46 2
47 2
48 2
49 1
50 2
51 2
52 1
53 1
54 2
55 2
56 0
57 2
58 2
59 0
60 1
61 3
62 2
63 2
64 2
65 2
66 2
67 2
68 2
69 1
70 2
71 2
72 2
73 1
74 1
75 2
76 2
77 0
78 1
79 1
80 2
81 2
82 0
83 2
84 2
85 1
86 0
87 1
88 1
89 1
90 1
91 2
92 1
93 2
94 1
95 2
96 2
97 0
98 2
99 2
100 2
101 2
102 2
103 2
104 2
105 1
106 1
107 2
108 2
109 2
110 2
111 2
112 1
113 2
114 2
115 2
116 2
117 1
118 2
119 1
120 2
121 2
122 2
123 1
124 2
125 2
126 2
127 1
128 2
129 2
130 2
131 1
132 2
133 1
134 2
135 2
136 2
137 2
138 2
139 2
140 2
141 1
142 1
143 2
144 1
145 2
146 1
147 2
148 2
149 2
150 2
151 2
152 2
153 2
154 2
155 1
156 2
157 2
158 1
159 1
160 1
161 2
162 1
163 1
164 2
165 1
166 2
167 2
168 2
169 2
170 2
171 1
172 2
173 2
174 1
175 2
176 2
177 2
178 2
179 0
180 2
181 1
182 1
183 2
184 2
185 2
186 2
187 2
188 2
189 2
190 1
191 1
192 3
193 2
194 2
195 3
196 2
197 2
198 2
199 2
200 2
201 1
202 2
203 1
204 2
205 2
206 2
207 2
208 1
209 1
210 1
211 2
212 2
213 1
214 2
215 1
216 2
217 2
218 1
219 1
220 2
221 2
222 2
223 2
224 0
225 2
226 2
227 2
228 1
229 2
230 2
231 1
232 2
233 2
234 1
235 1
236 2
237 1
238 1
239 1
240 2
241 2
242 1
243 2
244 1
245 2
246 2
247 1
248 2
249 2
250 3
251 2
252 2
253 1
254 2
255 2
256 2
257 2
258 2
259 2
260 2
261 2
262 1
263 2
264 2
265 2
266 2
267 2
268 1
269 2
270 2
271 1
272 1
273 2
274 2
275 1
276 2
277 2
278 1
279 2
280 1
281 1
282 1
283 1
284 2
285 2
286 2
287 2
288 2
289 2
290 2
291 1
292 2
293 2
294 2
295 2
296 2
297 2
298 2
299 2
300 2
301 2
302 2
303 1
304 2
305 2
306 1
307 2
308 2
309 1
310 2
311 1
312 2
313 2
314 2
315 2
316 1
317 2
318 2
319 2
320 3
321 1
322 1
323 3
324 1
325 2
326 1
327 2
328 2
329 2
330 2
331 2
332 2
333 2
334 2
335 2
336 2
337 2
338 2
339 2
340 2
341 1
342 1
343 1
344 1
345 2
346 2
347 2
348 1
349 2
350 2
351 2
352 2
353 2
354 2
355 1
356 1
357 2
358 1
359 2
360 2
361 2
362 2
363 2
364 1
365 2
366 2
367 2
368 1
369 1
370 1
371 2
372 2
373 2
374 2
375 3
376 2
377 2
378 2
379 2
380 2
381 1
382 2
383 2
384 2
385 2
386 1
387 2
388 2
389 3
390 1
391 2
392 1
393 1
394 0
395 2
396 2
397 1
398 2
399 2
400 2
