#Frame      end1_rmsd
       1       0.0000
       2       2.3121
       3       2.5613
       4       2.9852
       5       2.6005
       6       2.3111
       7       2.9616
       8       2.5851
       9       2.9348
      10       2.9119
      11       2.6566
      12       2.4821
      13       2.0935
      14       2.6202
      15       2.5406
      16       3.0246
      17       3.1205
      18       3.3735
      19       2.8742
      20       3.2214
      21       2.8971
      22       3.3757
      23       3.5773
      24       3.2069
      25       3.8985
      26       3.9439
      27       4.4525
      28       3.4987
      29       3.8691
      30       3.6711
      31       4.5397
      32       3.7550
      33       2.6124
      34       3.0252
      35       2.7042
      36       2.8265
      37       2.6135
      38       2.5387
      39       2.3654
      40       2.1775
      41       2.8301
      42       3.4178
      43       2.2394
      44       2.8152
      45       3.3760
      46       3.2238
      47       2.4813
      48       2.2711
      49       2.8790
      50       2.6360
      51       3.0756
      52       2.2370
      53       2.5740
      54       2.4840
      55       2.2671
      56       2.1390
      57       2.7415
      58       3.2565
      59       2.7271
      60       1.5988
      61       2.9289
      62       2.8672
      63       2.6318
      64       3.1579
      65       2.7847
      66       2.5145
      67       2.4583
      68       2.5611
      69       2.4851
      70       2.8290
      71       2.1008
      72       3.5427
      73       2.8559
      74       3.4891
      75       1.9911
      76       3.0788
      77       2.7715
      78       2.5703
      79       3.0747
      80       3.6958
      81       1.9642
      82       2.6915
      83       3.1318
      84       3.2934
      85       3.0465
      86       4.3364
      87       4.9839
      88       4.5720
      89       5.3232
      90       4.2312
      91       3.1772
      92       4.1212
      93       3.9990
      94       4.3470
      95       3.7234
      96       2.8885
      97       4.5790
      98       4.2158
      99       5.2996
     100       4.2816
     101       4.2028
     102       3.8371
     103       3.5669
     104       3.8171
     105       2.9413
     106       5.0917
     107       3.3744
     108       4.3574
     109       3.3706
     110       4.1551
     111       3.4511
     112       2.3637
     113       2.7149
     114       3.1497
     115       3.9257
     116       3.5568
     117       3.4973
     118       3.5294
     119       4.3681
     120       5.9015
     121       4.5351
     122       6.0039
     123       5.5951
     124       5.6698
     125       7.0486
     126       4.8129
     127       4.3049
     128       5.2983
     129       3.7504
     130       4.7975
     131       5.4436
     132       6.3553
     133       5.3901
     134       6.8074
     135       6.2853
     136       5.2292
     137       5.3983
     138       6.4552
     139       5.8177
     140       6.4085
     141       6.3912
     142       6.6943
     143       6.8390
     144       7.0932
     145       4.0613
     146       4.4853
     147       2.6926
     148       3.9302
     149       2.9709
     150       4.0707
     151       2.9532
     152       3.0223
     153       2.0881
     154       3.4924
     155       3.0843
     156       5.4080
     157       3.7483
     158       4.3212
     159       3.8880
     160       3.0373
     161       2.6377
     162       2.6778
     163       3.4875
     164       2.7268
     165       3.1659
     166       2.6820
     167       3.8923
     168       4.2660
     169       4.2426
     170       3.0829
     171       4.1455
     172       4.4343
     173       3.7470
     174       4.4490
     175       3.2342
     176       3.5766
     177       2.8131
     178       3.0432
     179       3.7613
     180       3.2615
     181       3.7988
     182       3.4765
     183       3.7823
     184       3.6974
     185       3.6398
     186       3.9008
     187       3.2270
     188       3.7215
     189       2.9253
     190       4.2144
     191       3.8106
     192       3.4415
     193       3.4271
     194       3.8410
     195       3.5985
     196       4.2754
     197       3.3260
     198       4.7287
     199       4.2510
     200       3.7367
     201       3.4869
     202       4.0602
     203       3.4081
     204       2.6846
     205       3.4670
     206       2.7098
     207       2.1269
     208       2.5306
     209       2.6559
     210       3.0460
     211       2.5761
     212       2.3901
     213       1.8907
     214       2.2977
     215       2.6934
     216       2.7065
     217       2.9760
     218       3.0260
     219       3.0319
     220       3.0311
     221       2.0456
     222       2.4339
     223       2.9136
     224       2.6512
     225       2.8318
     226       3.6431
     227       2.5625
     228       3.0643
     229       3.3417
     230       1.9206
     231       3.5260
     232       3.0028
     233       2.7431
     234       2.9048
     235       3.5534
     236       2.6625
     237       3.0951
     238       3.2857
     239       2.7277
     240       2.7941
     241       3.1863
     242       3.1477
     243       3.3822
     244       3.8281
     245       2.3513
     246       3.8425
     247       2.6018
     248       2.7052
     249       2.5889
     250       2.5973
     251       3.1685
     252       3.5141
     253       3.0831
     254       2.2101
     255       2.4664
     256       3.9572
     257       3.8498
     258       3.2128
     259       2.1549
     260       3.7765
     261       3.7800
     262       4.1622
     263       3.6875
     264       3.4901
     265       2.7381
     266       2.5355
     267       3.9949
     268       2.5657
     269       3.5314
     270       3.2610
     271       2.2685
     272       2.4747
     273       3.3152
     274       3.3120
     275       2.6204
     276       3.1135
     277       3.2180
     278       2.3370
     279       2.2326
     280       2.7126
     281       1.8198
     282       3.1150
     283       2.7882
     284       2.6145
     285       2.4108
     286       1.9715
     287       2.9711
     288       3.3221
     289       2.6676
     290       2.0606
     291       2.6590
     292       1.8715
     293       3.6555
     294       3.1338
     295       2.1385
     296       3.4016
     297       3.6449
     298       2.8717
     299       3.7274
     300       2.4606
     301       3.1186
     302       2.6499
     303       2.4724
     304       2.6506
     305       2.1403
     306       2.5398
     307       2.7012
     308       2.4218
     309       3.3467
     310       2.6478
     311       2.0951
     312       2.8612
     313       2.8742
     314       2.4618
     315       2.4041
     316       2.6052
     317       2.6876
     318       1.8272
     319       2.6737
     320       2.6346
     321       2.0851
     322       3.1270
     323       3.1875
     324       3.0623
     325       2.6851
     326       2.0704
     327       2.4551
     328       2.2957
     329       3.0210
     330       2.7102
     331       3.0814
     332       4.1520
     333       3.4281
     334       4.3703
     335       5.0858
     336       5.6888
     337       3.6469
     338       2.9293
     339       3.9862
     340       5.1541
     341       4.4089
     342       2.4243
     343       3.0198
     344       2.7993
     345       3.2932
     346       4.0706
     347       3.7482
     348       4.5326
     349       4.5037
     350       3.0611
     351       3.8835
     352       3.6370
     353       4.5854
     354       4.8242
     355       3.4491
     356       3.1641
     357       2.6154
     358       3.3255
     359       3.7636
     360       3.7759
     361       4.3178
     362       4.7516
     363       4.5228
     364       4.7315
     365       5.0872
     366       5.3376
     367       3.7992
     368       4.4451
     369       3.6168
     370       4.6737
     371       4.0008
     372       4.9147
     373       4.1558
     374       3.6514
     375       3.6049
     376       3.9869
     377       4.5247
     378       3.4587
     379       2.6019
     380       3.0598
     381       3.3804
     382       3.5407
     383       3.2535
     384       3.5915
     385       3.8699
     386       4.8139
     387       4.7671
     388       4.0098
     389       4.5277
     390       4.4010
     391       5.5594
     392       4.5025
     393       4.6794
     394       3.7495
     395       3.3217
     396       4.8193
     397       3.9526
     398       5.0746
     399       4.3666
     400       4.9038
