#Frame      end2_rmsd
       1       0.0000
       2       2.2648
       3       1.6591
       4       2.7678
       5       2.8868
       6       3.0346
       7       3.2898
       8       3.8037
       9       4.4153
      10       3.9189
      11       3.7602
      12       3.8719
      13       3.8711
      14       2.5074
      15       2.6539
      16       2.4117
      17       2.1080
      18       3.6836
      19       3.5421
      20       3.3850
      21       3.6001
      22       3.7222
      23       2.8459
      24       3.3124
      25       3.1844
      26       2.9852
      27       3.2284
      28       3.3795
      29       2.6223
      30       3.1910
      31       2.7344
      32       3.3860
      33       4.1374
      34       2.9441
      35       2.6050
      36       2.1566
      37       2.6492
      38       3.5691
      39       3.2952
      40       3.7968
      41       4.4792
      42       2.4861
      43       3.0572
      44       3.1745
      45       2.7001
      46       4.3140
      47       4.1177
      48       3.9629
      49       1.8672
      50       3.6701
      51       3.1381
      52       2.7588
      53       3.5297
      54       2.7608
      55       3.0926
      56       3.9131
      57       4.3281
      58       2.5011
      59       3.3039
      60       4.1121
      61       3.9536
      62       3.2666
      63       4.5033
      64       3.2686
      65       3.8103
      66       3.3425
      67       4.2408
      68       4.0574
      69       3.3623
      70       2.1857
      71       5.0736
      72       4.4682
      73       4.3487
      74       3.9707
      75       3.5048
      76       4.0205
      77       4.1568
      78       3.4182
      79       2.9786
      80       3.5971
      81       4.0500
      82       2.8333
      83       4.0241
      84       3.4721
      85       4.3754
      86       3.7625
      87       5.7056
      88       3.6383
      89       3.4105
      90       2.8511
      91       2.1785
      92       2.1731
      93       3.1333
      94       2.4943
      95       4.4349
      96       3.4569
      97       3.2341
      98       3.3125
      99       4.7477
     100       2.7318
     101       3.2844
     102       2.4964
     103       2.2431
     104       2.4835
     105       4.4638
     106       2.5449
     107       2.8507
     108       2.4998
     109       3.0091
     110       3.3327
     111       3.3690
     112       3.1365
     113       3.4831
     114       4.2053
     115       3.2463
     116       2.6341
     117       3.1055
     118       2.1854
     119       2.0845
     120       1.9417
     121       3.7548
     122       3.8754
     123       2.2367
     124       4.6209
     125       2.7988
     126       1.9721
     127       3.2516
     128       2.8608
     129       3.1887
     130       4.2031
     131       3.8534
     132       2.3068
     133       2.4547
     134       3.0584
     135       2.5012
     136       3.3505
     137       3.6330
     138       4.6745
     139       3.6394
     140       2.4139
     141       3.2712
     142       3.3310
     143       3.3661
     144       2.6669
     145       3.7828
     146       2.6221
     147       4.1995
     148       2.8607
     149       3.8347
     150       4.8998
     151       3.9243
     152       2.5928
     153       2.6173
     154       4.7212
     155       3.5955
     156       4.5861
     157       2.9926
     158       3.3435
     159       3.0582
     160       2.3092
     161       3.4550
     162       3.4116
     163       3.7815
     164       4.0287
     165       5.2317
     166       3.1916
     167       2.7000
     168       5.3899
     169       5.1470
     170       3.3656
     171       3.1560
     172       3.6242
     173       3.8251
     174       3.1410
     175       3.5889
     176       3.3514
     177       3.6208
     178       2.4930
     179       2.8262
     180       2.9402
     181       4.8562
     182       5.0875
     183       5.0368
     184       4.1918
     185       3.7296
     186       3.9585
     187       4.9355
     188       4.1189
     189       4.9677
     190       3.4105
     191       4.7716
     192       2.9806
     193       3.6962
     194       2.8223
     195       3.8313
     196       5.9063
     197       4.2854
     198       4.9374
     199       5.8462
     200       5.9687
     201       5.4010
     202       3.8766
     203       3.1099
     204       3.7975
     205       2.9582
     206       3.7985
     207       4.3919
     208       3.7165
     209       3.3001
     210       4.9152
     211       2.5540
     212       4.6759
     213       3.7668
     214       3.7728
     215       3.0003
     216       2.7853
     217       3.3292
     218       2.0017
     219       2.2939
     220       3.0354
     221       1.4540
     222       2.4589
     223       1.9372
     224       1.9497
     225       1.6251
     226       2.4872
     227       2.5133
     228       2.8226
     229       2.6770
     230       3.2024
     231       2.2316
     232       2.6162
     233       1.9225
     234       3.0560
     235       2.4924
     236       2.7769
     237       2.9666
     238       3.0383
     239       3.0486
     240       2.9240
     241       2.4016
     242       3.0747
     243       2.3291
     244       3.5388
     245       3.1296
     246       2.1524
     247       2.9419
     248       3.1017
     249       2.2364
     250       2.5986
     251       2.7109
     252       2.3088
     253       2.5874
     254       2.8266
     255       2.8945
     256       2.3365
     257       3.3825
     258       3.3811
     259       2.1391
     260       2.2230
     261       2.5342
     262       2.6622
     263       3.2633
     264       2.6083
     265       3.7170
     266       2.7424
     267       2.5153
     268       3.0304
     269       2.3466
     270       2.5478
     271       1.6492
     272       2.4853
     273       3.4480
     274       2.5445
     275       2.6001
     276       2.3897
     277       3.2591
     278       2.8852
     279       2.3084
     280       3.1061
     281       1.8996
     282       2.2202
     283       2.6876
     284       2.5525
     285       3.1978
     286       2.4893
     287       2.6275
     288       3.2702
     289       3.1885
     290       2.6090
     291       3.3884
     292       2.9419
     293       3.3493
     294       3.5678
     295       3.0670
     296       2.3882
     297       2.2969
     298       3.1416
     299       4.7086
     300       4.2786
     301       4.5525
     302       4.8164
     303       4.7901
     304       5.0598
     305       4.1063
     306       4.3320
     307       4.1924
     308       5.1903
     309       4.0417
     310       3.5570
     311       2.9472
     312       3.9746
     313       2.9769
     314       3.9968
     315       4.5785
     316       5.7215
     317       5.2901
     318       4.4179
     319       5.2846
     320       5.6768
     321       4.4294
     322       5.5574
     323       6.9363
     324       7.1402
     325       5.2660
     326       6.9471
     327       6.9247
     328       6.7007
     329       6.1043
     330       6.5245
     331       4.7267
     332       5.3254
     333       5.5932
     334       4.6360
     335       5.6733
     336       6.2374
     337       5.2058
     338       6.0784
     339       5.2177
     340       4.4228
     341       4.4288
     342       3.2734
     343       4.6131
     344       3.5928
     345       5.2383
     346       6.5045
     347       4.0865
     348       4.2682
     349       2.9030
     350       2.3000
     351       3.4225
     352       1.7207
     353       2.0879
     354       2.7281
     355       2.6749
     356       2.5609
     357       2.8323
     358       3.1917
     359       3.5999
     360       4.0130
     361       3.2784
     362       3.6175
     363       2.4806
     364       3.4838
     365       3.4082
     366       2.6111
     367       2.2473
     368       3.1275
     369       1.8379
     370       1.8655
     371       1.9232
     372       3.2919
     373       2.5879
     374       2.3863
     375       2.7629
     376       3.3430
     377       2.7692
     378       3.3037
     379       2.4927
     380       3.6964
     381       3.5056
     382       2.5198
     383       3.4227
     384       4.1475
     385       3.7719
     386       3.7382
     387       2.3544
     388       3.2090
     389       2.3620
     390       3.0263
     391       2.8616
     392       2.9296
     393       2.7898
     394       3.4388
     395       2.4699
     396       3.9568
     397       2.3497
     398       3.4218
     399       2.7078
     400       3.1811
