#Res             RMSF
   1.000       2.9938
   2.000       2.1715
   3.000       1.3990
   4.000       0.8930
   5.000       0.9142
   6.000       0.9517
   7.000       0.8508
   8.000       0.5771
   9.000       0.5957
  10.000       0.5189
  11.000       0.4560
  12.000       0.4745
  13.000       0.4565
  14.000       0.3917
  15.000       0.4700
  16.000       0.4940
  17.000       0.4597
  18.000       0.4409
  19.000       0.5193
  20.000       0.5535
  21.000       0.6076
  22.000       0.6914
  23.000       0.5699
  24.000       0.5413
  25.000       0.5835
  26.000       0.5987
  27.000       0.5535
  28.000       0.6035
  29.000       0.5793
  30.000       0.4870
  31.000       0.5265
  32.000       0.5549
  33.000       0.4800
  34.000       0.4256
  35.000       0.4966
  36.000       0.5450
  37.000       0.4981
  38.000       0.5134
  39.000       0.6460
  40.000       0.7777
  41.000       0.7204
  42.000       0.7655
  43.000       0.8929
  44.000       1.1809
  45.000       0.7246
  46.000       0.6294
  47.000       0.6683
  48.000       0.7250
  49.000       0.7742
  50.000       0.5920
  51.000       0.4771
  52.000       0.4589
  53.000       0.4590
  54.000       0.4106
  55.000       0.3722
  56.000       0.3892
  57.000       0.3895
  58.000       0.3743
  59.000       0.3750
  60.000       0.3792
  61.000       0.4127
  62.000       0.4161
  63.000       0.3945
  64.000       0.3787
  65.000       0.4091
  66.000       0.3483
  67.000       0.3265
  68.000       0.3552
  69.000       0.3382
  70.000       0.3322
  71.000       0.3481
  72.000       0.3786
  73.000       0.3977
  74.000       0.4133
  75.000       0.4420
  76.000       0.4897
  77.000       0.5410
  78.000       0.5905
  79.000       0.5158
  80.000       0.5486
  81.000       0.4604
  82.000       0.4083
  83.000       0.4571
  84.000       0.4812
  85.000       0.4723
  86.000       0.3648
  87.000       0.4497
  88.000       0.5486
  89.000       0.4931
  90.000       0.4427
  91.000       0.5238
  92.000       0.6034
  93.000       0.5671
  94.000       0.5461
  95.000       0.8182
  96.000       1.2965
  97.000       1.9182
