#Res             RMSF
 281.000       1.7789
 282.000       1.2491
 283.000       1.0430
 284.000       1.1744
 285.000       0.9641
 286.000       0.7795
 287.000       0.6543
 288.000       0.5685
 289.000       0.7249
 290.000       0.7830
 291.000       0.6601
 292.000       0.6021
 293.000       0.5892
 294.000       0.6197
 295.000       0.5008
 296.000       0.4504
 297.000       0.5809
 298.000       0.6786
 299.000       0.6356
 300.000       0.6011
 301.000       0.8367
 302.000       0.8212
 303.000       0.6372
 304.000       0.5714
 305.000       0.4777
 306.000       0.5014
 307.000       0.5561
 308.000       0.5741
 309.000       0.4744
 310.000       0.5076
 311.000       0.5349
 312.000       0.4443
 313.000       0.4198
 314.000       0.4525
 315.000       0.4453
 316.000       0.4327
 317.000       0.3968
 318.000       0.4222
 319.000       0.4822
 320.000       0.4358
 321.000       0.3710
 322.000       0.4336
 323.000       0.4481
 324.000       0.3730
 325.000       0.4487
 326.000       0.5062
 327.000       0.4126
 328.000       0.4216
 329.000       0.4739
 330.000       0.4773
 331.000       0.4264
 332.000       0.5310
 333.000       0.6055
 334.000       0.6287
 335.000       0.6402
 336.000       0.6891
 337.000       0.7022
 338.000       1.0301
 339.000       0.6041
 340.000       0.4591
 341.000       0.4343
 342.000       0.4927
 343.000       0.5315
 344.000       0.4028
 345.000       0.3716
 346.000       0.3990
 347.000       0.3824
 348.000       0.3625
 349.000       0.3951
 350.000       0.4719
 351.000       0.4482
 352.000       0.4056
 353.000       0.3941
 354.000       0.4678
 355.000       0.5626
 356.000       0.6514
 357.000       0.5397
 358.000       0.4381
 359.000       0.5193
 360.000       0.4868
 361.000       0.4179
 362.000       0.4197
 363.000       0.4806
 364.000       0.4680
 365.000       0.4474
 366.000       0.4884
 367.000       0.5302
 368.000       0.5253
 369.000       0.5532
 370.000       0.6791
 371.000       0.7385
 372.000       0.6806
 373.000       0.8427
 374.000       1.7839
 375.000       3.6952
 376.000       5.6337
