#Res             RMSF
  98.000       2.0160
  99.000       0.9293
 100.000       0.9501
 101.000       0.9566
 102.000       0.6273
 103.000       0.5380
 104.000       0.4691
 105.000       0.4294
 106.000       0.4423
 107.000       0.3496
 108.000       0.3304
 109.000       0.4109
 110.000       0.4003
 111.000       0.3440
 112.000       0.3773
 113.000       0.3949
 114.000       0.3899
 115.000       0.4066
 116.000       0.3618
 117.000       0.4792
 118.000       0.3935
 119.000       0.4033
 120.000       0.4421
 121.000       0.5226
 122.000       0.4851
 123.000       0.3890
 124.000       0.3987
 125.000       0.4678
 126.000       0.4417
 127.000       0.3995
 128.000       0.4294
 129.000       0.5145
 130.000       0.5288
 131.000       0.5078
 132.000       0.5110
 133.000       0.5474
 134.000       0.5378
 135.000       0.5126
 136.000       0.4633
 137.000       0.4788
 138.000       0.3612
 139.000       0.3584
 140.000       0.4107
 141.000       0.3446
 142.000       0.3386
 143.000       0.3637
 144.000       0.3761
 145.000       0.3639
 146.000       0.3771
 147.000       0.4487
 148.000       0.4813
 149.000       0.5408
 150.000       0.6077
 151.000       0.5341
 152.000       0.5844
 153.000       0.4644
 154.000       0.4025
 155.000       0.4289
 156.000       0.4193
 157.000       0.4451
 158.000       0.3631
 159.000       0.3605
 160.000       0.3771
 161.000       0.4029
 162.000       0.4161
 163.000       0.5438
 164.000       0.8082
 165.000       1.0416
 166.000       1.5642
 167.000       1.0345
 168.000       0.4917
 169.000       0.4502
 170.000       0.4066
 171.000       0.4401
 172.000       0.5528
 173.000       0.7165
 174.000       1.3298
 175.000       2.8022
