#Res             RMSF
 476.000       2.6596
 477.000       1.6147
 478.000       1.2992
 479.000       1.0755
 480.000       0.6629
 481.000       0.6296
 482.000       0.9537
 483.000       1.0053
 484.000       0.6250
 485.000       0.5214
 486.000       0.4599
 487.000       0.4685
 488.000       0.4765
 489.000       0.3820
 490.000       0.3578
 491.000       0.4647
 492.000       0.4216
 493.000       0.3329
 494.000       0.3732
 495.000       0.3942
 496.000       0.4017
 497.000       0.4271
 498.000       0.3722
 499.000       0.4330
 500.000       0.4418
 501.000       0.4507
 502.000       0.4385
 503.000       0.5224
 504.000       0.5079
 505.000       0.4593
 506.000       0.4171
 507.000       0.5427
 508.000       0.5086
 509.000       0.4200
 510.000       0.4879
 511.000       0.5127
 512.000       0.4540
 513.000       0.4343
 514.000       0.4696
 515.000       0.4924
 516.000       0.4516
 517.000       0.4634
 518.000       0.5266
 519.000       0.5108
 520.000       0.4289
 521.000       0.4299
 522.000       0.4551
 523.000       0.3519
 524.000       0.3400
 525.000       0.4152
 526.000       0.4236
 527.000       0.3761
 528.000       0.4070
 529.000       0.5388
 530.000       0.5933
 531.000       0.5815
 532.000       0.6488
 533.000       0.6103
 534.000       0.7476
 535.000       0.5296
 536.000       0.4864
 537.000       0.5150
 538.000       0.5243
 539.000       0.5465
 540.000       0.3911
 541.000       0.3831
 542.000       0.4442
 543.000       0.3965
 544.000       0.3576
 545.000       0.4525
 546.000       0.5366
 547.000       0.5923
 548.000       0.6353
 549.000       0.7099
 550.000       0.7520
 551.000       0.6884
 552.000       0.4906
 553.000       0.5293
 554.000       0.6883
 555.000       0.8020
 556.000       2.0540
 557.000       3.8693
