#Res             RMSF
 281.000       3.4009
 282.000       2.0552
 283.000       2.0526
 284.000       1.7999
 285.000       1.5840
 286.000       1.5496
 287.000       0.9177
 288.000       0.5938
 289.000       0.6125
 290.000       0.6809
 291.000       0.6161
 292.000       0.5988
 293.000       0.5732
 294.000       0.6279
 295.000       0.5367
 296.000       0.5117
 297.000       0.6417
 298.000       0.7021
 299.000       0.6652
 300.000       0.7085
 301.000       0.8468
 302.000       0.8411
 303.000       0.6317
 304.000       0.6074
 305.000       0.5428
 306.000       0.5824
 307.000       0.6296
 308.000       0.6418
 309.000       0.5438
 310.000       0.5405
 311.000       0.5827
 312.000       0.5347
 313.000       0.4852
 314.000       0.5011
 315.000       0.5439
 316.000       0.5194
 317.000       0.4976
 318.000       0.5534
 319.000       0.5704
 320.000       0.4917
 321.000       0.4486
 322.000       0.5587
 323.000       0.5544
 324.000       0.4406
 325.000       0.5248
 326.000       0.5728
 327.000       0.4423
 328.000       0.4381
 329.000       0.5056
 330.000       0.4503
 331.000       0.4268
 332.000       0.5099
 333.000       0.5947
 334.000       0.6293
 335.000       0.7199
 336.000       0.7817
 337.000       0.8381
 338.000       1.0389
 339.000       0.7311
 340.000       0.5610
 341.000       0.5336
 342.000       0.5541
 343.000       0.5530
 344.000       0.4300
 345.000       0.4079
 346.000       0.4493
 347.000       0.4142
 348.000       0.3679
 349.000       0.4177
 350.000       0.5012
 351.000       0.4822
 352.000       0.4659
 353.000       0.5125
 354.000       0.6975
 355.000       0.7449
 356.000       0.7570
 357.000       0.5617
 358.000       0.5187
 359.000       0.6449
 360.000       0.5547
 361.000       0.4594
 362.000       0.4934
 363.000       0.5630
 364.000       0.5174
 365.000       0.4652
 366.000       0.5447
 367.000       0.5722
 368.000       0.5343
 369.000       0.5789
 370.000       0.7281
 371.000       0.7708
 372.000       0.7039
 373.000       0.8973
 374.000       1.8249
 375.000       3.2449
 376.000       5.0548
