#Res             RMSF
 662.000       1.0645
 663.000       0.8303
 664.000       0.6058
 665.000       0.5154
 666.000       0.4103
 667.000       0.4122
 668.000       0.4157
 669.000       0.4004
 670.000       0.3847
 671.000       0.3994
 672.000       0.4803
 673.000       0.4646
 674.000       0.4260
 675.000       0.6110
 676.000       0.7522
 677.000       0.6157
 678.000       0.5992
 679.000       0.6900
 680.000       0.7522
 681.000       0.5709
 682.000       0.5034
 683.000       0.4506
 684.000       0.4984
 685.000       0.5847
 686.000       0.6576
 687.000       0.4707
 688.000       0.4682
 689.000       0.5282
 690.000       0.4504
 691.000       0.3776
 692.000       0.3949
 693.000       0.4214
 694.000       0.3973
 695.000       0.3834
 696.000       0.4318
 697.000       0.4531
 698.000       0.4520
 699.000       0.3898
 700.000       0.4289
 701.000       0.4131
 702.000       0.3494
 703.000       0.4039
 704.000       0.4243
 705.000       0.3431
 706.000       0.3375
 707.000       0.3832
 708.000       0.3981
 709.000       0.3461
 710.000       0.4394
 711.000       0.5498
 712.000       0.5525
 713.000       0.5895
 714.000       0.6420
 715.000       0.5305
 716.000       0.6253
 717.000       0.5402
 718.000       0.4287
 719.000       0.4181
 720.000       0.4522
 721.000       0.4193
 722.000       0.3626
 723.000       0.3567
 724.000       0.3844
 725.000       0.3548
 726.000       0.3516
 727.000       0.4105
 728.000       0.4653
 729.000       0.4423
 730.000       0.3989
 731.000       0.4122
 732.000       0.5186
 733.000       0.6596
 734.000       0.8896
 735.000       0.5745
 736.000       0.4618
 737.000       0.5901
 738.000       0.5188
 739.000       0.4494
 740.000       0.3901
 741.000       0.4736
 742.000       0.4647
 743.000       0.4539
 744.000       0.4870
 745.000       0.4869
 746.000       0.4349
 747.000       0.4805
 748.000       0.6102
 749.000       0.5688
 750.000       0.5415
 751.000       0.7791
 752.000       1.3039
 753.000       2.1358
