#Res             RMSF
 662.000       1.0906
 663.000       0.8552
 664.000       0.6555
 665.000       0.5280
 666.000       0.4369
 667.000       0.4315
 668.000       0.4506
 669.000       0.4613
 670.000       0.4481
 671.000       0.4072
 672.000       0.4539
 673.000       0.4124
 674.000       0.4209
 675.000       0.5867
 676.000       0.6870
 677.000       0.5662
 678.000       0.5190
 679.000       0.6773
 680.000       0.7348
 681.000       0.5551
 682.000       0.5442
 683.000       0.4596
 684.000       0.5267
 685.000       0.6323
 686.000       0.6208
 687.000       0.4791
 688.000       0.4820
 689.000       0.5135
 690.000       0.4052
 691.000       0.3677
 692.000       0.4208
 693.000       0.4315
 694.000       0.4001
 695.000       0.3969
 696.000       0.4818
 697.000       0.4792
 698.000       0.4377
 699.000       0.4053
 700.000       0.4479
 701.000       0.4220
 702.000       0.3655
 703.000       0.4124
 704.000       0.4820
 705.000       0.4298
 706.000       0.3466
 707.000       0.3995
 708.000       0.4125
 709.000       0.3881
 710.000       0.4049
 711.000       0.4797
 712.000       0.5318
 713.000       0.6376
 714.000       0.6983
 715.000       0.6301
 716.000       0.6659
 717.000       0.5538
 718.000       0.4457
 719.000       0.4455
 720.000       0.4873
 721.000       0.4567
 722.000       0.3696
 723.000       0.3755
 724.000       0.4058
 725.000       0.3695
 726.000       0.3616
 727.000       0.4191
 728.000       0.4919
 729.000       0.4661
 730.000       0.4375
 731.000       0.4432
 732.000       0.5252
 733.000       0.6825
 734.000       0.8347
 735.000       0.5186
 736.000       0.4458
 737.000       0.5860
 738.000       0.5137
 739.000       0.4263
 740.000       0.4434
 741.000       0.5201
 742.000       0.4662
 743.000       0.4289
 744.000       0.4847
 745.000       0.5235
 746.000       0.4538
 747.000       0.4912
 748.000       0.5825
 749.000       0.5745
 750.000       0.5882
 751.000       0.8494
 752.000       2.1222
 753.000       4.1415
