#Res             RMSF
 281.000       3.2759
 282.000       2.1412
 283.000       2.2023
 284.000       1.9544
 285.000       1.7207
 286.000       1.6430
 287.000       0.8685
 288.000       0.5606
 289.000       0.5819
 290.000       0.6408
 291.000       0.6271
 292.000       0.5996
 293.000       0.5801
 294.000       0.6402
 295.000       0.5527
 296.000       0.5249
 297.000       0.6321
 298.000       0.7167
 299.000       0.6900
 300.000       0.6772
 301.000       0.7671
 302.000       0.8493
 303.000       0.6174
 304.000       0.5783
 305.000       0.5039
 306.000       0.5508
 307.000       0.5894
 308.000       0.6024
 309.000       0.4895
 310.000       0.5047
 311.000       0.5540
 312.000       0.4927
 313.000       0.4266
 314.000       0.4814
 315.000       0.5310
 316.000       0.4753
 317.000       0.4688
 318.000       0.5242
 319.000       0.5503
 320.000       0.4724
 321.000       0.4355
 322.000       0.5101
 323.000       0.5028
 324.000       0.4059
 325.000       0.4707
 326.000       0.5474
 327.000       0.4553
 328.000       0.4118
 329.000       0.4797
 330.000       0.4477
 331.000       0.4143
 332.000       0.4958
 333.000       0.5893
 334.000       0.5844
 335.000       0.6491
 336.000       0.7169
 337.000       0.6439
 338.000       0.6423
 339.000       0.5779
 340.000       0.4699
 341.000       0.4782
 342.000       0.4891
 343.000       0.4935
 344.000       0.3995
 345.000       0.4041
 346.000       0.4049
 347.000       0.3703
 348.000       0.3484
 349.000       0.4009
 350.000       0.4510
 351.000       0.4528
 352.000       0.4539
 353.000       0.4850
 354.000       0.6137
 355.000       0.6511
 356.000       0.6902
 357.000       0.5367
 358.000       0.4673
 359.000       0.5963
 360.000       0.5461
 361.000       0.4374
 362.000       0.4541
 363.000       0.5153
 364.000       0.4670
 365.000       0.4260
 366.000       0.4981
 367.000       0.5359
 368.000       0.4805
 369.000       0.4875
 370.000       0.6015
 371.000       0.6522
 372.000       0.6241
 373.000       0.7420
 374.000       1.7743
 375.000       3.2529
 376.000       5.0420
