#Res             RMSF
 558.000       1.1568
 559.000       0.7363
 560.000       0.5998
 561.000       0.4998
 562.000       0.6366
 563.000       0.6722
 564.000       0.5764
 565.000       0.6313
 566.000       0.4877
 567.000       0.5361
 568.000       0.4468
 569.000       0.4703
 570.000       0.4297
 571.000       0.5750
 572.000       0.5251
 573.000       0.3921
 574.000       0.3648
 575.000       0.4311
 576.000       0.5182
 577.000       0.4416
 578.000       0.4695
 579.000       0.5794
 580.000       0.5736
 581.000       0.5172
 582.000       0.4979
 583.000       0.5691
 584.000       0.8193
 585.000       0.5771
 586.000       0.4848
 587.000       0.5252
 588.000       0.6535
 589.000       0.5272
 590.000       0.4063
 591.000       0.3642
 592.000       0.4004
 593.000       0.4372
 594.000       0.4116
 595.000       0.3900
 596.000       0.3968
 597.000       0.4491
 598.000       0.4293
 599.000       0.4106
 600.000       0.4333
 601.000       0.4451
 602.000       0.4190
 603.000       0.4867
 604.000       0.5467
 605.000       0.4650
 606.000       0.4053
 607.000       0.4744
 608.000       0.4703
 609.000       0.4337
 610.000       0.5019
 611.000       0.5744
 612.000       0.5627
 613.000       0.5126
 614.000       0.6657
 615.000       0.7613
 616.000       0.7271
 617.000       0.8183
 618.000       0.6428
 619.000       0.6353
 620.000       0.4800
 621.000       0.3466
 622.000       0.3869
 623.000       0.4059
 624.000       0.4407
 625.000       0.4236
 626.000       0.4481
 627.000       0.3981
 628.000       0.4514
 629.000       0.5735
 630.000       0.6220
 631.000       0.8066
 632.000       0.9218
 633.000       0.7738
 634.000       0.7917
 635.000       0.6509
 636.000       0.7179
 637.000       0.8399
 638.000       0.7357
 639.000       0.5745
 640.000       0.5897
 641.000       0.8588
 642.000       0.5803
 643.000       0.5034
 644.000       0.4481
 645.000       0.4904
 646.000       0.5087
 647.000       0.4280
 648.000       0.4544
 649.000       0.4758
 650.000       0.5010
 651.000       0.6935
 652.000       0.6978
 653.000       0.6596
 654.000       0.7224
 655.000       0.6872
 656.000       0.8599
 657.000       0.7912
 658.000       0.6944
 659.000       0.8466
 660.000       1.2560
 661.000       2.0757
