#Res             RMSF
 176.000       3.3814
 177.000       1.3632
 178.000       1.1711
 179.000       0.7627
 180.000       1.0787
 181.000       0.8319
 182.000       0.8023
 183.000       0.8818
 184.000       0.8216
 185.000       0.7864
 186.000       0.7848
 187.000       0.6658
 188.000       0.6909
 189.000       0.5484
 190.000       0.5780
 191.000       0.5660
 192.000       0.5177
 193.000       0.4676
 194.000       0.6023
 195.000       0.6410
 196.000       0.6574
 197.000       0.7847
 198.000       1.0139
 199.000       1.1884
 200.000       1.3282
 201.000       0.7945
 202.000       0.8478
 203.000       1.3166
 204.000       0.7107
 205.000       0.5195
 206.000       0.5077
 207.000       0.5583
 208.000       0.5136
 209.000       0.4219
 210.000       0.4030
 211.000       0.4398
 212.000       0.4456
 213.000       0.4386
 214.000       0.4410
 215.000       0.4816
 216.000       0.5082
 217.000       0.4545
 218.000       0.4382
 219.000       0.4842
 220.000       0.4993
 221.000       0.4725
 222.000       0.4973
 223.000       0.5339
 224.000       0.4505
 225.000       0.4504
 226.000       0.5259
 227.000       0.4944
 228.000       0.4564
 229.000       0.5153
 230.000       0.5891
 231.000       0.5679
 232.000       0.5073
 233.000       0.6427
 234.000       0.7582
 235.000       0.7531
 236.000       0.7938
 237.000       0.6370
 238.000       0.6633
 239.000       0.5216
 240.000       0.4386
 241.000       0.4310
 242.000       0.4148
 243.000       0.3989
 244.000       0.3996
 245.000       0.4404
 246.000       0.4492
 247.000       0.4853
 248.000       0.6032
 249.000       0.7712
 250.000       0.8848
 251.000       1.0864
 252.000       1.0264
 253.000       1.2868
 254.000       1.0031
 255.000       0.8507
 256.000       1.1451
 257.000       1.0751
 258.000       0.9578
 259.000       1.1774
 260.000       2.2714
 261.000       1.4490
 262.000       0.5486
 263.000       0.4837
 264.000       0.4653
 265.000       0.4817
 266.000       0.4600
 267.000       0.4718
 268.000       0.5151
 269.000       0.5251
 270.000       0.6103
 271.000       0.6411
 272.000       0.7085
 273.000       0.6921
 274.000       0.6864
 275.000       0.8105
 276.000       0.8018
 277.000       0.7362
 278.000       0.8580
 279.000       1.1889
 280.000       1.9227
