#Res             RMSF
  98.000       2.2583
  99.000       1.0185
 100.000       1.0538
 101.000       0.9539
 102.000       0.5040
 103.000       0.4162
 104.000       0.3785
 105.000       0.3531
 106.000       0.3678
 107.000       0.2877
 108.000       0.2931
 109.000       0.3447
 110.000       0.3458
 111.000       0.2897
 112.000       0.3060
 113.000       0.3539
 114.000       0.3574
 115.000       0.3856
 116.000       0.3295
 117.000       0.3561
 118.000       0.3496
 119.000       0.3453
 120.000       0.3645
 121.000       0.4222
 122.000       0.3849
 123.000       0.3316
 124.000       0.3710
 125.000       0.4439
 126.000       0.4205
 127.000       0.4067
 128.000       0.4478
 129.000       0.5012
 130.000       0.4802
 131.000       0.4362
 132.000       0.4252
 133.000       0.4476
 134.000       0.4004
 135.000       0.4262
 136.000       0.4823
 137.000       0.4068
 138.000       0.3516
 139.000       0.3537
 140.000       0.4322
 141.000       0.3414
 142.000       0.3155
 143.000       0.3642
 144.000       0.3490
 145.000       0.3329
 146.000       0.3364
 147.000       0.4239
 148.000       0.4581
 149.000       0.4741
 150.000       0.5617
 151.000       0.4827
 152.000       0.5445
 153.000       0.4517
 154.000       0.3955
 155.000       0.4081
 156.000       0.4131
 157.000       0.3944
 158.000       0.3152
 159.000       0.3364
 160.000       0.3518
 161.000       0.3487
 162.000       0.3591
 163.000       0.4653
 164.000       0.6893
 165.000       0.6265
 166.000       0.5548
 167.000       0.6308
 168.000       0.4511
 169.000       0.3999
 170.000       0.3819
 171.000       0.3851
 172.000       0.5199
 173.000       0.6310
 174.000       1.4575
 175.000       2.8085
