#Res             RMSF
 377.000       2.9269
 378.000       2.0735
 379.000       1.6154
 380.000       1.1007
 381.000       0.7011
 382.000       0.6509
 383.000       0.5465
 384.000       0.5401
 385.000       0.5170
 386.000       0.4831
 387.000       0.4307
 388.000       0.4583
 389.000       0.4887
 390.000       0.4382
 391.000       0.4104
 392.000       0.4776
 393.000       0.5239
 394.000       0.4854
 395.000       0.4849
 396.000       0.5706
 397.000       0.5959
 398.000       0.5999
 399.000       0.5995
 400.000       0.4792
 401.000       0.4539
 402.000       0.4690
 403.000       0.6516
 404.000       0.5848
 405.000       0.6126
 406.000       0.6948
 407.000       0.4761
 408.000       0.4411
 409.000       0.5905
 410.000       0.5386
 411.000       0.4683
 412.000       0.6031
 413.000       0.6657
 414.000       0.6590
 415.000       0.6667
 416.000       0.8112
 417.000       0.8968
 418.000       0.8223
 419.000       0.8680
 420.000       1.0247
 421.000       1.3535
 422.000       0.8435
 423.000       0.7165
 424.000       0.6786
 425.000       0.6705
 426.000       0.7292
 427.000       0.6498
 428.000       0.5150
 429.000       0.4331
 430.000       0.4927
 431.000       0.5336
 432.000       0.4369
 433.000       0.3662
 434.000       0.4227
 435.000       0.4449
 436.000       0.4328
 437.000       0.4209
 438.000       0.4902
 439.000       0.5064
 440.000       0.4637
 441.000       0.4220
 442.000       0.4993
 443.000       0.4505
 444.000       0.3935
 445.000       0.4181
 446.000       0.4401
 447.000       0.4185
 448.000       0.4152
 449.000       0.4896
 450.000       0.5082
 451.000       0.5090
 452.000       0.5335
 453.000       0.6292
 454.000       0.6870
 455.000       0.6659
 456.000       0.5474
 457.000       0.5865
 458.000       0.4880
 459.000       0.4585
 460.000       0.5510
 461.000       0.5985
 462.000       0.6165
 463.000       0.5097
 464.000       0.5445
 465.000       0.6188
 466.000       0.5774
 467.000       0.5724
 468.000       0.6229
 469.000       0.6716
 470.000       0.7784
 471.000       0.8464
 472.000       1.3293
 473.000       2.1157
 474.000       4.4521
 475.000       5.3914
