#Res             RMSF
 476.000       2.1750
 477.000       1.3749
 478.000       1.1640
 479.000       1.0670
 480.000       0.6103
 481.000       0.6245
 482.000       0.9525
 483.000       0.9829
 484.000       0.6200
 485.000       0.5596
 486.000       0.5310
 487.000       0.5413
 488.000       0.4977
 489.000       0.3798
 490.000       0.3713
 491.000       0.4331
 492.000       0.3943
 493.000       0.3425
 494.000       0.4023
 495.000       0.4264
 496.000       0.4294
 497.000       0.4561
 498.000       0.4181
 499.000       0.4886
 500.000       0.4548
 501.000       0.4606
 502.000       0.5130
 503.000       0.5959
 504.000       0.5938
 505.000       0.4852
 506.000       0.4617
 507.000       0.6035
 508.000       0.5452
 509.000       0.4507
 510.000       0.5744
 511.000       0.5544
 512.000       0.4347
 513.000       0.3989
 514.000       0.4394
 515.000       0.4803
 516.000       0.3675
 517.000       0.3995
 518.000       0.4692
 519.000       0.4339
 520.000       0.3583
 521.000       0.3553
 522.000       0.4527
 523.000       0.3484
 524.000       0.3259
 525.000       0.3511
 526.000       0.3856
 527.000       0.3629
 528.000       0.3738
 529.000       0.4997
 530.000       0.5486
 531.000       0.5647
 532.000       0.6372
 533.000       0.6078
 534.000       0.7032
 535.000       0.5250
 536.000       0.4067
 537.000       0.4499
 538.000       0.4192
 539.000       0.4210
 540.000       0.3446
 541.000       0.3443
 542.000       0.3825
 543.000       0.3636
 544.000       0.3514
 545.000       0.4230
 546.000       0.5036
 547.000       0.5375
 548.000       0.5363
 549.000       0.6932
 550.000       0.7035
 551.000       0.6486
 552.000       0.4842
 553.000       0.5348
 554.000       0.7014
 555.000       0.7681
 556.000       1.5680
 557.000       3.2815
