#Res             RMSF
 377.000       2.4484
 378.000       1.9720
 379.000       1.4735
 380.000       0.8863
 381.000       0.5593
 382.000       0.5560
 383.000       0.4665
 384.000       0.4417
 385.000       0.4415
 386.000       0.4048
 387.000       0.3742
 388.000       0.4297
 389.000       0.4718
 390.000       0.4198
 391.000       0.4025
 392.000       0.4369
 393.000       0.4335
 394.000       0.4167
 395.000       0.3997
 396.000       0.4801
 397.000       0.4964
 398.000       0.4850
 399.000       0.5271
 400.000       0.4747
 401.000       0.4315
 402.000       0.4177
 403.000       0.4558
 404.000       0.4375
 405.000       0.4680
 406.000       0.5033
 407.000       0.4065
 408.000       0.4444
 409.000       0.5433
 410.000       0.4564
 411.000       0.3935
 412.000       0.4533
 413.000       0.4462
 414.000       0.4538
 415.000       0.4421
 416.000       0.6016
 417.000       0.7416
 418.000       0.6545
 419.000       0.6673
 420.000       0.8252
 421.000       1.3231
 422.000       0.8096
 423.000       0.6980
 424.000       0.5792
 425.000       0.5426
 426.000       0.6106
 427.000       0.4494
 428.000       0.3746
 429.000       0.3744
 430.000       0.4363
 431.000       0.4348
 432.000       0.4004
 433.000       0.3287
 434.000       0.3516
 435.000       0.3949
 436.000       0.3698
 437.000       0.3536
 438.000       0.3828
 439.000       0.3951
 440.000       0.3574
 441.000       0.3570
 442.000       0.3798
 443.000       0.3232
 444.000       0.3400
 445.000       0.3452
 446.000       0.3171
 447.000       0.3354
 448.000       0.3532
 449.000       0.4109
 450.000       0.3797
 451.000       0.3935
 452.000       0.4523
 453.000       0.4909
 454.000       0.5594
 455.000       0.6356
 456.000       0.4739
 457.000       0.5866
 458.000       0.4261
 459.000       0.3421
 460.000       0.4337
 461.000       0.4650
 462.000       0.4158
 463.000       0.3281
 464.000       0.4198
 465.000       0.5199
 466.000       0.4539
 467.000       0.4729
 468.000       0.5601
 469.000       0.5539
 470.000       0.4731
 471.000       0.5213
 472.000       0.8332
 473.000       0.8690
 474.000       1.1866
 475.000       1.1307
