#Res             RMSF
 558.000       1.1016
 559.000       0.6769
 560.000       0.5729
 561.000       0.4899
 562.000       0.6095
 563.000       0.6441
 564.000       0.5546
 565.000       0.6116
 566.000       0.4619
 567.000       0.4672
 568.000       0.3892
 569.000       0.4325
 570.000       0.3718
 571.000       0.4640
 572.000       0.4314
 573.000       0.3794
 574.000       0.3749
 575.000       0.4199
 576.000       0.4672
 577.000       0.4947
 578.000       0.6039
 579.000       0.6477
 580.000       0.6064
 581.000       0.5715
 582.000       0.5385
 583.000       0.7843
 584.000       1.3091
 585.000       0.6745
 586.000       0.5521
 587.000       0.5815
 588.000       0.6686
 589.000       0.5320
 590.000       0.4149
 591.000       0.3721
 592.000       0.3692
 593.000       0.3767
 594.000       0.3726
 595.000       0.3591
 596.000       0.3879
 597.000       0.4132
 598.000       0.3996
 599.000       0.3727
 600.000       0.4069
 601.000       0.4405
 602.000       0.4295
 603.000       0.4694
 604.000       0.5094
 605.000       0.4364
 606.000       0.4066
 607.000       0.4932
 608.000       0.4700
 609.000       0.4103
 610.000       0.4537
 611.000       0.5524
 612.000       0.5307
 613.000       0.4649
 614.000       0.6415
 615.000       0.7771
 616.000       0.7497
 617.000       0.7607
 618.000       0.5726
 619.000       0.6072
 620.000       0.4823
 621.000       0.3838
 622.000       0.4278
 623.000       0.4140
 624.000       0.4600
 625.000       0.4280
 626.000       0.4336
 627.000       0.4430
 628.000       0.4893
 629.000       0.5446
 630.000       0.5698
 631.000       0.6870
 632.000       0.7942
 633.000       0.8291
 634.000       0.8993
 635.000       0.6657
 636.000       0.6632
 637.000       0.8317
 638.000       0.7482
 639.000       0.5897
 640.000       0.6404
 641.000       0.9420
 642.000       0.6278
 643.000       0.4897
 644.000       0.4463
 645.000       0.4990
 646.000       0.5234
 647.000       0.4975
 648.000       0.4921
 649.000       0.5714
 650.000       0.5154
 651.000       0.6271
 652.000       0.6949
 653.000       0.7656
 654.000       0.7791
 655.000       0.8310
 656.000       0.9859
 657.000       1.0013
 658.000       0.8784
 659.000       1.0672
 660.000       1.4132
 661.000       2.2369
