#Res             RMSF
 662.000       1.3824
 663.000       1.0210
 664.000       0.7687
 665.000       0.5640
 666.000       0.4435
 667.000       0.4544
 668.000       0.4923
 669.000       0.4796
 670.000       0.4615
 671.000       0.4464
 672.000       0.4963
 673.000       0.4388
 674.000       0.4227
 675.000       0.5857
 676.000       0.6786
 677.000       0.6164
 678.000       0.5657
 679.000       0.7133
 680.000       0.7855
 681.000       0.5864
 682.000       0.5391
 683.000       0.4648
 684.000       0.4961
 685.000       0.6337
 686.000       0.6353
 687.000       0.4687
 688.000       0.4851
 689.000       0.5339
 690.000       0.4430
 691.000       0.3881
 692.000       0.4182
 693.000       0.4478
 694.000       0.4038
 695.000       0.4099
 696.000       0.4708
 697.000       0.4705
 698.000       0.4688
 699.000       0.4166
 700.000       0.4421
 701.000       0.4154
 702.000       0.3734
 703.000       0.4043
 704.000       0.4911
 705.000       0.4269
 706.000       0.3500
 707.000       0.4160
 708.000       0.4327
 709.000       0.3664
 710.000       0.4328
 711.000       0.5409
 712.000       0.5586
 713.000       0.6709
 714.000       0.7504
 715.000       0.6363
 716.000       0.7396
 717.000       0.5365
 718.000       0.4326
 719.000       0.4317
 720.000       0.4569
 721.000       0.4401
 722.000       0.3632
 723.000       0.3768
 724.000       0.4074
 725.000       0.3668
 726.000       0.3542
 727.000       0.4210
 728.000       0.4644
 729.000       0.4616
 730.000       0.4614
 731.000       0.4495
 732.000       0.5409
 733.000       0.6888
 734.000       0.8518
 735.000       0.5545
 736.000       0.4704
 737.000       0.5952
 738.000       0.5126
 739.000       0.4280
 740.000       0.4366
 741.000       0.4939
 742.000       0.4444
 743.000       0.4325
 744.000       0.4981
 745.000       0.5260
 746.000       0.4625
 747.000       0.4985
 748.000       0.5908
 749.000       0.6089
 750.000       0.6048
 751.000       0.8132
 752.000       1.9249
 753.000       3.8059
