#Res             RMSF
 176.000       1.8091
 177.000       0.8485
 178.000       0.6602
 179.000       0.4688
 180.000       0.4831
 181.000       0.5860
 182.000       0.5583
 183.000       0.5141
 184.000       0.6493
 185.000       0.6014
 186.000       0.6618
 187.000       0.5695
 188.000       0.4868
 189.000       0.3990
 190.000       0.4233
 191.000       0.4274
 192.000       0.4180
 193.000       0.4065
 194.000       0.5208
 195.000       0.5372
 196.000       0.4672
 197.000       0.7419
 198.000       0.9211
 199.000       1.0088
 200.000       0.7967
 201.000       0.5751
 202.000       0.5699
 203.000       0.6742
 204.000       0.5599
 205.000       0.4762
 206.000       0.5029
 207.000       0.5574
 208.000       0.4727
 209.000       0.3842
 210.000       0.3556
 211.000       0.3702
 212.000       0.3740
 213.000       0.3722
 214.000       0.3596
 215.000       0.4034
 216.000       0.4312
 217.000       0.4240
 218.000       0.4140
 219.000       0.4468
 220.000       0.4498
 221.000       0.4458
 222.000       0.4604
 223.000       0.4773
 224.000       0.4559
 225.000       0.4747
 226.000       0.5026
 227.000       0.4926
 228.000       0.4108
 229.000       0.4607
 230.000       0.5912
 231.000       0.5296
 232.000       0.4511
 233.000       0.6335
 234.000       0.7548
 235.000       0.7351
 236.000       0.7287
 237.000       0.5910
 238.000       0.5930
 239.000       0.4417
 240.000       0.3603
 241.000       0.3799
 242.000       0.3577
 243.000       0.3532
 244.000       0.3453
 245.000       0.4038
 246.000       0.3832
 247.000       0.4193
 248.000       0.4918
 249.000       0.5832
 250.000       0.9710
 251.000       1.1162
 252.000       0.7075
 253.000       0.5693
 254.000       0.4688
 255.000       0.4586
 256.000       0.5002
 257.000       0.5306
 258.000       0.5163
 259.000       0.5309
 260.000       0.7588
 261.000       0.5650
 262.000       0.4969
 263.000       0.4821
 264.000       0.4563
 265.000       0.4709
 266.000       0.4714
 267.000       0.4222
 268.000       0.5280
 269.000       0.5175
 270.000       0.6354
 271.000       0.6320
 272.000       0.6779
 273.000       0.7134
 274.000       0.7161
 275.000       0.8085
 276.000       0.7645
 277.000       0.7181
 278.000       0.9164
 279.000       1.2532
 280.000       1.9957
