#Res             RMSF
 558.000       1.2351
 559.000       0.7926
 560.000       0.6122
 561.000       0.5212
 562.000       0.6543
 563.000       0.6735
 564.000       0.5643
 565.000       0.6489
 566.000       0.4793
 567.000       0.5051
 568.000       0.4067
 569.000       0.4386
 570.000       0.4026
 571.000       0.5122
 572.000       0.4619
 573.000       0.3928
 574.000       0.3892
 575.000       0.4285
 576.000       0.4806
 577.000       0.4726
 578.000       0.5846
 579.000       0.6521
 580.000       0.6007
 581.000       0.5548
 582.000       0.5030
 583.000       0.7920
 584.000       1.4068
 585.000       0.6217
 586.000       0.5139
 587.000       0.5446
 588.000       0.6672
 589.000       0.5290
 590.000       0.4021
 591.000       0.3777
 592.000       0.3973
 593.000       0.4112
 594.000       0.3959
 595.000       0.3675
 596.000       0.3907
 597.000       0.4177
 598.000       0.4018
 599.000       0.3787
 600.000       0.4023
 601.000       0.4351
 602.000       0.4141
 603.000       0.4597
 604.000       0.4952
 605.000       0.4278
 606.000       0.4080
 607.000       0.4624
 608.000       0.4530
 609.000       0.4066
 610.000       0.4558
 611.000       0.5629
 612.000       0.5536
 613.000       0.5018
 614.000       0.6624
 615.000       0.7966
 616.000       0.7905
 617.000       0.8240
 618.000       0.6161
 619.000       0.6239
 620.000       0.5075
 621.000       0.3776
 622.000       0.4118
 623.000       0.4116
 624.000       0.4524
 625.000       0.4086
 626.000       0.4255
 627.000       0.4471
 628.000       0.4836
 629.000       0.5419
 630.000       0.6034
 631.000       0.7397
 632.000       0.8434
 633.000       0.8187
 634.000       0.8912
 635.000       0.6683
 636.000       0.6925
 637.000       0.8827
 638.000       0.7878
 639.000       0.5904
 640.000       0.6473
 641.000       0.9813
 642.000       0.6176
 643.000       0.4771
 644.000       0.4396
 645.000       0.4786
 646.000       0.5095
 647.000       0.4904
 648.000       0.4963
 649.000       0.5590
 650.000       0.5393
 651.000       0.6716
 652.000       0.7187
 653.000       0.7731
 654.000       0.7843
 655.000       0.8187
 656.000       0.9532
 657.000       0.9208
 658.000       0.8140
 659.000       0.9846
 660.000       1.4140
 661.000       2.2226
