#Res             RMSF
 377.000       2.8562
 378.000       1.8315
 379.000       1.4501
 380.000       0.9813
 381.000       0.6234
 382.000       0.6219
 383.000       0.5404
 384.000       0.5242
 385.000       0.5241
 386.000       0.4798
 387.000       0.4478
 388.000       0.4763
 389.000       0.4989
 390.000       0.4506
 391.000       0.4215
 392.000       0.4962
 393.000       0.5432
 394.000       0.5011
 395.000       0.4743
 396.000       0.5353
 397.000       0.5709
 398.000       0.5436
 399.000       0.5917
 400.000       0.4728
 401.000       0.4129
 402.000       0.3959
 403.000       0.4900
 404.000       0.4981
 405.000       0.5150
 406.000       0.5804
 407.000       0.4255
 408.000       0.4306
 409.000       0.5630
 410.000       0.4663
 411.000       0.4239
 412.000       0.5818
 413.000       0.5950
 414.000       0.5535
 415.000       0.6015
 416.000       0.7806
 417.000       0.9135
 418.000       0.8430
 419.000       0.8896
 420.000       0.9997
 421.000       1.3511
 422.000       0.8722
 423.000       0.7007
 424.000       0.6561
 425.000       0.6473
 426.000       0.6878
 427.000       0.6451
 428.000       0.4917
 429.000       0.4072
 430.000       0.4823
 431.000       0.5576
 432.000       0.4667
 433.000       0.3614
 434.000       0.4137
 435.000       0.4229
 436.000       0.4226
 437.000       0.4195
 438.000       0.4459
 439.000       0.4468
 440.000       0.4340
 441.000       0.4352
 442.000       0.4665
 443.000       0.4176
 444.000       0.3876
 445.000       0.4074
 446.000       0.4280
 447.000       0.4098
 448.000       0.3975
 449.000       0.4648
 450.000       0.4977
 451.000       0.4946
 452.000       0.5087
 453.000       0.5843
 454.000       0.6520
 455.000       0.6464
 456.000       0.5188
 457.000       0.5799
 458.000       0.4455
 459.000       0.4224
 460.000       0.5068
 461.000       0.5912
 462.000       0.5793
 463.000       0.4761
 464.000       0.5223
 465.000       0.6302
 466.000       0.5818
 467.000       0.5479
 468.000       0.5884
 469.000       0.5957
 470.000       0.6661
 471.000       0.6883
 472.000       1.1070
 473.000       1.7704
 474.000       4.3189
 475.000       4.8862
