#Res             RMSF
  98.000       1.6419
  99.000       0.8387
 100.000       0.8946
 101.000       0.9560
 102.000       0.6650
 103.000       0.5691
 104.000       0.4904
 105.000       0.4529
 106.000       0.4519
 107.000       0.3601
 108.000       0.3416
 109.000       0.4110
 110.000       0.4074
 111.000       0.3521
 112.000       0.3774
 113.000       0.3957
 114.000       0.3966
 115.000       0.4018
 116.000       0.3478
 117.000       0.4596
 118.000       0.3850
 119.000       0.3984
 120.000       0.4451
 121.000       0.5356
 122.000       0.4979
 123.000       0.3831
 124.000       0.4042
 125.000       0.4727
 126.000       0.4394
 127.000       0.3772
 128.000       0.4103
 129.000       0.4942
 130.000       0.5114
 131.000       0.4930
 132.000       0.4985
 133.000       0.5360
 134.000       0.5269
 135.000       0.4658
 136.000       0.4351
 137.000       0.5007
 138.000       0.3627
 139.000       0.3514
 140.000       0.3945
 141.000       0.3365
 142.000       0.3382
 143.000       0.3472
 144.000       0.3700
 145.000       0.3439
 146.000       0.3450
 147.000       0.4179
 148.000       0.4520
 149.000       0.4952
 150.000       0.5458
 151.000       0.4862
 152.000       0.5492
 153.000       0.4428
 154.000       0.3762
 155.000       0.4088
 156.000       0.4040
 157.000       0.4351
 158.000       0.3582
 159.000       0.3634
 160.000       0.3647
 161.000       0.3934
 162.000       0.4206
 163.000       0.5422
 164.000       0.8039
 165.000       1.0875
 166.000       1.7150
 167.000       1.1323
 168.000       0.5052
 169.000       0.4526
 170.000       0.4050
 171.000       0.4550
 172.000       0.5620
 173.000       0.7442
 174.000       1.1220
 175.000       2.4869
