#Res             RMSF
   1.000       1.6106
   2.000       1.1705
   3.000       0.8818
   4.000       0.6273
   5.000       0.5729
   6.000       0.4970
   7.000       0.4971
   8.000       0.4407
   9.000       0.4215
  10.000       0.4064
  11.000       0.4036
  12.000       0.4448
  13.000       0.3991
  14.000       0.3463
  15.000       0.4465
  16.000       0.4491
  17.000       0.4164
  18.000       0.4106
  19.000       0.4746
  20.000       0.4778
  21.000       0.4396
  22.000       0.5427
  23.000       0.4635
  24.000       0.3935
  25.000       0.3705
  26.000       0.3845
  27.000       0.4631
  28.000       0.4968
  29.000       0.4712
  30.000       0.4086
  31.000       0.4339
  32.000       0.5245
  33.000       0.4607
  34.000       0.4070
  35.000       0.4953
  36.000       0.4866
  37.000       0.4512
  38.000       0.4883
  39.000       0.5949
  40.000       0.7323
  41.000       0.6743
  42.000       0.6773
  43.000       0.7759
  44.000       0.8262
  45.000       0.5800
  46.000       0.4522
  47.000       0.4651
  48.000       0.5407
  49.000       0.5822
  50.000       0.4791
  51.000       0.3934
  52.000       0.3997
  53.000       0.4134
  54.000       0.3639
  55.000       0.3250
  56.000       0.3409
  57.000       0.3371
  58.000       0.3360
  59.000       0.3397
  60.000       0.3406
  61.000       0.3883
  62.000       0.3728
  63.000       0.3537
  64.000       0.3532
  65.000       0.4116
  66.000       0.3233
  67.000       0.2972
  68.000       0.3182
  69.000       0.2962
  70.000       0.2755
  71.000       0.3067
  72.000       0.3262
  73.000       0.3588
  74.000       0.3538
  75.000       0.3886
  76.000       0.4702
  77.000       0.4883
  78.000       0.4856
  79.000       0.4076
  80.000       0.4657
  81.000       0.3357
  82.000       0.3078
  83.000       0.3612
  84.000       0.4060
  85.000       0.3912
  86.000       0.3113
  87.000       0.4135
  88.000       0.5089
  89.000       0.4409
  90.000       0.4036
  91.000       0.5363
  92.000       0.5997
  93.000       0.4712
  94.000       0.5166
  95.000       0.7005
  96.000       0.7911
  97.000       0.9839
