#Res             RMSF
 476.000       2.3512
 477.000       1.4693
 478.000       1.2201
 479.000       1.0741
 480.000       0.6403
 481.000       0.6300
 482.000       0.9498
 483.000       0.9614
 484.000       0.6484
 485.000       0.5531
 486.000       0.4960
 487.000       0.4934
 488.000       0.5394
 489.000       0.4252
 490.000       0.3991
 491.000       0.5208
 492.000       0.4652
 493.000       0.3567
 494.000       0.4045
 495.000       0.4264
 496.000       0.4211
 497.000       0.4454
 498.000       0.3974
 499.000       0.4460
 500.000       0.4332
 501.000       0.4358
 502.000       0.4587
 503.000       0.5565
 504.000       0.5516
 505.000       0.4650
 506.000       0.4414
 507.000       0.5619
 508.000       0.5211
 509.000       0.4382
 510.000       0.5278
 511.000       0.5538
 512.000       0.4972
 513.000       0.4536
 514.000       0.4939
 515.000       0.5318
 516.000       0.4733
 517.000       0.4689
 518.000       0.5090
 519.000       0.4828
 520.000       0.4090
 521.000       0.4025
 522.000       0.4399
 523.000       0.3518
 524.000       0.3281
 525.000       0.3795
 526.000       0.4035
 527.000       0.3922
 528.000       0.4202
 529.000       0.5255
 530.000       0.5843
 531.000       0.6256
 532.000       0.6759
 533.000       0.6132
 534.000       0.7510
 535.000       0.5271
 536.000       0.4816
 537.000       0.5225
 538.000       0.5186
 539.000       0.5095
 540.000       0.3937
 541.000       0.4012
 542.000       0.4503
 543.000       0.4114
 544.000       0.3710
 545.000       0.4550
 546.000       0.5439
 547.000       0.6107
 548.000       0.6461
 549.000       0.7666
 550.000       0.7698
 551.000       0.6657
 552.000       0.4991
 553.000       0.5418
 554.000       0.7235
 555.000       0.8820
 556.000       2.0612
 557.000       3.7598
