#Res             RMSF
   1.000       3.5016
   2.000       2.3046
   3.000       1.4974
   4.000       0.9237
   5.000       0.9154
   6.000       0.9583
   7.000       0.8599
   8.000       0.6045
   9.000       0.5795
  10.000       0.5255
  11.000       0.4696
  12.000       0.4744
  13.000       0.4709
  14.000       0.4115
  15.000       0.4781
  16.000       0.4982
  17.000       0.4627
  18.000       0.4596
  19.000       0.5461
  20.000       0.5930
  21.000       0.6072
  22.000       0.6623
  23.000       0.5441
  24.000       0.5027
  25.000       0.5875
  26.000       0.6037
  27.000       0.5590
  28.000       0.5898
  29.000       0.5436
  30.000       0.4680
  31.000       0.5199
  32.000       0.5510
  33.000       0.4585
  34.000       0.4160
  35.000       0.5043
  36.000       0.5519
  37.000       0.4775
  38.000       0.5000
  39.000       0.6557
  40.000       0.8085
  41.000       0.7269
  42.000       0.7333
  43.000       0.8440
  44.000       1.1128
  45.000       0.7012
  46.000       0.6260
  47.000       0.6595
  48.000       0.6753
  49.000       0.7600
  50.000       0.5929
  51.000       0.4529
  52.000       0.4411
  53.000       0.4598
  54.000       0.4110
  55.000       0.3703
  56.000       0.3825
  57.000       0.3919
  58.000       0.3840
  59.000       0.3968
  60.000       0.3748
  61.000       0.4025
  62.000       0.4239
  63.000       0.4017
  64.000       0.3907
  65.000       0.4255
  66.000       0.3533
  67.000       0.3279
  68.000       0.3592
  69.000       0.3454
  70.000       0.3202
  71.000       0.3511
  72.000       0.3851
  73.000       0.3830
  74.000       0.4048
  75.000       0.4366
  76.000       0.4753
  77.000       0.5517
  78.000       0.5936
  79.000       0.5096
  80.000       0.5623
  81.000       0.4527
  82.000       0.3966
  83.000       0.4645
  84.000       0.4829
  85.000       0.4752
  86.000       0.3678
  87.000       0.4327
  88.000       0.5337
  89.000       0.4846
  90.000       0.4394
  91.000       0.4954
  92.000       0.5658
  93.000       0.5558
  94.000       0.5358
  95.000       0.7740
  96.000       1.2678
  97.000       2.1134
