#Res             RMSF
  98.000       1.8892
  99.000       0.9682
 100.000       1.0301
 101.000       0.9701
 102.000       0.5957
 103.000       0.4844
 104.000       0.4579
 105.000       0.4393
 106.000       0.4486
 107.000       0.3549
 108.000       0.3246
 109.000       0.4091
 110.000       0.3940
 111.000       0.3409
 112.000       0.3764
 113.000       0.3959
 114.000       0.4216
 115.000       0.4338
 116.000       0.3799
 117.000       0.4705
 118.000       0.4102
 119.000       0.4051
 120.000       0.4352
 121.000       0.5269
 122.000       0.4880
 123.000       0.3755
 124.000       0.3822
 125.000       0.4758
 126.000       0.4412
 127.000       0.3897
 128.000       0.4295
 129.000       0.4961
 130.000       0.5031
 131.000       0.4917
 132.000       0.4934
 133.000       0.5150
 134.000       0.5066
 135.000       0.4891
 136.000       0.4756
 137.000       0.4904
 138.000       0.3668
 139.000       0.3610
 140.000       0.3927
 141.000       0.3458
 142.000       0.3588
 143.000       0.3692
 144.000       0.3677
 145.000       0.3392
 146.000       0.3638
 147.000       0.4562
 148.000       0.4897
 149.000       0.5190
 150.000       0.5948
 151.000       0.5075
 152.000       0.5855
 153.000       0.4730
 154.000       0.4121
 155.000       0.4278
 156.000       0.4224
 157.000       0.4242
 158.000       0.3521
 159.000       0.3659
 160.000       0.3829
 161.000       0.4099
 162.000       0.4951
 163.000       0.5870
 164.000       0.9700
 165.000       1.5200
 166.000       1.9390
 167.000       1.3086
 168.000       0.5304
 169.000       0.4494
 170.000       0.4111
 171.000       0.4209
 172.000       0.5341
 173.000       0.7333
 174.000       1.2921
 175.000       2.8135
