#Res             RMSF
   1.000       3.3317
   2.000       2.4092
   3.000       1.5186
   4.000       0.9537
   5.000       0.9807
   6.000       1.0166
   7.000       0.9088
   8.000       0.6062
   9.000       0.6309
  10.000       0.5441
  11.000       0.4711
  12.000       0.4841
  13.000       0.4727
  14.000       0.4078
  15.000       0.4689
  16.000       0.4955
  17.000       0.4633
  18.000       0.4395
  19.000       0.5261
  20.000       0.5672
  21.000       0.6610
  22.000       0.7260
  23.000       0.5941
  24.000       0.5645
  25.000       0.6360
  26.000       0.6393
  27.000       0.5537
  28.000       0.5979
  29.000       0.5822
  30.000       0.4816
  31.000       0.5414
  32.000       0.5534
  33.000       0.4718
  34.000       0.4280
  35.000       0.4931
  36.000       0.5427
  37.000       0.5039
  38.000       0.5092
  39.000       0.6105
  40.000       0.7836
  41.000       0.7079
  42.000       0.7108
  43.000       0.7796
  44.000       0.9513
  45.000       0.5859
  46.000       0.5778
  47.000       0.5323
  48.000       0.6048
  49.000       0.6922
  50.000       0.5563
  51.000       0.4407
  52.000       0.4251
  53.000       0.4247
  54.000       0.3973
  55.000       0.3650
  56.000       0.3839
  57.000       0.3830
  58.000       0.3783
  59.000       0.3749
  60.000       0.3877
  61.000       0.4174
  62.000       0.4280
  63.000       0.4003
  64.000       0.3858
  65.000       0.4040
  66.000       0.3521
  67.000       0.3270
  68.000       0.3594
  69.000       0.3457
  70.000       0.3454
  71.000       0.3533
  72.000       0.3923
  73.000       0.4057
  74.000       0.4266
  75.000       0.4511
  76.000       0.4899
  77.000       0.5533
  78.000       0.6112
  79.000       0.5355
  80.000       0.5632
  81.000       0.4817
  82.000       0.4294
  83.000       0.4775
  84.000       0.5007
  85.000       0.4956
  86.000       0.3824
  87.000       0.4607
  88.000       0.5544
  89.000       0.5056
  90.000       0.4556
  91.000       0.4866
  92.000       0.5675
  93.000       0.5853
  94.000       0.5524
  95.000       0.8255
  96.000       1.4442
  97.000       2.0991
