#Res             RMSF
 176.000       3.4003
 177.000       1.1988
 178.000       1.0697
 179.000       0.6985
 180.000       0.8107
 181.000       0.6884
 182.000       0.7015
 183.000       0.6835
 184.000       0.7633
 185.000       0.7440
 186.000       0.7171
 187.000       0.6255
 188.000       0.6809
 189.000       0.5477
 190.000       0.5568
 191.000       0.5517
 192.000       0.4569
 193.000       0.4446
 194.000       0.5154
 195.000       0.5327
 196.000       0.4874
 197.000       0.5630
 198.000       0.8581
 199.000       0.9147
 200.000       0.9069
 201.000       0.5427
 202.000       0.5543
 203.000       0.6262
 204.000       0.5242
 205.000       0.4785
 206.000       0.5019
 207.000       0.5684
 208.000       0.4955
 209.000       0.3906
 210.000       0.3575
 211.000       0.3813
 212.000       0.3781
 213.000       0.3691
 214.000       0.3899
 215.000       0.4078
 216.000       0.4086
 217.000       0.4070
 218.000       0.4057
 219.000       0.4161
 220.000       0.4620
 221.000       0.4589
 222.000       0.4750
 223.000       0.5082
 224.000       0.4256
 225.000       0.4240
 226.000       0.4820
 227.000       0.4601
 228.000       0.4058
 229.000       0.4609
 230.000       0.5359
 231.000       0.5139
 232.000       0.4892
 233.000       0.6621
 234.000       0.7743
 235.000       0.7996
 236.000       0.8273
 237.000       0.6259
 238.000       0.6494
 239.000       0.4931
 240.000       0.4062
 241.000       0.4117
 242.000       0.3900
 243.000       0.3693
 244.000       0.3741
 245.000       0.4020
 246.000       0.3855
 247.000       0.4534
 248.000       0.5379
 249.000       0.4934
 250.000       0.5939
 251.000       0.8351
 252.000       0.6686
 253.000       0.7107
 254.000       0.5794
 255.000       0.5028
 256.000       0.5606
 257.000       0.6382
 258.000       0.6201
 259.000       0.5732
 260.000       0.7834
 261.000       0.6023
 262.000       0.5153
 263.000       0.4624
 264.000       0.4508
 265.000       0.4700
 266.000       0.4492
 267.000       0.4596
 268.000       0.4796
 269.000       0.5099
 270.000       0.5866
 271.000       0.6057
 272.000       0.7028
 273.000       0.6616
 274.000       0.6575
 275.000       0.7740
 276.000       0.7654
 277.000       0.7135
 278.000       0.8362
 279.000       1.1961
 280.000       1.9491
