#Frame      end1_rmsd
       1       0.0000
       2       4.1726
       3       2.7655
       4       4.2242
       5       4.9939
       6       3.5663
       7       4.1644
       8       3.2023
       9       3.0870
      10       1.8896
      11       4.5885
      12       3.0679
      13       2.6616
      14       3.9783
      15       3.0973
      16       2.5090
      17       2.5658
      18       3.4545
      19       3.2948
      20       3.3265
      21       3.5963
      22       2.4039
      23       3.0814
      24       2.9302
      25       3.7364
      26       3.0149
      27       2.9911
      28       3.2961
      29       4.5512
      30       5.5235
      31       3.3340
      32       3.3662
      33       3.6636
      34       3.2085
      35       3.0628
      36       2.9676
      37       2.9141
      38       4.0207
      39       3.6402
      40       4.0128
      41       3.8657
      42       3.6565
      43       4.1639
      44       4.5482
      45       3.4281
      46       3.6692
      47       2.8363
      48       3.3108
      49       3.8279
      50       3.9055
      51       3.1643
      52       2.5573
      53       2.7971
      54       4.6719
      55       5.0718
      56       2.8657
      57       2.8842
      58       2.9123
      59       2.6412
      60       3.0258
      61       2.8003
      62       2.4612
      63       3.3013
      64       2.5967
      65       2.7789
      66       3.4311
      67       2.9082
      68       3.4988
      69       3.0597
      70       3.9753
      71       3.7979
      72       3.2777
      73       3.0989
      74       2.9106
      75       2.0709
      76       2.1090
      77       2.6592
      78       2.1783
      79       2.4193
      80       2.4797
      81       2.7499
      82       1.9030
      83       2.3635
      84       2.3858
      85       2.0554
      86       3.0849
      87       2.6587
      88       3.9697
      89       3.3768
      90       3.0322
      91       2.9694
      92       6.0758
      93       5.5154
      94       5.1000
      95       4.7188
      96       5.0504
      97       2.7456
      98       3.2418
      99       4.9074
     100       4.8026
     101       3.5983
     102       3.8901
     103       4.6193
     104       3.9752
     105       3.0150
     106       2.6509
     107       2.4333
     108       2.0209
     109       2.5966
     110       3.2495
     111       2.7905
     112       1.8316
     113       2.7496
     114       2.4513
     115       1.7808
     116       2.8064
     117       2.5638
     118       2.6282
     119       3.6216
     120       2.9947
     121       3.4604
     122       3.3935
     123       2.9482
     124       2.1815
     125       2.6644
     126       2.4253
     127       2.3247
     128       3.2108
     129       3.0578
     130       2.2730
     131       3.6376
     132       2.4650
     133       3.7700
     134       2.6161
     135       2.7150
     136       2.9730
     137       2.8920
     138       3.0689
     139       3.7817
     140       3.5631
     141       2.8083
     142       2.9871
     143       2.2110
     144       2.5897
     145       2.7686
     146       2.8927
     147       3.1697
     148       2.1843
     149       2.5434
     150       2.3022
     151       3.2673
     152       2.5249
     153       2.2113
     154       2.3358
     155       2.0897
     156       2.7783
     157       2.6770
     158       2.6106
     159       3.4255
     160       3.3832
     161       3.0353
     162       2.4205
     163       2.0093
     164       2.1193
     165       2.6839
     166       2.3238
     167       2.6407
     168       3.6131
     169       2.0205
     170       2.8657
     171       3.1148
     172       2.7419
     173       3.7341
     174       2.3793
     175       3.1137
     176       3.6933
     177       3.6045
     178       2.7737
     179       2.4032
     180       3.1452
     181       2.3629
     182       2.3796
     183       2.5864
     184       3.0988
     185       2.2621
     186       3.6153
     187       2.8671
     188       2.9827
     189       2.9812
     190       3.1337
     191       3.0881
     192       2.9673
     193       3.6670
     194       3.1278
     195       3.2611
     196       3.3932
     197       3.1335
     198       2.9739
     199       3.2857
     200       2.9751
     201       2.8601
     202       3.3451
     203       3.1431
     204       2.9497
     205       2.7986
     206       3.4156
     207       1.9935
     208       2.8536
     209       3.9436
     210       2.1488
     211       3.5963
     212       4.5055
     213       4.0401
     214       3.5622
     215       2.5889
     216       3.5955
     217       2.9009
     218       3.0355
     219       2.7825
     220       2.5187
     221       2.4853
     222       3.2113
     223       3.2442
     224       3.4169
     225       3.8747
     226       2.5115
     227       2.5040
     228       2.3936
     229       2.5484
     230       2.4334
     231       3.0325
     232       3.1036
     233       3.4142
     234       3.1076
     235       3.3006
     236       3.2444
     237       2.8536
     238       2.2053
     239       1.9466
     240       2.4839
     241       3.0142
     242       3.2559
     243       3.8183
     244       2.8180
     245       3.3458
     246       2.6731
     247       4.1362
     248       4.1152
     249       3.3878
     250       3.6785
     251       3.4061
     252       3.2666
     253       2.8927
     254       3.8125
     255       3.2058
     256       2.5733
     257       4.4613
     258       3.7782
     259       3.4086
     260       3.2115
     261       5.3429
     262       1.9691
     263       4.0805
     264       2.8753
     265       3.1577
     266       3.3630
     267       3.1118
     268       4.6877
     269       1.9813
     270       2.9321
     271       3.9407
     272       3.6952
     273       3.6263
     274       4.8004
     275       3.3903
     276       3.8431
     277       2.3997
     278       3.2743
     279       3.0275
     280       3.3434
     281       2.9293
     282       3.4970
     283       4.3254
     284       3.2757
     285       3.5383
     286       3.3031
     287       3.1898
     288       3.2789
     289       1.9775
     290       2.6334
     291       2.5818
     292       2.7931
     293       2.8861
     294       2.0452
     295       4.0435
     296       2.4333
     297       2.4293
     298       3.0098
     299       3.0158
     300       3.2411
     301       3.2241
     302       4.4108
     303       3.3395
     304       2.0982
     305       2.4126
     306       2.3869
     307       2.4574
     308       3.1305
     309       3.1797
     310       2.7119
     311       3.0790
     312       2.6189
     313       2.5313
     314       2.9729
     315       2.4348
     316       2.4936
     317       2.0558
     318       3.4506
     319       2.2590
     320       3.5092
     321       2.6465
     322       2.6260
     323       3.7830
     324       2.7323
     325       4.3081
     326       3.3332
     327       3.3048
     328       3.7935
     329       2.7122
     330       2.2303
     331       3.6739
     332       3.6528
     333       3.6301
     334       4.3392
     335       2.9808
     336       2.5140
     337       3.7160
     338       3.7118
     339       3.7467
     340       2.2244
     341       2.8388
     342       3.5257
     343       3.7181
     344       3.5691
     345       2.5892
     346       3.4679
     347       3.3062
     348       2.4480
     349       3.7770
     350       3.6521
     351       3.7189
     352       2.6940
     353       3.1767
     354       2.6992
     355       2.2901
     356       2.8989
     357       2.7553
     358       3.8647
     359       3.9930
     360       2.1207
     361       2.6305
     362       2.3333
     363       2.7482
     364       2.2452
     365       3.3132
     366       3.7731
     367       3.9809
     368       3.8935
     369       3.5366
     370       3.4504
     371       3.1366
     372       3.0672
     373       2.9587
     374       3.2000
     375       3.1867
     376       4.4293
     377       3.8864
     378       2.3790
     379       2.6397
     380       2.2047
     381       3.4340
     382       2.9390
     383       2.4657
     384       3.9909
     385       2.7656
     386       2.6203
     387       4.2575
     388       2.7559
     389       2.6501
     390       3.0066
     391       2.7934
     392       3.3600
     393       4.1901
     394       3.1318
     395       3.2908
     396       4.3430
     397       2.9853
     398       2.6268
     399       4.6426
     400       4.0019
