#Frame      end2_rmsd
       1       0.0000
       2       2.5918
       3       2.2993
       4       2.3421
       5       2.6992
       6       2.3964
       7       1.8493
       8       1.8167
       9       2.1245
      10       2.7157
      11       1.8900
      12       2.5814
      13       1.5226
      14       1.9882
      15       2.0748
      16       2.7176
      17       2.5326
      18       2.2461
      19       2.1440
      20       2.0634
      21       2.9262
      22       1.7347
      23       2.7357
      24       2.0683
      25       3.1326
      26       2.7494
      27       2.5941
      28       1.9688
      29       1.7157
      30       2.0827
      31       3.1997
      32       5.5422
      33       2.6101
      34       2.2101
      35       3.2236
      36       1.5939
      37       2.5436
      38       2.5987
      39       3.4338
      40       2.0688
      41       2.2015
      42       2.1617
      43       2.6391
      44       2.9220
      45       2.2577
      46       3.8465
      47       3.0836
      48       2.8273
      49       2.7452
      50       2.3293
      51       2.2901
      52       2.8566
      53       1.8850
      54       2.9109
      55       2.5334
      56       3.4623
      57       2.4131
      58       2.2371
      59       3.0005
      60       1.9810
      61       2.7293
      62       2.0478
      63       2.1394
      64       2.4745
      65       3.1703
      66       4.1682
      67       4.8510
      68       3.9478
      69       2.4418
      70       3.2697
      71       2.3329
      72       3.1971
      73       2.7684
      74       2.0225
      75       3.7606
      76       2.8353
      77       3.9085
      78       3.7270
      79       2.3312
      80       3.8551
      81       3.7530
      82       4.2355
      83       2.4747
      84       3.0284
      85       2.1151
      86       3.2103
      87       3.0038
      88       3.5013
      89       3.0246
      90       3.5669
      91       3.2736
      92       4.0617
      93       3.7346
      94       3.3669
      95       3.9659
      96       3.1335
      97       3.9476
      98       2.7579
      99       2.7906
     100       3.8799
     101       4.5480
     102       4.0007
     103       4.3508
     104       4.1582
     105       4.3950
     106       6.3171
     107       4.7966
     108       4.2177
     109       5.0290
     110       5.1872
     111       4.6537
     112       3.6696
     113       4.3267
     114       2.8683
     115       3.7230
     116       3.3592
     117       5.0464
     118       4.8011
     119       4.9376
     120       4.8466
     121       4.0265
     122       5.3639
     123       5.2072
     124       3.5925
     125       3.4306
     126       4.3615
     127       4.5434
     128       5.3568
     129       5.5422
     130       6.0191
     131       6.3982
     132       5.5924
     133       6.8635
     134       5.3514
     135       8.0538
     136       6.6154
     137       5.5118
     138       5.0068
     139       6.6632
     140       6.9620
     141       6.5974
     142       5.7819
     143       5.6085
     144       4.8868
     145       4.1064
     146       4.2924
     147       4.1209
     148       3.5943
     149       3.9585
     150       4.2624
     151       4.1183
     152       4.2432
     153       3.2956
     154       3.8186
     155       3.1606
     156       2.6042
     157       2.8260
     158       3.0917
     159       4.6750
     160       3.9562
     161       4.1590
     162       2.8723
     163       4.2964
     164       3.1065
     165       3.4916
     166       3.3709
     167       3.1612
     168       3.0845
     169       3.1527
     170       4.4140
     171       3.6380
     172       3.3677
     173       3.2075
     174       3.4491
     175       4.4974
     176       3.0505
     177       3.1591
     178       2.4688
     179       3.8179
     180       3.0550
     181       3.7663
     182       3.3891
     183       4.1061
     184       4.2222
     185       3.1681
     186       2.9258
     187       3.1559
     188       3.0031
     189       3.5752
     190       2.7550
     191       4.0291
     192       4.4900
     193       4.0709
     194       3.8010
     195       5.3612
     196       4.9536
     197       3.7139
     198       3.7774
     199       4.0090
     200       4.0200
     201       4.1399
     202       3.8557
     203       4.2292
     204       4.4841
     205       5.5914
     206       4.2812
     207       5.4680
     208       4.7883
     209       4.2739
     210       3.8534
     211       5.6800
     212       4.7086
     213       4.3116
     214       7.1398
     215       4.2883
     216       4.7018
     217       6.1454
     218       6.0171
     219       5.9724
     220       5.0071
     221       5.9548
     222       6.2012
     223       6.0214
     224       7.8831
     225       6.3063
     226       5.0688
     227       5.2769
     228       3.9512
     229       4.3583
     230       5.0242
     231       3.8370
     232       4.3242
     233       5.8409
     234       3.6533
     235       4.7522
     236       3.3177
     237       4.8469
     238       3.3941
     239       3.0076
     240       2.5314
     241       4.1201
     242       3.0862
     243       2.7142
     244       3.5153
     245       2.7009
     246       3.7392
     247       2.9935
     248       2.9834
     249       3.3437
     250       3.3727
     251       3.7420
     252       3.2176
     253       3.5325
     254       2.7002
     255       3.2421
     256       2.4602
     257       2.9929
     258       3.1980
     259       4.0809
     260       3.0744
     261       5.5135
     262       4.8177
     263       2.4350
     264       4.4917
     265       2.9447
     266       3.2435
     267       2.6329
     268       3.0813
     269       3.3515
     270       2.8489
     271       3.4936
     272       2.5979
     273       3.4668
     274       2.9223
     275       3.7144
     276       3.2626
     277       3.2965
     278       4.0466
     279       2.6184
     280       6.1356
     281       3.4610
     282       3.0833
     283       4.7787
     284       4.7130
     285       3.0915
     286       2.7764
     287       4.2637
     288       1.9605
     289       4.3876
     290       2.7869
     291       3.3069
     292       2.7307
     293       2.9254
     294       3.9959
     295       2.9291
     296       3.7251
     297       3.0875
     298       2.5513
     299       5.0196
     300       4.0866
     301       5.1563
     302       2.9668
     303       4.5789
     304       2.7392
     305       5.1962
     306       2.3223
     307       3.6804
     308       4.7868
     309       4.4667
     310       5.2167
     311       5.7268
     312       5.6644
     313       4.3405
     314       5.7378
     315       4.7471
     316       5.0198
     317       5.0782
     318       2.4635
     319       4.5732
     320       6.1973
     321       5.4873
     322       4.6961
     323       3.6956
     324       2.4564
     325       2.5271
     326       2.4499
     327       2.9708
     328       2.6738
     329       3.4179
     330       3.9018
     331       3.0911
     332       3.8462
     333       4.5189
     334       3.8440
     335       4.5264
     336       3.6207
     337       3.8819
     338       4.1786
     339       2.6624
     340       2.0154
     341       3.6839
     342       3.3811
     343       3.8818
     344       3.8531
     345       4.5299
     346       5.2496
     347       4.6154
     348       4.0176
     349       6.3138
     350       6.0787
     351       4.4104
     352       4.7979
     353       2.2904
     354       2.9712
     355       2.8961
     356       2.4616
     357       2.6391
     358       2.4537
     359       4.1163
     360       2.9290
     361       4.2548
     362       3.4222
     363       4.3128
     364       3.7247
     365       3.6257
     366       3.1723
     367       3.9040
     368       2.5677
     369       2.5476
     370       3.5939
     371       3.6508
     372       3.8542
     373       2.9231
     374       3.5720
     375       5.4533
     376       6.3637
     377       5.4695
     378       5.5208
     379       5.5085
     380       5.7023
     381       5.6101
     382       4.3968
     383       4.4294
     384       3.8926
     385       6.0470
     386       4.4283
     387       3.9254
     388       2.6120
     389       2.8316
     390       3.8021
     391       2.9905
     392       3.1442
     393       4.1059
     394       2.6714
     395       2.9317
     396       3.2996
     397       4.5556
     398       3.1155
     399       3.1478
     400       4.0985
