#Frame      end1_rmsd
       1       0.0000
       2       3.0998
       3       3.9820
       4       4.0077
       5       4.0285
       6       5.3305
       7       4.2114
       8       5.0307
       9       6.3164
      10       4.7410
      11       5.7374
      12       4.9333
      13       4.3860
      14       5.9347
      15       7.2227
      16       6.1768
      17       6.9615
      18       6.5855
      19       5.9018
      20       5.9401
      21       7.7597
      22       6.9803
      23       6.3969
      24       8.0407
      25       5.6844
      26       6.8142
      27       7.0371
      28       4.6479
      29       6.6438
      30       5.8423
      31       7.4639
      32       6.7336
      33       5.2519
      34       6.2205
      35       5.1981
      36       7.6715
      37       5.4155
      38       4.1972
      39       5.5840
      40       6.4470
      41       4.8786
      42       5.5616
      43       5.2147
      44       5.1402
      45       5.3430
      46       5.1421
      47       5.4537
      48       6.6638
      49       5.3725
      50       4.2958
      51       5.0817
      52       5.3387
      53       5.9643
      54       6.7954
      55       4.3116
      56       4.1623
      57       3.7911
      58       5.4539
      59       6.7158
      60       5.8037
      61       6.2713
      62       6.2709
      63       4.5395
      64       4.8688
      65       4.4607
      66       3.8831
      67       4.1459
      68       4.4561
      69       4.2204
      70       6.8546
      71       4.1961
      72       3.1990
      73       4.1904
      74       3.7558
      75       3.8594
      76       4.7706
      77       4.4012
      78       4.5536
      79       3.9852
      80       3.2133
      81       4.7211
      82       4.5013
      83       3.7194
      84       4.3497
      85       3.8735
      86       4.4380
      87       4.4720
      88       5.2951
      89       4.9742
      90       6.5009
      91       7.7152
      92       6.2191
      93       5.9857
      94       7.0927
      95       7.2273
      96       6.0713
      97       7.2791
      98       7.4149
      99       5.9673
     100       6.7179
     101       6.9305
     102       7.7005
     103       7.2760
     104       7.5527
     105       6.0243
     106       6.0806
     107       6.0458
     108       4.9978
     109       5.4224
     110       4.9358
     111       6.6239
     112       5.9332
     113       7.7023
     114       6.2955
     115       5.1939
     116       4.4658
     117       3.7938
     118       5.6885
     119       4.6209
     120       4.1746
     121       4.5015
     122       4.9809
     123       4.1074
     124       4.6436
     125       3.7906
     126       4.5554
     127       4.5376
     128       4.9805
     129       5.1341
     130       5.0167
     131       4.0200
     132       3.2680
     133       4.4297
     134       4.3345
     135       4.9839
     136       5.9692
     137       7.0126
     138       6.1959
     139       6.6000
     140       6.6596
     141       7.3579
     142       7.6803
     143       9.2939
     144       8.2966
     145       7.5924
     146       7.2124
     147       5.5729
     148       6.3316
     149       5.5793
     150       5.7802
     151       5.4223
     152       7.2546
     153       7.0011
     154       7.9464
     155       7.7961
     156       7.0414
     157       6.9081
     158       5.9274
     159       6.8888
     160       8.5329
     161       9.0534
     162       6.2695
     163       6.5505
     164       5.7019
     165       6.6282
     166       7.0680
     167       7.5870
     168       7.4796
     169       6.3334
     170       7.3936
     171       6.4766
     172       7.7814
     173       7.2446
     174       6.2182
     175       6.4102
     176       6.4112
     177       4.8069
     178       4.1701
     179       4.8550
     180       5.3245
     181       4.9988
     182       3.6532
     183       3.4806
     184       5.3843
     185       5.5000
     186       6.7523
     187       5.6933
     188       4.5798
     189       2.9111
     190       4.4082
     191       3.9790
     192       4.8615
     193       6.2489
     194       5.6054
     195       6.1192
     196       6.2517
     197       5.3799
     198       6.9226
     199       5.8514
     200       7.5557
     201       6.8494
     202       6.4997
     203       7.0158
     204       6.9141
     205       6.6129
     206       7.2770
     207       6.7766
     208       6.6034
     209       6.5408
     210       7.1173
     211       7.3931
     212       7.9666
     213       6.7038
     214       6.1726
     215       7.1655
     216       6.7849
     217       6.4441
     218       7.8855
     219       7.2887
     220       6.9579
     221       6.2337
     222       6.6326
     223       6.5055
     224       7.5702
     225       7.9443
     226       7.5752
     227       7.8536
     228       7.6706
     229       6.9841
     230       5.6755
     231       7.6714
     232       7.0254
     233       6.4203
     234       4.3582
     235       3.7566
     236       6.8396
     237       5.4186
     238       5.7237
     239       6.2122
     240       7.8557
     241       6.4399
     242       8.1606
     243       7.5008
     244       7.0760
     245       6.1550
     246       4.6328
     247       6.9128
     248       6.0033
     249       5.2451
     250       4.6061
     251       5.2642
     252       4.9153
     253       4.9371
     254       7.2331
     255       5.4944
     256       4.6947
     257       6.1525
     258       5.4492
     259       4.8234
     260       5.4593
     261       5.4592
     262       5.0373
     263       4.8042
     264       4.5220
     265       5.1200
     266       4.9551
     267       5.3954
     268       4.5720
     269       4.7674
     270       6.1699
     271       5.0375
     272       5.3599
     273       4.5679
     274       4.5049
     275       4.0707
     276       6.0326
     277       5.6005
     278       5.0778
     279       5.0293
     280       4.4125
     281       5.3114
     282       6.2739
     283       6.3134
     284       6.4105
     285       5.4927
     286       5.2058
     287       5.2152
     288       3.1933
     289       5.2340
     290       3.8369
     291       4.1375
     292       4.4507
     293       5.0599
     294       6.5767
     295       4.0205
     296       4.5461
     297       3.6504
     298       5.2915
     299       4.3215
     300       4.2874
     301       3.8272
     302       4.9377
     303       5.1689
     304       4.7705
     305       4.7962
     306       4.9944
     307       4.5515
     308       5.1885
     309       5.0347
     310       5.0656
     311       4.1079
     312       6.1346
     313       5.1379
     314       4.6257
     315       4.7052
     316       5.2252
     317       5.6290
     318       4.3804
     319       4.8128
     320       3.5300
     321       6.0663
     322       6.0005
     323       4.5709
     324       4.2909
     325       5.3307
     326       5.6888
     327       5.9806
     328       6.4797
     329       6.5419
     330       6.3077
     331       5.0684
     332       5.8148
     333       6.5032
     334       4.5387
     335       5.3191
     336       6.7537
     337       8.3102
     338       7.3683
     339       4.8039
     340       4.6175
     341       5.7674
     342       6.2440
     343       5.9577
     344       6.0383
     345       5.1521
     346       6.0881
     347       5.9648
     348       5.3971
     349       5.0195
     350       5.8863
     351       4.7306
     352       3.9893
     353       5.0718
     354       6.2743
     355       5.3135
     356       5.4956
     357       5.4386
     358       5.0843
     359       5.8864
     360       6.4997
     361       4.7479
     362       6.1487
     363       6.1169
     364       5.2647
     365       4.7700
     366       5.1940
     367       5.8268
     368       5.5534
     369       4.0247
     370       5.0649
     371       4.1383
     372       6.5511
     373       5.2375
     374       4.7041
     375       6.7301
     376       6.6179
     377       6.6654
     378       6.9153
     379       5.9515
     380       7.4372
     381       4.5663
     382       7.1269
     383       7.7823
     384       7.1373
     385       4.2083
     386       4.4004
     387       5.2723
     388       5.7536
     389       5.1586
     390       5.0861
     391       5.9881
     392       3.9289
     393       5.5062
     394       5.9509
     395       5.5018
     396       5.1342
     397       5.9766
     398       5.7548
     399       5.2569
     400       4.0125
