#Frame      end2_rmsd
       1       0.0000
       2       2.9054
       3       1.8039
       4       2.6898
       5       2.0598
       6       2.4932
       7       2.4366
       8       2.0746
       9       3.5348
      10       4.0125
      11       2.1256
      12       2.9876
      13       4.8602
      14       4.4288
      15       5.1443
      16       2.1077
      17       3.3180
      18       2.6935
      19       2.4499
      20       1.8390
      21       3.4751
      22       2.8879
      23       2.5636
      24       3.9780
      25       4.8316
      26       2.2746
      27       2.7016
      28       2.9811
      29       3.3754
      30       5.2841
      31       5.6321
      32       4.4670
      33       2.6750
      34       2.3871
      35       3.4827
      36       4.8536
      37       3.4895
      38       2.5629
      39       4.4023
      40       4.2945
      41       5.2255
      42       4.7384
      43       4.3608
      44       3.5319
      45       3.3351
      46       3.2402
      47       4.1675
      48       2.0169
      49       3.0918
      50       2.1690
      51       2.1420
      52       3.9987
      53       6.5771
      54       2.6429
      55       2.9759
      56       2.5349
      57       2.4394
      58       2.9541
      59       3.7738
      60       3.6384
      61       4.1241
      62       2.3995
      63       4.3020
      64       4.0191
      65       2.7143
      66       3.4317
      67       3.5229
      68       3.2497
      69       2.4822
      70       4.4505
      71       3.7011
      72       3.4021
      73       4.0524
      74       3.4568
      75       2.7074
      76       5.3304
      77       4.3415
      78       4.6753
      79       3.9200
      80       4.7041
      81       3.4973
      82       4.3113
      83       2.9795
      84       2.4388
      85       3.3977
      86       3.0182
      87       2.5469
      88       2.9383
      89       2.7714
      90       4.1524
      91       3.5079
      92       4.1059
      93       4.0593
      94       4.1398
      95       4.3908
      96       4.1241
      97       4.9393
      98       4.1702
      99       4.1335
     100       3.2100
     101       4.6641
     102       3.4455
     103       4.2682
     104       3.5855
     105       3.9202
     106       3.7262
     107       3.5174
     108       5.1095
     109       3.9775
     110       3.8716
     111       3.9198
     112       4.3675
     113       3.5628
     114       4.5504
     115       3.5965
     116       4.1806
     117       5.3434
     118       5.4306
     119       4.5218
     120       4.7972
     121       4.4564
     122       3.1858
     123       3.7164
     124       4.3276
     125       4.0585
     126       5.0419
     127       5.4494
     128       4.4235
     129       4.0004
     130       5.5108
     131       5.7373
     132       5.0858
     133       4.3844
     134       3.9007
     135       3.0544
     136       2.8665
     137       3.5929
     138       5.1152
     139       4.5206
     140       4.6906
     141       4.1817
     142       5.5982
     143       4.2630
     144       4.9703
     145       4.1784
     146       2.8675
     147       3.1023
     148       3.1706
     149       3.7975
     150       4.7318
     151       3.7311
     152       3.8332
     153       3.3895
     154       3.4656
     155       3.7079
     156       4.1251
     157       3.0885
     158       2.4783
     159       2.8016
     160       3.8794
     161       3.9201
     162       2.7951
     163       4.8696
     164       2.6448
     165       3.3861
     166       3.7085
     167       3.2051
     168       2.1023
     169       3.0154
     170       3.5897
     171       3.6471
     172       2.9684
     173       2.4164
     174       4.4434
     175       4.1688
     176       3.5256
     177       3.1597
     178       2.4919
     179       3.7918
     180       2.7811
     181       3.0494
     182       4.6658
     183       4.5850
     184       7.0420
     185       4.8523
     186       4.2046
     187       3.1339
     188       5.4665
     189       5.1493
     190       5.7305
     191       6.4296
     192       2.9099
     193       3.8906
     194       4.4848
     195       3.8980
     196       3.3449
     197       2.5426
     198       2.6678
     199       3.0615
     200       3.0055
     201       3.9196
     202       3.4380
     203       3.3137
     204       4.1039
     205       4.8761
     206       3.3383
     207       5.4129
     208       4.7895
     209       4.8514
     210       4.4964
     211       3.4965
     212       2.7699
     213       5.3844
     214       4.1546
     215       3.4593
     216       3.7245
     217       5.3565
     218       4.9446
     219       4.4566
     220       4.6745
     221       4.6137
     222       3.4696
     223       3.4362
     224       3.0509
     225       3.5676
     226       2.9459
     227       3.0933
     228       2.6972
     229       3.0333
     230       3.5843
     231       3.3020
     232       3.7014
     233       2.7878
     234       3.3363
     235       3.1430
     236       4.8300
     237       3.5557
     238       4.3876
     239       4.2281
     240       4.7268
     241       3.8022
     242       4.3427
     243       4.6781
     244       3.6759
     245       5.0907
     246       3.4085
     247       3.7607
     248       3.8019
     249       2.4149
     250       4.2592
     251       2.8404
     252       2.8730
     253       4.7093
     254       5.5539
     255       4.5594
     256       5.2123
     257       5.8702
     258       4.9262
     259       4.8039
     260       2.6517
     261       3.5935
     262       3.2408
     263       2.5397
     264       2.0469
     265       3.5815
     266       2.6687
     267       3.2986
     268       2.2007
     269       2.7151
     270       3.4322
     271       5.6352
     272       2.7813
     273       4.8834
     274       4.0280
     275       5.9590
     276       4.7032
     277       3.9270
     278       4.3378
     279       3.9513
     280       3.6650
     281       3.4298
     282       5.3880
     283       5.7166
     284       2.5277
     285       2.8332
     286       2.7464
     287       4.3692
     288       5.1009
     289       4.4954
     290       3.4064
     291       4.3075
     292       3.8739
     293       4.1746
     294       3.7858
     295       4.2603
     296       4.7260
     297       4.4443
     298       3.1372
     299       3.4700
     300       3.7090
     301       3.6084
     302       3.0571
     303       2.7407
     304       2.5418
     305       3.3869
     306       2.6143
     307       2.7200
     308       2.8487
     309       3.0999
     310       3.0047
     311       3.1515
     312       2.1625
     313       1.9594
     314       4.5290
     315       2.6115
     316       2.4823
     317       2.7619
     318       2.2641
     319       3.5923
     320       3.0750
     321       2.8753
     322       2.9479
     323       3.0935
     324       3.7310
     325       3.6634
     326       3.2237
     327       4.0337
     328       3.4159
     329       3.2396
     330       3.9953
     331       2.9492
     332       4.0697
     333       3.4504
     334       3.6216
     335       3.3490
     336       4.0382
     337       3.2887
     338       4.4932
     339       4.8098
     340       5.6941
     341       5.0681
     342       4.1488
     343       5.3717
     344       3.8480
     345       4.1463
     346       4.1786
     347       4.5272
     348       3.2653
     349       4.0774
     350       4.3824
     351       4.9736
     352       4.9924
     353       5.5310
     354       4.5590
     355       4.6656
     356       4.4926
     357       3.8889
     358       3.8095
     359       5.4606
     360       4.2576
     361       4.1981
     362       4.0671
     363       3.7037
     364       4.7199
     365       4.2872
     366       4.4024
     367       4.0482
     368       4.9951
     369       3.8368
     370       4.4665
     371       2.8432
     372       4.4651
     373       3.2512
     374       3.3743
     375       3.3526
     376       5.3033
     377       4.4728
     378       3.1750
     379       2.8041
     380       2.5563
     381       2.8975
     382       2.8290
     383       4.0290
     384       2.9839
     385       4.4219
     386       3.5460
     387       4.5193
     388       3.5289
     389       4.2747
     390       4.4195
     391       3.0062
     392       3.8942
     393       3.5516
     394       3.8209
     395       3.0730
     396       3.4327
     397       4.1917
     398       4.0447
     399       3.6843
     400       4.3121
