#Res             RMSF
 176.000       2.4182
 177.000       1.5871
 178.000       1.1592
 179.000       1.5160
 180.000       1.2363
 181.000       0.8996
 182.000       1.4658
 183.000       1.4621
 184.000       1.1421
 185.000       1.5372
 186.000       1.6343
 187.000       1.3122
 188.000       0.9419
 189.000       0.6551
 190.000       0.6967
 191.000       0.6510
 192.000       0.5088
 193.000       0.4600
 194.000       0.5670
 195.000       0.5721
 196.000       0.5240
 197.000       0.7037
 198.000       0.9336
 199.000       0.8183
 200.000       0.7233
 201.000       0.6667
 202.000       0.7071
 203.000       0.7725
 204.000       0.6688
 205.000       0.6176
 206.000       0.6322
 207.000       0.7069
 208.000       0.5711
 209.000       0.4932
 210.000       0.4467
 211.000       0.4832
 212.000       0.4899
 213.000       0.4908
 214.000       0.5091
 215.000       0.5408
 216.000       0.5520
 217.000       0.5696
 218.000       0.5769
 219.000       0.5710
 220.000       0.6102
 221.000       0.6481
 222.000       0.6717
 223.000       0.7296
 224.000       0.5707
 225.000       0.5654
 226.000       0.6428
 227.000       0.5769
 228.000       0.4875
 229.000       0.6425
 230.000       0.7700
 231.000       0.7211
 232.000       0.7070
 233.000       0.9876
 234.000       1.0970
 235.000       1.0426
 236.000       1.1603
 237.000       0.8981
 238.000       0.9585
 239.000       0.7143
 240.000       0.5088
 241.000       0.4736
 242.000       0.4952
 243.000       0.4983
 244.000       0.4437
 245.000       0.4581
 246.000       0.5414
 247.000       0.6002
 248.000       0.5523
 249.000       0.6135
 250.000       0.6739
 251.000       0.7798
 252.000       0.9408
 253.000       1.0379
 254.000       0.8753
 255.000       1.2678
 256.000       1.6349
 257.000       1.7796
 258.000       1.4850
 259.000       1.2327
 260.000       1.6348
 261.000       1.5676
 262.000       0.7882
 263.000       0.6176
 264.000       0.5863
 265.000       0.5885
 266.000       0.6005
 267.000       0.5598
 268.000       0.6380
 269.000       0.6424
 270.000       0.7411
 271.000       0.7824
 272.000       0.8073
 273.000       0.9215
 274.000       0.9512
 275.000       1.0488
 276.000       1.0785
 277.000       0.9934
 278.000       1.0844
 279.000       1.4426
 280.000       2.1626
