#Res             RMSF
 476.000       5.0504
 477.000       3.2827
 478.000       2.1617
 479.000       1.8836
 480.000       1.3670
 481.000       0.7255
 482.000       0.8502
 483.000       0.9477
 484.000       0.7020
 485.000       0.6979
 486.000       0.6070
 487.000       0.5716
 488.000       0.5496
 489.000       0.4209
 490.000       0.3950
 491.000       0.4980
 492.000       0.4507
 493.000       0.3964
 494.000       0.4366
 495.000       0.4661
 496.000       0.4805
 497.000       0.5089
 498.000       0.4530
 499.000       0.4827
 500.000       0.4578
 501.000       0.4546
 502.000       0.5067
 503.000       0.5910
 504.000       0.5424
 505.000       0.4580
 506.000       0.4977
 507.000       0.6623
 508.000       0.5961
 509.000       0.4717
 510.000       0.5740
 511.000       0.5991
 512.000       0.5203
 513.000       0.4683
 514.000       0.5026
 515.000       0.5326
 516.000       0.4865
 517.000       0.4920
 518.000       0.5064
 519.000       0.4852
 520.000       0.4003
 521.000       0.3625
 522.000       0.4235
 523.000       0.3708
 524.000       0.3585
 525.000       0.4031
 526.000       0.4366
 527.000       0.4183
 528.000       0.4357
 529.000       0.5391
 530.000       0.5855
 531.000       0.6074
 532.000       0.6554
 533.000       0.5445
 534.000       0.7160
 535.000       0.5118
 536.000       0.4508
 537.000       0.4888
 538.000       0.4866
 539.000       0.4902
 540.000       0.4091
 541.000       0.4009
 542.000       0.4269
 543.000       0.4095
 544.000       0.4184
 545.000       0.4397
 546.000       0.4948
 547.000       0.6181
 548.000       0.8268
 549.000       0.9112
 550.000       0.7773
 551.000       0.7874
 552.000       0.5957
 553.000       0.6065
 554.000       0.7526
 555.000       0.8632
 556.000       1.9866
 557.000       3.8731
