#Res             RMSF
   1.000       2.0273
   2.000       1.3956
   3.000       1.0363
   4.000       0.7910
   5.000       0.7483
   6.000       0.6893
   7.000       0.5892
   8.000       0.4923
   9.000       0.4698
  10.000       0.4235
  11.000       0.4068
  12.000       0.4340
  13.000       0.4396
  14.000       0.4195
  15.000       0.4814
  16.000       0.4883
  17.000       0.4599
  18.000       0.4498
  19.000       0.5253
  20.000       0.5720
  21.000       0.5784
  22.000       0.5708
  23.000       0.4661
  24.000       0.4499
  25.000       0.4751
  26.000       0.5363
  27.000       0.5401
  28.000       0.5608
  29.000       0.5143
  30.000       0.4647
  31.000       0.5045
  32.000       0.4960
  33.000       0.4700
  34.000       0.4107
  35.000       0.4404
  36.000       0.5082
  37.000       0.4750
  38.000       0.4875
  39.000       0.6259
  40.000       1.0204
  41.000       1.0103
  42.000       0.7914
  43.000       0.7599
  44.000       1.1102
  45.000       0.6628
  46.000       0.6512
  47.000       0.5851
  48.000       0.5979
  49.000       0.6736
  50.000       0.4976
  51.000       0.4333
  52.000       0.4074
  53.000       0.4182
  54.000       0.4140
  55.000       0.3693
  56.000       0.3352
  57.000       0.3602
  58.000       0.3809
  59.000       0.3760
  60.000       0.3531
  61.000       0.3762
  62.000       0.4082
  63.000       0.4028
  64.000       0.3654
  65.000       0.4143
  66.000       0.3645
  67.000       0.3235
  68.000       0.3519
  69.000       0.3443
  70.000       0.3221
  71.000       0.3418
  72.000       0.3675
  73.000       0.3575
  74.000       0.3724
  75.000       0.4027
  76.000       0.4479
  77.000       0.5220
  78.000       0.5599
  79.000       0.4570
  80.000       0.5106
  81.000       0.4097
  82.000       0.3668
  83.000       0.4373
  84.000       0.5038
  85.000       0.4730
  86.000       0.3745
  87.000       0.4298
  88.000       0.5332
  89.000       0.4716
  90.000       0.4604
  91.000       0.4866
  92.000       0.5498
  93.000       0.5766
  94.000       0.6078
  95.000       0.7670
  96.000       1.1813
  97.000       2.4313
