#Res             RMSF
 558.000       1.1431
 559.000       0.7047
 560.000       0.6042
 561.000       0.4910
 562.000       0.5959
 563.000       0.6433
 564.000       0.5619
 565.000       0.5995
 566.000       0.4633
 567.000       0.4949
 568.000       0.4192
 569.000       0.4409
 570.000       0.3865
 571.000       0.4913
 572.000       0.4135
 573.000       0.3789
 574.000       0.4033
 575.000       0.4460
 576.000       0.4707
 577.000       0.4894
 578.000       0.6146
 579.000       0.7482
 580.000       0.7391
 581.000       1.0576
 582.000       0.6759
 583.000       0.7114
 584.000       0.7796
 585.000       0.6103
 586.000       0.5098
 587.000       0.5878
 588.000       0.7036
 589.000       0.5614
 590.000       0.4222
 591.000       0.3624
 592.000       0.3833
 593.000       0.4019
 594.000       0.3843
 595.000       0.3593
 596.000       0.3879
 597.000       0.4135
 598.000       0.4054
 599.000       0.3915
 600.000       0.4154
 601.000       0.4412
 602.000       0.4393
 603.000       0.4602
 604.000       0.5054
 605.000       0.4468
 606.000       0.4543
 607.000       0.5434
 608.000       0.5000
 609.000       0.4180
 610.000       0.4628
 611.000       0.5403
 612.000       0.5290
 613.000       0.4816
 614.000       0.6502
 615.000       0.7609
 616.000       0.7768
 617.000       0.8072
 618.000       0.6688
 619.000       0.6019
 620.000       0.5164
 621.000       0.4048
 622.000       0.3977
 623.000       0.3972
 624.000       0.4500
 625.000       0.4589
 626.000       0.4725
 627.000       0.5609
 628.000       0.6201
 629.000       0.6034
 630.000       0.7151
 631.000       1.0352
 632.000       1.2252
 633.000       0.9775
 634.000       1.1658
 635.000       0.9460
 636.000       0.8906
 637.000       0.9233
 638.000       1.2068
 639.000       1.0251
 640.000       0.7756
 641.000       1.1020
 642.000       0.7702
 643.000       0.5178
 644.000       0.4685
 645.000       0.4642
 646.000       0.5138
 647.000       0.5011
 648.000       0.5527
 649.000       0.6691
 650.000       0.6018
 651.000       0.6494
 652.000       0.6870
 653.000       0.7250
 654.000       0.7451
 655.000       0.7906
 656.000       0.8830
 657.000       0.8866
 658.000       0.8016
 659.000       0.9302
 660.000       1.2107
 661.000       1.8542
