#Res             RMSF
 281.000       5.2600
 282.000       3.3987
 283.000       3.2799
 284.000       1.8469
 285.000       1.8626
 286.000       1.1813
 287.000       0.7623
 288.000       0.7449
 289.000       0.7693
 290.000       0.8837
 291.000       0.7976
 292.000       0.5909
 293.000       0.7187
 294.000       0.8611
 295.000       0.7434
 296.000       0.7110
 297.000       0.9973
 298.000       0.9488
 299.000       0.8213
 300.000       0.8518
 301.000       1.1144
 302.000       0.9944
 303.000       0.7564
 304.000       0.7525
 305.000       0.5650
 306.000       0.5589
 307.000       0.6332
 308.000       0.6164
 309.000       0.4895
 310.000       0.4900
 311.000       0.5422
 312.000       0.5021
 313.000       0.4358
 314.000       0.4705
 315.000       0.5135
 316.000       0.4710
 317.000       0.4813
 318.000       0.5460
 319.000       0.5165
 320.000       0.4740
 321.000       0.4446
 322.000       0.5004
 323.000       0.4816
 324.000       0.4230
 325.000       0.5001
 326.000       0.5272
 327.000       0.4638
 328.000       0.4551
 329.000       0.5420
 330.000       0.5689
 331.000       0.5159
 332.000       0.5647
 333.000       0.6742
 334.000       0.6852
 335.000       0.6951
 336.000       0.7627
 337.000       0.6819
 338.000       0.7547
 339.000       0.6530
 340.000       0.5576
 341.000       0.5411
 342.000       0.5274
 343.000       0.5006
 344.000       0.4255
 345.000       0.4251
 346.000       0.4439
 347.000       0.4157
 348.000       0.4083
 349.000       0.4487
 350.000       0.5052
 351.000       0.4937
 352.000       0.4827
 353.000       0.5128
 354.000       0.6533
 355.000       0.7801
 356.000       0.8859
 357.000       0.5973
 358.000       0.5250
 359.000       0.6797
 360.000       0.5921
 361.000       0.5105
 362.000       0.5173
 363.000       0.6107
 364.000       0.5602
 365.000       0.5214
 366.000       0.6363
 367.000       0.7115
 368.000       0.6785
 369.000       0.7042
 370.000       0.8140
 371.000       0.8967
 372.000       0.8412
 373.000       1.4706
 374.000       1.8535
 375.000       3.7537
 376.000       5.0578
