#Res             RMSF
 662.000       1.2223
 663.000       1.0219
 664.000       0.7139
 665.000       0.5284
 666.000       0.4179
 667.000       0.3877
 668.000       0.4282
 669.000       0.4453
 670.000       0.3996
 671.000       0.3956
 672.000       0.4644
 673.000       0.4393
 674.000       0.4445
 675.000       0.5872
 676.000       0.6913
 677.000       0.6689
 678.000       0.6250
 679.000       0.7260
 680.000       0.8635
 681.000       0.5724
 682.000       0.5325
 683.000       0.4580
 684.000       0.4927
 685.000       0.5269
 686.000       0.5691
 687.000       0.4429
 688.000       0.4225
 689.000       0.4987
 690.000       0.4432
 691.000       0.3969
 692.000       0.4006
 693.000       0.4170
 694.000       0.3885
 695.000       0.3832
 696.000       0.4404
 697.000       0.4148
 698.000       0.4062
 699.000       0.3495
 700.000       0.4112
 701.000       0.4217
 702.000       0.3641
 703.000       0.4269
 704.000       0.4864
 705.000       0.3867
 706.000       0.3655
 707.000       0.4280
 708.000       0.4026
 709.000       0.3584
 710.000       0.4045
 711.000       0.4955
 712.000       0.5353
 713.000       0.6002
 714.000       0.6291
 715.000       0.5692
 716.000       0.6305
 717.000       0.5174
 718.000       0.3898
 719.000       0.4136
 720.000       0.4477
 721.000       0.4251
 722.000       0.3509
 723.000       0.3724
 724.000       0.3868
 725.000       0.3321
 726.000       0.3227
 727.000       0.4159
 728.000       0.4768
 729.000       0.4627
 730.000       0.4623
 731.000       0.4820
 732.000       0.6670
 733.000       0.8221
 734.000       0.9105
 735.000       0.6116
 736.000       0.4696
 737.000       0.5945
 738.000       0.5289
 739.000       0.4398
 740.000       0.4272
 741.000       0.4626
 742.000       0.4449
 743.000       0.4454
 744.000       0.4823
 745.000       0.4866
 746.000       0.4545
 747.000       0.5225
 748.000       0.6036
 749.000       0.5978
 750.000       0.5883
 751.000       0.9727
 752.000       1.3124
 753.000       2.4532
