#Res             RMSF
 176.000       1.9618
 177.000       1.4054
 178.000       1.0170
 179.000       1.4724
 180.000       1.1880
 181.000       1.0283
 182.000       1.7183
 183.000       1.7869
 184.000       1.4703
 185.000       2.1013
 186.000       1.9110
 187.000       1.4414
 188.000       0.9201
 189.000       0.6186
 190.000       0.6674
 191.000       0.6190
 192.000       0.5010
 193.000       0.4809
 194.000       0.5936
 195.000       0.5835
 196.000       0.5459
 197.000       0.7308
 198.000       0.9089
 199.000       0.8065
 200.000       0.7975
 201.000       0.6851
 202.000       0.7303
 203.000       0.7651
 204.000       0.6736
 205.000       0.6356
 206.000       0.6589
 207.000       0.7286
 208.000       0.5651
 209.000       0.5202
 210.000       0.5026
 211.000       0.5147
 212.000       0.5299
 213.000       0.5384
 214.000       0.5392
 215.000       0.5637
 216.000       0.5706
 217.000       0.5712
 218.000       0.5864
 219.000       0.5699
 220.000       0.6036
 221.000       0.6270
 222.000       0.6528
 223.000       0.6669
 224.000       0.5554
 225.000       0.5589
 226.000       0.6287
 227.000       0.6220
 228.000       0.5662
 229.000       0.7002
 230.000       0.8424
 231.000       0.7753
 232.000       0.7143
 233.000       0.9451
 234.000       1.0537
 235.000       0.9911
 236.000       1.0871
 237.000       0.8774
 238.000       0.9380
 239.000       0.7232
 240.000       0.5400
 241.000       0.4940
 242.000       0.4975
 243.000       0.5030
 244.000       0.4604
 245.000       0.4812
 246.000       0.5755
 247.000       0.7142
 248.000       0.7035
 249.000       0.7191
 250.000       0.8691
 251.000       1.1950
 252.000       1.1370
 253.000       1.2289
 254.000       0.9689
 255.000       1.2842
 256.000       1.6843
 257.000       1.7434
 258.000       1.4717
 259.000       1.4154
 260.000       2.0871
 261.000       1.5923
 262.000       0.9266
 263.000       0.6287
 264.000       0.5945
 265.000       0.5698
 266.000       0.5704
 267.000       0.5621
 268.000       0.6342
 269.000       0.6545
 270.000       0.8452
 271.000       0.7961
 272.000       0.8338
 273.000       0.8519
 274.000       0.8868
 275.000       0.9995
 276.000       1.0310
 277.000       0.9277
 278.000       1.0505
 279.000       1.4349
 280.000       2.2066
