#Res             RMSF
  98.000       1.2692
  99.000       0.8064
 100.000       0.9376
 101.000       0.9932
 102.000       0.5819
 103.000       0.4995
 104.000       0.5074
 105.000       0.5005
 106.000       0.4989
 107.000       0.3703
 108.000       0.3513
 109.000       0.4440
 110.000       0.4152
 111.000       0.3611
 112.000       0.3473
 113.000       0.3975
 114.000       0.4279
 115.000       0.4117
 116.000       0.3674
 117.000       0.4133
 118.000       0.3830
 119.000       0.3824
 120.000       0.3987
 121.000       0.4605
 122.000       0.4592
 123.000       0.3731
 124.000       0.3771
 125.000       0.4499
 126.000       0.4346
 127.000       0.3417
 128.000       0.3764
 129.000       0.4561
 130.000       0.4572
 131.000       0.4130
 132.000       0.4583
 133.000       0.4880
 134.000       0.4843
 135.000       0.4904
 136.000       0.5482
 137.000       0.5233
 138.000       0.3868
 139.000       0.3693
 140.000       0.4394
 141.000       0.3537
 142.000       0.3247
 143.000       0.3415
 144.000       0.3617
 145.000       0.3431
 146.000       0.3291
 147.000       0.4303
 148.000       0.4688
 149.000       0.4802
 150.000       0.5621
 151.000       0.4393
 152.000       0.4957
 153.000       0.4231
 154.000       0.3792
 155.000       0.4049
 156.000       0.4381
 157.000       0.4639
 158.000       0.3608
 159.000       0.3534
 160.000       0.3913
 161.000       0.4159
 162.000       0.3428
 163.000       0.4924
 164.000       0.6275
 165.000       0.5631
 166.000       0.6677
 167.000       1.0116
 168.000       0.6166
 169.000       0.5318
 170.000       0.4433
 171.000       0.4575
 172.000       0.6188
 173.000       0.6942
 174.000       1.3109
 175.000       3.1810
