#Res             RMSF
 377.000       3.9440
 378.000       2.8363
 379.000       1.7730
 380.000       0.9113
 381.000       0.6723
 382.000       0.6830
 383.000       0.6766
 384.000       0.6571
 385.000       0.5826
 386.000       0.5452
 387.000       0.4993
 388.000       0.4769
 389.000       0.4923
 390.000       0.4744
 391.000       0.4103
 392.000       0.4793
 393.000       0.5234
 394.000       0.4785
 395.000       0.4592
 396.000       0.5706
 397.000       0.6262
 398.000       0.6615
 399.000       0.6878
 400.000       0.5515
 401.000       0.5178
 402.000       0.4496
 403.000       0.5040
 404.000       0.5112
 405.000       0.5452
 406.000       0.5354
 407.000       0.4065
 408.000       0.4108
 409.000       0.4557
 410.000       0.4075
 411.000       0.3805
 412.000       0.4505
 413.000       0.4584
 414.000       0.4838
 415.000       0.5063
 416.000       0.6014
 417.000       0.8387
 418.000       0.7760
 419.000       0.7309
 420.000       0.7661
 421.000       0.9857
 422.000       0.5906
 423.000       0.5731
 424.000       0.5749
 425.000       0.7053
 426.000       0.9310
 427.000       0.6150
 428.000       0.4859
 429.000       0.3862
 430.000       0.4858
 431.000       0.4937
 432.000       0.4004
 433.000       0.3543
 434.000       0.4042
 435.000       0.4085
 436.000       0.4015
 437.000       0.3845
 438.000       0.4067
 439.000       0.4082
 440.000       0.3840
 441.000       0.3518
 442.000       0.4315
 443.000       0.3857
 444.000       0.3591
 445.000       0.4243
 446.000       0.4208
 447.000       0.3913
 448.000       0.4072
 449.000       0.4678
 450.000       0.4788
 451.000       0.4962
 452.000       0.5401
 453.000       0.6002
 454.000       0.6607
 455.000       0.6653
 456.000       0.5727
 457.000       0.4949
 458.000       0.4844
 459.000       0.4332
 460.000       0.5230
 461.000       0.5583
 462.000       0.5324
 463.000       0.4427
 464.000       0.4780
 465.000       0.5572
 466.000       0.5578
 467.000       0.5392
 468.000       0.6301
 469.000       0.6644
 470.000       0.6420
 471.000       0.7122
 472.000       0.9550
 473.000       1.1081
 474.000       1.7801
 475.000       3.0707
