#Res             RMSF
   1.000       2.0314
   2.000       1.3988
   3.000       1.0372
   4.000       0.7903
   5.000       0.7474
   6.000       0.6888
   7.000       0.5888
   8.000       0.4917
   9.000       0.4692
  10.000       0.4231
  11.000       0.4065
  12.000       0.4336
  13.000       0.4397
  14.000       0.4190
  15.000       0.4811
  16.000       0.4879
  17.000       0.4594
  18.000       0.4492
  19.000       0.5252
  20.000       0.5716
  21.000       0.5784
  22.000       0.5704
  23.000       0.4656
  24.000       0.4494
  25.000       0.4746
  26.000       0.5358
  27.000       0.5395
  28.000       0.5603
  29.000       0.5139
  30.000       0.4642
  31.000       0.5041
  32.000       0.4954
  33.000       0.4695
  34.000       0.4104
  35.000       0.4402
  36.000       0.5081
  37.000       0.4747
  38.000       0.4870
  39.000       0.6252
  40.000       1.0197
  41.000       1.0094
  42.000       0.7911
  43.000       0.7597
  44.000       1.1098
  45.000       0.6625
  46.000       0.6512
  47.000       0.5847
  48.000       0.5973
  49.000       0.6732
  50.000       0.4978
  51.000       0.4341
  52.000       0.4081
  53.000       0.4188
  54.000       0.4149
  55.000       0.3702
  56.000       0.3356
  57.000       0.3602
  58.000       0.3808
  59.000       0.3758
  60.000       0.3532
  61.000       0.3765
  62.000       0.4083
  63.000       0.4028
  64.000       0.3651
  65.000       0.4141
  66.000       0.3646
  67.000       0.3234
  68.000       0.3519
  69.000       0.3443
  70.000       0.3220
  71.000       0.3417
  72.000       0.3675
  73.000       0.3572
  74.000       0.3727
  75.000       0.4050
  76.000       0.4489
  77.000       0.5238
  78.000       0.5615
  79.000       0.4583
  80.000       0.5112
  81.000       0.4093
  82.000       0.3664
  83.000       0.4369
  84.000       0.5043
  85.000       0.4740
  86.000       0.3750
  87.000       0.4307
  88.000       0.5335
  89.000       0.4722
  90.000       0.4603
  91.000       0.4866
  92.000       0.5505
  93.000       0.5768
  94.000       0.6075
  95.000       0.7664
  96.000       1.1815
  97.000       2.4306
