#Res             RMSF
  98.000       1.2684
  99.000       0.7454
 100.000       0.8752
 101.000       0.8936
 102.000       0.5557
 103.000       0.4461
 104.000       0.3856
 105.000       0.4305
 106.000       0.4200
 107.000       0.3294
 108.000       0.3091
 109.000       0.3643
 110.000       0.3789
 111.000       0.3332
 112.000       0.3396
 113.000       0.3785
 114.000       0.3972
 115.000       0.4182
 116.000       0.3587
 117.000       0.4127
 118.000       0.3800
 119.000       0.3750
 120.000       0.3978
 121.000       0.4653
 122.000       0.4433
 123.000       0.3375
 124.000       0.3700
 125.000       0.4571
 126.000       0.4197
 127.000       0.3392
 128.000       0.3955
 129.000       0.4713
 130.000       0.4391
 131.000       0.4193
 132.000       0.5029
 133.000       0.5433
 134.000       0.4806
 135.000       0.4871
 136.000       0.5539
 137.000       0.5032
 138.000       0.3365
 139.000       0.3491
 140.000       0.4007
 141.000       0.3364
 142.000       0.3079
 143.000       0.3250
 144.000       0.3445
 145.000       0.3527
 146.000       0.3386
 147.000       0.4337
 148.000       0.5179
 149.000       0.5419
 150.000       0.6228
 151.000       0.5109
 152.000       0.6160
 153.000       0.4605
 154.000       0.3911
 155.000       0.4298
 156.000       0.4531
 157.000       0.4626
 158.000       0.3563
 159.000       0.3637
 160.000       0.4240
 161.000       0.4111
 162.000       0.3476
 163.000       0.4584
 164.000       0.5935
 165.000       0.5559
 166.000       0.6620
 167.000       0.9422
 168.000       0.5960
 169.000       0.5754
 170.000       0.4738
 171.000       0.5359
 172.000       0.6771
 173.000       0.8571
 174.000       1.6741
 175.000       2.7673
