#Res             RMSF
 662.000       1.2639
 663.000       1.0693
 664.000       0.7453
 665.000       0.5336
 666.000       0.4110
 667.000       0.3583
 668.000       0.3941
 669.000       0.4202
 670.000       0.3768
 671.000       0.3651
 672.000       0.4325
 673.000       0.4034
 674.000       0.4020
 675.000       0.5386
 676.000       0.6288
 677.000       0.5981
 678.000       0.5739
 679.000       0.6825
 680.000       0.7161
 681.000       0.5466
 682.000       0.5033
 683.000       0.4222
 684.000       0.4323
 685.000       0.4712
 686.000       0.5265
 687.000       0.4090
 688.000       0.3710
 689.000       0.4660
 690.000       0.4118
 691.000       0.3617
 692.000       0.3863
 693.000       0.3979
 694.000       0.3626
 695.000       0.3498
 696.000       0.4203
 697.000       0.4044
 698.000       0.3972
 699.000       0.3528
 700.000       0.4069
 701.000       0.4151
 702.000       0.3656
 703.000       0.4189
 704.000       0.4885
 705.000       0.3931
 706.000       0.3674
 707.000       0.4046
 708.000       0.3978
 709.000       0.3593
 710.000       0.4194
 711.000       0.5377
 712.000       0.5376
 713.000       0.6209
 714.000       0.6723
 715.000       0.5825
 716.000       0.5870
 717.000       0.5025
 718.000       0.3694
 719.000       0.3966
 720.000       0.4353
 721.000       0.4286
 722.000       0.3489
 723.000       0.3780
 724.000       0.3983
 725.000       0.3370
 726.000       0.3246
 727.000       0.4172
 728.000       0.4591
 729.000       0.4557
 730.000       0.4457
 731.000       0.3999
 732.000       0.5152
 733.000       0.7673
 734.000       0.8385
 735.000       0.5786
 736.000       0.4585
 737.000       0.5939
 738.000       0.5355
 739.000       0.4386
 740.000       0.4205
 741.000       0.4549
 742.000       0.4464
 743.000       0.4530
 744.000       0.4638
 745.000       0.4739
 746.000       0.4574
 747.000       0.5309
 748.000       0.6094
 749.000       0.5755
 750.000       0.6006
 751.000       1.0989
 752.000       1.4700
 753.000       2.5349
