#Res             RMSF
 558.000       1.2324
 559.000       0.6770
 560.000       0.6257
 561.000       0.4772
 562.000       0.6061
 563.000       0.6896
 564.000       0.5686
 565.000       0.6077
 566.000       0.4642
 567.000       0.4856
 568.000       0.4355
 569.000       0.4402
 570.000       0.3878
 571.000       0.4923
 572.000       0.4004
 573.000       0.3679
 574.000       0.4065
 575.000       0.4530
 576.000       0.4660
 577.000       0.4714
 578.000       0.6042
 579.000       0.7695
 580.000       0.7575
 581.000       1.0635
 582.000       0.7035
 583.000       0.6958
 584.000       0.7901
 585.000       0.6289
 586.000       0.4891
 587.000       0.5269
 588.000       0.6084
 589.000       0.5102
 590.000       0.3921
 591.000       0.3531
 592.000       0.3883
 593.000       0.4011
 594.000       0.3922
 595.000       0.3727
 596.000       0.3829
 597.000       0.4203
 598.000       0.3957
 599.000       0.3866
 600.000       0.4277
 601.000       0.4404
 602.000       0.4326
 603.000       0.4354
 604.000       0.4626
 605.000       0.4175
 606.000       0.4083
 607.000       0.4667
 608.000       0.4605
 609.000       0.3963
 610.000       0.4550
 611.000       0.5121
 612.000       0.5005
 613.000       0.4800
 614.000       0.6428
 615.000       0.7452
 616.000       0.7535
 617.000       0.7704
 618.000       0.6803
 619.000       0.5597
 620.000       0.4970
 621.000       0.3885
 622.000       0.3871
 623.000       0.3748
 624.000       0.4447
 625.000       0.4587
 626.000       0.4705
 627.000       0.5562
 628.000       0.6197
 629.000       0.5893
 630.000       0.7349
 631.000       1.2000
 632.000       1.3355
 633.000       0.8410
 634.000       0.8094
 635.000       0.6294
 636.000       0.6146
 637.000       0.6398
 638.000       0.6435
 639.000       0.6037
 640.000       0.6479
 641.000       0.9715
 642.000       0.6099
 643.000       0.4765
 644.000       0.4460
 645.000       0.4497
 646.000       0.4724
 647.000       0.4592
 648.000       0.5338
 649.000       0.5962
 650.000       0.5824
 651.000       0.6462
 652.000       0.7128
 653.000       0.7409
 654.000       0.7487
 655.000       0.8273
 656.000       0.9017
 657.000       0.8953
 658.000       0.8288
 659.000       0.9492
 660.000       1.2370
 661.000       1.8563
