#Res             RMSF
 476.000       5.4443
 477.000       3.6991
 478.000       2.6534
 479.000       2.4022
 480.000       1.5428
 481.000       0.7727
 482.000       0.9000
 483.000       1.0366
 484.000       0.7243
 485.000       0.7442
 486.000       0.6321
 487.000       0.5660
 488.000       0.5349
 489.000       0.4324
 490.000       0.3955
 491.000       0.4869
 492.000       0.4330
 493.000       0.3876
 494.000       0.4383
 495.000       0.4556
 496.000       0.4685
 497.000       0.5304
 498.000       0.4674
 499.000       0.5084
 500.000       0.4743
 501.000       0.4594
 502.000       0.5281
 503.000       0.6354
 504.000       0.5961
 505.000       0.4868
 506.000       0.5190
 507.000       0.6650
 508.000       0.6150
 509.000       0.4570
 510.000       0.5351
 511.000       0.6055
 512.000       0.5172
 513.000       0.4669
 514.000       0.5049
 515.000       0.5297
 516.000       0.4769
 517.000       0.5155
 518.000       0.5280
 519.000       0.4831
 520.000       0.4079
 521.000       0.3821
 522.000       0.4395
 523.000       0.3688
 524.000       0.3396
 525.000       0.3839
 526.000       0.4127
 527.000       0.4028
 528.000       0.4184
 529.000       0.5207
 530.000       0.5593
 531.000       0.6115
 532.000       0.6601
 533.000       0.5479
 534.000       0.6862
 535.000       0.5190
 536.000       0.4409
 537.000       0.4711
 538.000       0.4768
 539.000       0.4862
 540.000       0.3975
 541.000       0.3779
 542.000       0.4177
 543.000       0.4080
 544.000       0.4259
 545.000       0.4441
 546.000       0.4887
 547.000       0.6237
 548.000       0.7664
 549.000       0.8373
 550.000       0.7532
 551.000       0.7544
 552.000       0.5699
 553.000       0.6121
 554.000       0.7633
 555.000       0.8677
 556.000       1.8283
 557.000       3.3712
