#Res             RMSF
 476.000       2.0336
 477.000       1.1998
 478.000       0.8928
 479.000       0.7698
 480.000       0.5691
 481.000       0.5600
 482.000       0.7522
 483.000       0.7647
 484.000       0.6261
 485.000       0.5956
 486.000       0.5417
 487.000       0.5225
 488.000       0.4918
 489.000       0.3771
 490.000       0.3683
 491.000       0.4522
 492.000       0.4214
 493.000       0.3599
 494.000       0.3877
 495.000       0.4311
 496.000       0.4448
 497.000       0.4411
 498.000       0.3752
 499.000       0.4202
 500.000       0.4040
 501.000       0.4213
 502.000       0.4391
 503.000       0.5084
 504.000       0.4683
 505.000       0.3943
 506.000       0.4444
 507.000       0.6230
 508.000       0.5536
 509.000       0.4753
 510.000       0.5969
 511.000       0.5942
 512.000       0.4869
 513.000       0.4551
 514.000       0.4773
 515.000       0.5224
 516.000       0.4891
 517.000       0.4582
 518.000       0.4699
 519.000       0.4802
 520.000       0.3870
 521.000       0.3217
 522.000       0.3746
 523.000       0.3345
 524.000       0.3350
 525.000       0.3582
 526.000       0.3881
 527.000       0.3678
 528.000       0.3839
 529.000       0.4742
 530.000       0.5326
 531.000       0.5588
 532.000       0.5997
 533.000       0.4982
 534.000       0.6848
 535.000       0.4645
 536.000       0.4153
 537.000       0.4683
 538.000       0.4740
 539.000       0.4639
 540.000       0.3783
 541.000       0.3920
 542.000       0.4096
 543.000       0.3794
 544.000       0.3734
 545.000       0.4099
 546.000       0.4778
 547.000       0.5811
 548.000       0.8735
 549.000       0.9625
 550.000       0.7799
 551.000       0.8006
 552.000       0.5944
 553.000       0.5952
 554.000       0.7359
 555.000       0.8395
 556.000       2.1094
 557.000       4.2447
