#Res             RMSF
  98.000       1.2738
  99.000       0.7938
 100.000       0.9204
 101.000       0.9694
 102.000       0.6036
 103.000       0.5195
 104.000       0.4921
 105.000       0.5215
 106.000       0.5073
 107.000       0.3577
 108.000       0.3376
 109.000       0.4259
 110.000       0.4214
 111.000       0.3576
 112.000       0.3499
 113.000       0.3916
 114.000       0.4223
 115.000       0.4181
 116.000       0.3647
 117.000       0.4140
 118.000       0.3820
 119.000       0.3790
 120.000       0.3990
 121.000       0.4620
 122.000       0.4542
 123.000       0.3650
 124.000       0.3812
 125.000       0.4547
 126.000       0.4285
 127.000       0.3417
 128.000       0.3873
 129.000       0.4649
 130.000       0.4520
 131.000       0.4211
 132.000       0.4813
 133.000       0.5192
 134.000       0.4869
 135.000       0.4897
 136.000       0.5593
 137.000       0.5214
 138.000       0.3732
 139.000       0.3703
 140.000       0.4349
 141.000       0.3491
 142.000       0.3170
 143.000       0.3402
 144.000       0.3532
 145.000       0.3506
 146.000       0.3423
 147.000       0.4383
 148.000       0.4984
 149.000       0.5173
 150.000       0.5982
 151.000       0.4777
 152.000       0.5949
 153.000       0.4462
 154.000       0.3870
 155.000       0.4171
 156.000       0.4468
 157.000       0.4643
 158.000       0.3589
 159.000       0.3601
 160.000       0.4138
 161.000       0.4192
 162.000       0.3527
 163.000       0.4936
 164.000       0.6348
 165.000       0.5799
 166.000       0.6843
 167.000       0.9792
 168.000       0.6089
 169.000       0.5627
 170.000       0.4766
 171.000       0.5116
 172.000       0.6664
 173.000       0.7864
 174.000       1.5325
 175.000       2.9945
