#Res             RMSF
 377.000       4.5468
 378.000       3.0154
 379.000       1.7143
 380.000       0.9442
 381.000       0.7043
 382.000       0.7080
 383.000       0.6779
 384.000       0.6489
 385.000       0.5925
 386.000       0.5805
 387.000       0.5369
 388.000       0.5197
 389.000       0.5505
 390.000       0.5154
 391.000       0.4463
 392.000       0.5220
 393.000       0.5363
 394.000       0.4968
 395.000       0.4784
 396.000       0.5778
 397.000       0.6118
 398.000       0.6273
 399.000       0.6536
 400.000       0.5606
 401.000       0.5181
 402.000       0.4720
 403.000       0.5135
 404.000       0.5067
 405.000       0.5342
 406.000       0.5256
 407.000       0.4236
 408.000       0.4261
 409.000       0.4759
 410.000       0.4633
 411.000       0.4004
 412.000       0.4526
 413.000       0.5131
 414.000       0.5174
 415.000       0.5156
 416.000       0.6325
 417.000       0.8572
 418.000       0.7878
 419.000       0.7463
 420.000       0.7935
 421.000       0.9804
 422.000       0.5632
 423.000       0.5519
 424.000       0.5541
 425.000       0.6776
 426.000       0.8169
 427.000       0.6001
 428.000       0.4889
 429.000       0.4136
 430.000       0.4904
 431.000       0.5092
 432.000       0.4285
 433.000       0.3713
 434.000       0.4132
 435.000       0.4267
 436.000       0.4184
 437.000       0.4034
 438.000       0.4139
 439.000       0.4378
 440.000       0.4179
 441.000       0.3798
 442.000       0.4261
 443.000       0.3846
 444.000       0.3682
 445.000       0.4067
 446.000       0.4137
 447.000       0.3962
 448.000       0.4093
 449.000       0.4753
 450.000       0.4949
 451.000       0.5107
 452.000       0.5430
 453.000       0.6067
 454.000       0.6766
 455.000       0.6943
 456.000       0.5863
 457.000       0.5007
 458.000       0.4778
 459.000       0.4324
 460.000       0.5178
 461.000       0.5666
 462.000       0.5448
 463.000       0.4327
 464.000       0.4614
 465.000       0.5328
 466.000       0.5160
 467.000       0.5023
 468.000       0.5497
 469.000       0.5883
 470.000       0.6038
 471.000       0.6666
 472.000       0.8469
 473.000       1.1713
 474.000       1.8522
 475.000       3.2156
