#Res             RMSF
 281.000       7.3735
 282.000       5.6480
 283.000       4.7552
 284.000       2.7336
 285.000       2.1054
 286.000       1.6421
 287.000       0.8385
 288.000       1.2712
 289.000       1.0252
 290.000       1.3950
 291.000       1.4971
 292.000       0.8319
 293.000       0.7317
 294.000       0.9984
 295.000       0.7072
 296.000       0.6686
 297.000       0.9347
 298.000       0.9274
 299.000       0.8419
 300.000       0.9062
 301.000       1.4105
 302.000       1.1420
 303.000       1.1743
 304.000       1.1377
 305.000       0.9968
 306.000       1.1015
 307.000       1.1540
 308.000       1.1239
 309.000       0.9507
 310.000       0.9029
 311.000       1.0120
 312.000       0.9039
 313.000       0.7474
 314.000       0.8235
 315.000       0.8329
 316.000       0.6734
 317.000       0.6204
 318.000       0.8094
 319.000       0.6865
 320.000       0.5788
 321.000       0.5970
 322.000       0.6455
 323.000       0.5516
 324.000       0.5063
 325.000       0.6233
 326.000       0.6545
 327.000       0.5755
 328.000       0.5925
 329.000       0.7124
 330.000       0.7141
 331.000       0.6922
 332.000       0.8063
 333.000       0.8672
 334.000       0.8813
 335.000       0.9614
 336.000       1.0366
 337.000       1.0069
 338.000       1.0901
 339.000       0.9533
 340.000       0.7770
 341.000       0.6971
 342.000       0.6389
 343.000       0.6192
 344.000       0.5790
 345.000       0.5276
 346.000       0.5327
 347.000       0.5260
 348.000       0.5102
 349.000       0.5167
 350.000       0.5759
 351.000       0.5766
 352.000       0.5638
 353.000       0.6292
 354.000       0.8776
 355.000       0.9662
 356.000       1.0481
 357.000       0.6499
 358.000       0.5689
 359.000       0.7406
 360.000       0.6412
 361.000       0.5417
 362.000       0.5367
 363.000       0.6313
 364.000       0.6351
 365.000       0.5823
 366.000       0.6425
 367.000       0.7260
 368.000       0.7610
 369.000       0.7818
 370.000       0.7984
 371.000       0.8718
 372.000       1.2812
 373.000       2.1581
 374.000       2.2146
 375.000       4.0958
 376.000       6.3908
