#Res             RMSF
 662.000       1.2183
 663.000       1.0211
 664.000       0.7132
 665.000       0.5284
 666.000       0.4184
 667.000       0.3880
 668.000       0.4287
 669.000       0.4458
 670.000       0.4001
 671.000       0.3959
 672.000       0.4649
 673.000       0.4398
 674.000       0.4450
 675.000       0.5876
 676.000       0.6918
 677.000       0.6697
 678.000       0.6256
 679.000       0.7265
 680.000       0.8644
 681.000       0.5728
 682.000       0.5323
 683.000       0.4581
 684.000       0.4932
 685.000       0.5275
 686.000       0.5696
 687.000       0.4431
 688.000       0.4227
 689.000       0.4986
 690.000       0.4432
 691.000       0.3969
 692.000       0.4007
 693.000       0.4171
 694.000       0.3885
 695.000       0.3837
 696.000       0.4408
 697.000       0.4151
 698.000       0.4065
 699.000       0.3496
 700.000       0.4113
 701.000       0.4219
 702.000       0.3643
 703.000       0.4270
 704.000       0.4870
 705.000       0.3871
 706.000       0.3655
 707.000       0.4283
 708.000       0.4028
 709.000       0.3583
 710.000       0.4044
 711.000       0.4956
 712.000       0.5354
 713.000       0.6003
 714.000       0.6285
 715.000       0.5687
 716.000       0.6302
 717.000       0.5169
 718.000       0.3902
 719.000       0.4138
 720.000       0.4480
 721.000       0.4255
 722.000       0.3512
 723.000       0.3728
 724.000       0.3872
 725.000       0.3324
 726.000       0.3230
 727.000       0.4163
 728.000       0.4767
 729.000       0.4631
 730.000       0.4626
 731.000       0.4819
 732.000       0.6654
 733.000       0.8213
 734.000       0.9094
 735.000       0.6111
 736.000       0.4693
 737.000       0.5928
 738.000       0.5288
 739.000       0.4401
 740.000       0.4275
 741.000       0.4628
 742.000       0.4451
 743.000       0.4457
 744.000       0.4824
 745.000       0.4868
 746.000       0.4549
 747.000       0.5226
 748.000       0.6038
 749.000       0.5980
 750.000       0.5888
 751.000       0.9734
 752.000       1.3137
 753.000       2.4542
