#Res             RMSF
 176.000       1.2755
 177.000       1.1036
 178.000       0.8121
 179.000       1.0134
 180.000       1.0019
 181.000       1.0140
 182.000       1.5279
 183.000       1.7512
 184.000       1.5970
 185.000       1.4250
 186.000       1.4948
 187.000       1.1687
 188.000       0.8399
 189.000       0.5339
 190.000       0.6275
 191.000       0.5498
 192.000       0.4459
 193.000       0.4683
 194.000       0.5640
 195.000       0.5314
 196.000       0.5352
 197.000       0.7070
 198.000       0.7954
 199.000       0.7221
 200.000       0.7677
 201.000       0.5696
 202.000       0.6490
 203.000       0.6884
 204.000       0.6315
 205.000       0.5962
 206.000       0.6062
 207.000       0.6388
 208.000       0.5386
 209.000       0.4898
 210.000       0.4562
 211.000       0.4728
 212.000       0.4794
 213.000       0.4645
 214.000       0.4733
 215.000       0.4932
 216.000       0.4949
 217.000       0.4835
 218.000       0.4934
 219.000       0.4993
 220.000       0.5311
 221.000       0.5053
 222.000       0.5593
 223.000       0.5643
 224.000       0.4768
 225.000       0.4953
 226.000       0.5594
 227.000       0.5402
 228.000       0.4787
 229.000       0.5724
 230.000       0.7162
 231.000       0.6786
 232.000       0.5772
 233.000       0.7758
 234.000       0.9055
 235.000       0.8911
 236.000       0.9369
 237.000       0.7704
 238.000       0.7681
 239.000       0.6045
 240.000       0.4699
 241.000       0.4486
 242.000       0.4631
 243.000       0.4870
 244.000       0.4627
 245.000       0.4626
 246.000       0.5894
 247.000       0.7124
 248.000       0.6107
 249.000       0.6138
 250.000       0.9038
 251.000       1.1738
 252.000       0.8851
 253.000       0.8827
 254.000       0.6886
 255.000       0.6344
 256.000       0.7204
 257.000       0.7875
 258.000       0.8575
 259.000       0.9115
 260.000       1.9202
 261.000       1.3023
 262.000       0.7905
 263.000       0.5931
 264.000       0.5490
 265.000       0.5376
 266.000       0.5275
 267.000       0.5365
 268.000       0.6083
 269.000       0.6464
 270.000       0.8377
 271.000       0.7927
 272.000       0.8452
 273.000       0.7653
 274.000       0.8033
 275.000       0.9252
 276.000       0.9594
 277.000       0.8460
 278.000       1.0082
 279.000       1.4193
 280.000       2.2443
