#Res             RMSF
   1.000       1.6350
   2.000       1.1536
   3.000       0.8859
   4.000       0.6713
   5.000       0.6709
   6.000       0.6046
   7.000       0.5320
   8.000       0.4779
   9.000       0.4438
  10.000       0.3983
  11.000       0.3926
  12.000       0.4145
  13.000       0.4205
  14.000       0.3918
  15.000       0.4506
  16.000       0.4766
  17.000       0.4517
  18.000       0.4441
  19.000       0.5086
  20.000       0.5537
  21.000       0.6000
  22.000       0.5940
  23.000       0.5064
  24.000       0.4675
  25.000       0.4888
  26.000       0.5063
  27.000       0.5159
  28.000       0.5401
  29.000       0.4943
  30.000       0.4580
  31.000       0.4930
  32.000       0.4792
  33.000       0.4630
  34.000       0.4110
  35.000       0.4329
  36.000       0.4864
  37.000       0.4596
  38.000       0.4596
  39.000       0.6147
  40.000       0.8763
  41.000       0.7602
  42.000       0.6536
  43.000       0.6687
  44.000       0.7799
  45.000       0.5584
  46.000       0.5640
  47.000       0.5151
  48.000       0.5437
  49.000       0.6351
  50.000       0.4973
  51.000       0.4120
  52.000       0.3959
  53.000       0.4146
  54.000       0.3984
  55.000       0.3583
  56.000       0.3330
  57.000       0.3417
  58.000       0.3691
  59.000       0.3662
  60.000       0.3390
  61.000       0.3614
  62.000       0.4060
  63.000       0.4068
  64.000       0.3636
  65.000       0.4040
  66.000       0.3660
  67.000       0.3284
  68.000       0.3575
  69.000       0.3543
  70.000       0.3292
  71.000       0.3457
  72.000       0.3833
  73.000       0.3668
  74.000       0.3693
  75.000       0.4125
  76.000       0.4671
  77.000       0.5241
  78.000       0.5570
  79.000       0.4450
  80.000       0.5078
  81.000       0.4033
  82.000       0.3602
  83.000       0.4422
  84.000       0.5148
  85.000       0.4975
  86.000       0.3948
  87.000       0.4343
  88.000       0.5782
  89.000       0.4831
  90.000       0.4557
  91.000       0.5020
  92.000       0.5627
  93.000       0.5809
  94.000       0.6330
  95.000       0.7865
  96.000       1.3119
  97.000       2.6353
