#Res             RMSF
 377.000       3.7421
 378.000       2.6417
 379.000       1.5881
 380.000       0.8780
 381.000       0.5952
 382.000       0.5974
 383.000       0.5768
 384.000       0.5535
 385.000       0.5299
 386.000       0.4953
 387.000       0.4673
 388.000       0.4861
 389.000       0.5092
 390.000       0.4613
 391.000       0.4105
 392.000       0.4913
 393.000       0.4738
 394.000       0.4278
 395.000       0.4193
 396.000       0.5007
 397.000       0.5166
 398.000       0.5218
 399.000       0.5451
 400.000       0.5101
 401.000       0.4558
 402.000       0.4576
 403.000       0.5137
 404.000       0.4947
 405.000       0.5139
 406.000       0.5072
 407.000       0.4341
 408.000       0.4331
 409.000       0.4857
 410.000       0.5013
 411.000       0.4150
 412.000       0.4471
 413.000       0.5438
 414.000       0.5410
 415.000       0.5179
 416.000       0.6424
 417.000       0.7953
 418.000       0.7065
 419.000       0.6982
 420.000       0.7783
 421.000       0.9483
 422.000       0.5227
 423.000       0.5169
 424.000       0.5038
 425.000       0.5954
 426.000       0.6488
 427.000       0.5526
 428.000       0.4612
 429.000       0.4186
 430.000       0.4693
 431.000       0.4966
 432.000       0.4326
 433.000       0.3778
 434.000       0.4004
 435.000       0.4246
 436.000       0.4185
 437.000       0.4084
 438.000       0.4072
 439.000       0.4474
 440.000       0.4338
 441.000       0.3901
 442.000       0.3935
 443.000       0.3500
 444.000       0.3486
 445.000       0.3610
 446.000       0.3486
 447.000       0.3302
 448.000       0.3473
 449.000       0.3944
 450.000       0.4076
 451.000       0.4292
 452.000       0.4616
 453.000       0.5040
 454.000       0.5915
 455.000       0.6257
 456.000       0.5088
 457.000       0.4646
 458.000       0.4202
 459.000       0.3736
 460.000       0.4559
 461.000       0.5008
 462.000       0.4806
 463.000       0.3807
 464.000       0.4268
 465.000       0.4552
 466.000       0.4140
 467.000       0.4213
 468.000       0.4328
 469.000       0.4604
 470.000       0.5044
 471.000       0.5711
 472.000       0.7051
 473.000       0.9884
 474.000       1.6305
 475.000       2.2295
