#Res             RMSF
 281.000       2.9982
 282.000       2.3348
 283.000       2.4061
 284.000       2.0924
 285.000       1.6824
 286.000       1.4477
 287.000       0.8555
 288.000       1.2333
 289.000       0.8894
 290.000       1.4560
 291.000       1.4909
 292.000       0.7530
 293.000       0.7105
 294.000       0.9289
 295.000       0.6635
 296.000       0.6149
 297.000       0.8529
 298.000       0.9016
 299.000       0.8496
 300.000       0.8632
 301.000       0.9936
 302.000       1.0161
 303.000       0.7325
 304.000       0.6612
 305.000       0.5560
 306.000       0.6766
 307.000       0.7915
 308.000       0.8626
 309.000       0.6976
 310.000       0.6437
 311.000       0.7815
 312.000       0.7422
 313.000       0.6106
 314.000       0.6774
 315.000       0.7397
 316.000       0.6537
 317.000       0.5956
 318.000       0.6857
 319.000       0.6579
 320.000       0.5632
 321.000       0.5304
 322.000       0.5828
 323.000       0.4952
 324.000       0.4104
 325.000       0.5011
 326.000       0.5290
 327.000       0.4496
 328.000       0.4365
 329.000       0.5562
 330.000       0.5576
 331.000       0.5423
 332.000       0.6440
 333.000       0.6942
 334.000       0.7253
 335.000       0.8334
 336.000       0.8995
 337.000       0.8865
 338.000       0.8991
 339.000       0.8234
 340.000       0.6623
 341.000       0.6382
 342.000       0.6159
 343.000       0.6274
 344.000       0.5425
 345.000       0.4695
 346.000       0.4839
 347.000       0.4865
 348.000       0.4355
 349.000       0.4653
 350.000       0.5468
 351.000       0.5386
 352.000       0.5224
 353.000       0.5844
 354.000       0.8265
 355.000       0.9380
 356.000       1.1152
 357.000       0.6576
 358.000       0.5498
 359.000       0.7207
 360.000       0.6427
 361.000       0.5307
 362.000       0.5232
 363.000       0.6267
 364.000       0.6097
 365.000       0.5385
 366.000       0.6023
 367.000       0.6467
 368.000       0.6288
 369.000       0.6416
 370.000       0.7044
 371.000       0.7599
 372.000       0.8696
 373.000       1.3414
 374.000       2.1680
 375.000       3.2171
 376.000       5.7094
