#Res             RMSF
 662.000       1.1428
 663.000       0.9518
 664.000       0.6702
 665.000       0.5091
 666.000       0.4158
 667.000       0.4085
 668.000       0.4550
 669.000       0.4619
 670.000       0.4108
 671.000       0.4224
 672.000       0.4929
 673.000       0.4693
 674.000       0.4818
 675.000       0.6255
 676.000       0.7323
 677.000       0.7250
 678.000       0.6611
 679.000       0.7557
 680.000       0.9835
 681.000       0.5952
 682.000       0.5561
 683.000       0.4883
 684.000       0.5432
 685.000       0.5708
 686.000       0.6029
 687.000       0.4711
 688.000       0.4654
 689.000       0.5200
 690.000       0.4603
 691.000       0.4226
 692.000       0.4064
 693.000       0.4243
 694.000       0.4018
 695.000       0.4023
 696.000       0.4441
 697.000       0.4154
 698.000       0.4077
 699.000       0.3428
 700.000       0.4117
 701.000       0.4275
 702.000       0.3612
 703.000       0.4284
 704.000       0.4839
 705.000       0.3796
 706.000       0.3529
 707.000       0.4382
 708.000       0.4040
 709.000       0.3508
 710.000       0.3807
 711.000       0.4453
 712.000       0.5171
 713.000       0.5533
 714.000       0.5638
 715.000       0.5329
 716.000       0.6531
 717.000       0.5220
 718.000       0.4085
 719.000       0.4285
 720.000       0.4552
 721.000       0.4137
 722.000       0.3491
 723.000       0.3635
 724.000       0.3721
 725.000       0.3235
 726.000       0.3197
 727.000       0.4110
 728.000       0.4882
 729.000       0.4662
 730.000       0.4724
 731.000       0.5364
 732.000       0.7604
 733.000       0.8507
 734.000       0.9424
 735.000       0.6328
 736.000       0.4724
 737.000       0.5763
 738.000       0.5174
 739.000       0.4381
 740.000       0.4272
 741.000       0.4662
 742.000       0.4409
 743.000       0.4294
 744.000       0.4883
 745.000       0.4867
 746.000       0.4376
 747.000       0.4922
 748.000       0.5650
 749.000       0.5868
 750.000       0.5758
 751.000       0.8194
 752.000       1.1376
 753.000       2.3348
