#Res             RMSF
 176.000       1.9640
 177.000       1.4069
 178.000       1.0170
 179.000       1.4724
 180.000       1.1880
 181.000       1.0294
 182.000       1.7192
 183.000       1.7884
 184.000       1.4715
 185.000       2.1006
 186.000       1.9083
 187.000       1.4395
 188.000       0.9204
 189.000       0.6193
 190.000       0.6681
 191.000       0.6195
 192.000       0.5015
 193.000       0.4813
 194.000       0.5939
 195.000       0.5835
 196.000       0.5456
 197.000       0.7311
 198.000       0.9091
 199.000       0.8052
 200.000       0.7964
 201.000       0.6824
 202.000       0.7289
 203.000       0.7649
 204.000       0.6737
 205.000       0.6362
 206.000       0.6594
 207.000       0.7288
 208.000       0.5655
 209.000       0.5205
 210.000       0.5030
 211.000       0.5151
 212.000       0.5303
 213.000       0.5381
 214.000       0.5389
 215.000       0.5635
 216.000       0.5709
 217.000       0.5712
 218.000       0.5859
 219.000       0.5700
 220.000       0.6035
 221.000       0.6271
 222.000       0.6528
 223.000       0.6670
 224.000       0.5553
 225.000       0.5587
 226.000       0.6287
 227.000       0.6215
 228.000       0.5665
 229.000       0.7007
 230.000       0.8432
 231.000       0.7755
 232.000       0.7143
 233.000       0.9451
 234.000       1.0533
 235.000       0.9900
 236.000       1.0864
 237.000       0.8778
 238.000       0.9379
 239.000       0.7226
 240.000       0.5389
 241.000       0.4923
 242.000       0.4960
 243.000       0.5031
 244.000       0.4607
 245.000       0.4814
 246.000       0.5752
 247.000       0.7147
 248.000       0.7040
 249.000       0.7185
 250.000       0.8678
 251.000       1.1947
 252.000       1.1317
 253.000       1.2266
 254.000       0.9695
 255.000       1.2846
 256.000       1.6828
 257.000       1.7408
 258.000       1.4710
 259.000       1.4165
 260.000       2.0887
 261.000       1.5937
 262.000       0.9269
 263.000       0.6273
 264.000       0.5927
 265.000       0.5677
 266.000       0.5687
 267.000       0.5616
 268.000       0.6344
 269.000       0.6539
 270.000       0.8431
 271.000       0.7941
 272.000       0.8331
 273.000       0.8525
 274.000       0.8876
 275.000       1.0006
 276.000       1.0319
 277.000       0.9288
 278.000       1.0515
 279.000       1.4367
 280.000       2.2090
