#Res             RMSF
 558.000       1.0375
 559.000       0.7224
 560.000       0.5799
 561.000       0.5020
 562.000       0.5704
 563.000       0.5729
 564.000       0.5362
 565.000       0.5671
 566.000       0.4546
 567.000       0.4973
 568.000       0.4009
 569.000       0.4405
 570.000       0.3785
 571.000       0.4851
 572.000       0.4239
 573.000       0.3861
 574.000       0.3958
 575.000       0.4377
 576.000       0.4713
 577.000       0.4839
 578.000       0.6041
 579.000       0.7176
 580.000       0.6986
 581.000       1.0390
 582.000       0.6266
 583.000       0.6641
 584.000       0.7390
 585.000       0.5641
 586.000       0.5138
 587.000       0.6366
 588.000       0.7806
 589.000       0.5765
 590.000       0.4278
 591.000       0.3638
 592.000       0.3688
 593.000       0.3968
 594.000       0.3710
 595.000       0.3409
 596.000       0.3887
 597.000       0.4022
 598.000       0.4126
 599.000       0.3942
 600.000       0.4020
 601.000       0.4410
 602.000       0.4442
 603.000       0.4828
 604.000       0.5422
 605.000       0.4672
 606.000       0.4929
 607.000       0.6079
 608.000       0.5338
 609.000       0.4354
 610.000       0.4686
 611.000       0.5643
 612.000       0.5524
 613.000       0.4808
 614.000       0.6528
 615.000       0.7575
 616.000       0.7806
 617.000       0.8297
 618.000       0.6407
 619.000       0.6322
 620.000       0.5284
 621.000       0.4158
 622.000       0.4017
 623.000       0.4123
 624.000       0.4397
 625.000       0.4453
 626.000       0.4623
 627.000       0.5522
 628.000       0.6139
 629.000       0.6055
 630.000       0.6395
 631.000       0.7566
 632.000       1.0695
 633.000       1.0747
 634.000       1.4363
 635.000       1.1721
 636.000       1.0561
 637.000       1.1134
 638.000       1.5075
 639.000       1.2342
 640.000       0.8717
 641.000       1.1965
 642.000       0.8529
 643.000       0.5413
 644.000       0.4900
 645.000       0.4769
 646.000       0.5457
 647.000       0.5225
 648.000       0.5452
 649.000       0.7091
 650.000       0.6156
 651.000       0.6532
 652.000       0.6631
 653.000       0.7097
 654.000       0.7444
 655.000       0.7552
 656.000       0.8692
 657.000       0.8799
 658.000       0.7754
 659.000       0.9119
 660.000       1.1849
 661.000       1.8569
