#Res             RMSF
 176.000       1.9915
 177.000       1.4774
 178.000       0.9935
 179.000       0.5450
 180.000       0.5377
 181.000       0.7096
 182.000       0.6832
 183.000       0.5769
 184.000       0.6162
 185.000       0.4844
 186.000       0.5202
 187.000       0.4509
 188.000       0.4981
 189.000       0.4607
 190.000       0.6054
 191.000       0.5865
 192.000       0.4800
 193.000       0.4886
 194.000       0.6016
 195.000       0.5814
 196.000       0.5500
 197.000       0.7231
 198.000       0.8724
 199.000       0.7798
 200.000       0.7463
 201.000       0.5786
 202.000       0.6557
 203.000       0.7457
 204.000       0.5931
 205.000       0.5369
 206.000       0.5254
 207.000       0.6333
 208.000       0.5209
 209.000       0.4302
 210.000       0.4016
 211.000       0.4347
 212.000       0.4638
 213.000       0.4470
 214.000       0.4109
 215.000       0.4474
 216.000       0.4491
 217.000       0.4302
 218.000       0.4208
 219.000       0.4394
 220.000       0.4479
 221.000       0.4805
 222.000       0.4807
 223.000       0.5153
 224.000       0.4674
 225.000       0.4511
 226.000       0.5398
 227.000       0.5314
 228.000       0.4760
 229.000       0.5208
 230.000       0.6358
 231.000       0.6359
 232.000       0.5816
 233.000       0.7437
 234.000       0.8546
 235.000       0.8325
 236.000       0.8722
 237.000       0.6757
 238.000       0.6751
 239.000       0.5260
 240.000       0.4212
 241.000       0.4367
 242.000       0.4353
 243.000       0.4752
 244.000       0.4618
 245.000       0.4749
 246.000       0.5097
 247.000       0.6068
 248.000       0.6413
 249.000       0.7767
 250.000       1.0032
 251.000       1.1643
 252.000       1.4445
 253.000       1.8125
 254.000       1.5806
 255.000       1.1921
 256.000       1.4071
 257.000       1.5512
 258.000       1.1565
 259.000       1.1573
 260.000       1.4798
 261.000       1.5237
 262.000       0.9490
 263.000       0.6289
 264.000       0.5105
 265.000       0.5223
 266.000       0.5022
 267.000       0.5598
 268.000       0.6412
 269.000       0.6660
 270.000       0.8848
 271.000       0.8672
 272.000       0.9144
 273.000       0.8877
 274.000       0.8858
 275.000       1.0088
 276.000       1.0192
 277.000       0.9331
 278.000       1.0739
 279.000       1.4469
 280.000       2.1174
