#Res             RMSF
 662.000       3.3008
 663.000       1.6928
 664.000       1.1882
 665.000       0.6556
 666.000       0.4979
 667.000       0.6317
 668.000       0.7234
 669.000       0.5776
 670.000       0.5153
 671.000       0.5349
 672.000       0.5100
 673.000       0.4352
 674.000       0.4551
 675.000       0.5343
 676.000       0.6381
 677.000       0.6091
 678.000       0.6275
 679.000       0.9002
 680.000       0.8299
 681.000       0.6293
 682.000       0.5706
 683.000       0.4630
 684.000       0.5037
 685.000       0.5773
 686.000       0.5869
 687.000       0.4606
 688.000       0.4598
 689.000       0.5150
 690.000       0.4535
 691.000       0.3801
 692.000       0.4087
 693.000       0.4078
 694.000       0.3859
 695.000       0.3907
 696.000       0.4203
 697.000       0.4159
 698.000       0.3922
 699.000       0.3607
 700.000       0.4004
 701.000       0.3923
 702.000       0.3724
 703.000       0.4307
 704.000       0.4603
 705.000       0.3697
 706.000       0.3568
 707.000       0.4141
 708.000       0.3992
 709.000       0.3743
 710.000       0.4279
 711.000       0.5105
 712.000       0.4861
 713.000       0.5906
 714.000       0.6386
 715.000       0.5236
 716.000       0.5202
 717.000       0.4782
 718.000       0.4116
 719.000       0.4218
 720.000       0.4195
 721.000       0.4068
 722.000       0.3915
 723.000       0.3672
 724.000       0.3581
 725.000       0.3506
 726.000       0.3735
 727.000       0.3903
 728.000       0.4232
 729.000       0.4480
 730.000       0.4794
 731.000       0.5314
 732.000       0.7129
 733.000       0.8120
 734.000       0.9111
 735.000       0.6251
 736.000       0.5022
 737.000       0.5857
 738.000       0.5420
 739.000       0.4577
 740.000       0.4468
 741.000       0.5269
 742.000       0.4668
 743.000       0.4150
 744.000       0.4653
 745.000       0.4909
 746.000       0.4338
 747.000       0.4718
 748.000       0.5580
 749.000       0.5648
 750.000       0.5465
 751.000       0.7790
 752.000       1.3075
 753.000       2.6282
