#Res             RMSF
 377.000       2.7008
 378.000       1.9496
 379.000       1.4206
 380.000       0.9012
 381.000       0.5934
 382.000       0.5682
 383.000       0.5298
 384.000       0.5362
 385.000       0.5084
 386.000       0.4778
 387.000       0.4496
 388.000       0.4489
 389.000       0.4715
 390.000       0.4288
 391.000       0.3924
 392.000       0.4592
 393.000       0.4737
 394.000       0.4440
 395.000       0.4508
 396.000       0.5285
 397.000       0.5576
 398.000       0.5755
 399.000       0.5924
 400.000       0.5118
 401.000       0.4102
 402.000       0.4527
 403.000       0.5851
 404.000       0.5942
 405.000       0.5679
 406.000       0.5524
 407.000       0.4271
 408.000       0.4384
 409.000       0.4510
 410.000       0.4252
 411.000       0.4093
 412.000       0.4835
 413.000       0.5202
 414.000       0.5316
 415.000       0.5414
 416.000       0.6729
 417.000       0.8728
 418.000       0.7653
 419.000       0.7499
 420.000       0.7895
 421.000       1.1146
 422.000       0.7076
 423.000       0.6085
 424.000       0.6546
 425.000       0.6767
 426.000       0.7775
 427.000       0.5824
 428.000       0.4691
 429.000       0.4424
 430.000       0.5016
 431.000       0.4879
 432.000       0.4141
 433.000       0.3893
 434.000       0.4245
 435.000       0.4434
 436.000       0.4130
 437.000       0.3839
 438.000       0.4356
 439.000       0.4446
 440.000       0.4009
 441.000       0.3652
 442.000       0.4459
 443.000       0.3909
 444.000       0.3260
 445.000       0.3752
 446.000       0.3778
 447.000       0.3394
 448.000       0.3614
 449.000       0.4261
 450.000       0.4138
 451.000       0.4236
 452.000       0.4682
 453.000       0.4757
 454.000       0.5144
 455.000       0.5933
 456.000       0.4914
 457.000       0.4996
 458.000       0.4210
 459.000       0.3850
 460.000       0.4789
 461.000       0.4947
 462.000       0.4764
 463.000       0.3781
 464.000       0.4664
 465.000       0.5175
 466.000       0.4786
 467.000       0.4865
 468.000       0.5227
 469.000       0.5746
 470.000       0.5510
 471.000       0.6757
 472.000       0.9304
 473.000       1.3685
 474.000       2.1313
 475.000       2.6336
