#Res             RMSF
 476.000       2.1785
 477.000       1.2715
 478.000       0.9883
 479.000       0.8927
 480.000       0.5912
 481.000       0.6133
 482.000       0.8331
 483.000       0.8618
 484.000       0.6609
 485.000       0.6362
 486.000       0.5098
 487.000       0.5130
 488.000       0.5218
 489.000       0.3846
 490.000       0.3543
 491.000       0.4377
 492.000       0.4275
 493.000       0.3544
 494.000       0.3793
 495.000       0.4323
 496.000       0.4565
 497.000       0.4548
 498.000       0.3722
 499.000       0.4140
 500.000       0.3971
 501.000       0.4244
 502.000       0.4686
 503.000       0.5439
 504.000       0.5575
 505.000       0.4338
 506.000       0.4327
 507.000       0.5610
 508.000       0.5017
 509.000       0.4388
 510.000       0.5289
 511.000       0.5349
 512.000       0.5113
 513.000       0.4527
 514.000       0.4691
 515.000       0.5196
 516.000       0.5181
 517.000       0.4912
 518.000       0.4775
 519.000       0.4978
 520.000       0.4105
 521.000       0.3560
 522.000       0.4003
 523.000       0.3478
 524.000       0.3362
 525.000       0.3762
 526.000       0.4095
 527.000       0.3984
 528.000       0.3965
 529.000       0.4924
 530.000       0.5449
 531.000       0.5840
 532.000       0.6598
 533.000       0.5673
 534.000       0.6702
 535.000       0.4735
 536.000       0.4290
 537.000       0.4513
 538.000       0.4291
 539.000       0.4766
 540.000       0.3998
 541.000       0.3826
 542.000       0.4292
 543.000       0.4118
 544.000       0.3625
 545.000       0.4032
 546.000       0.4972
 547.000       0.6218
 548.000       0.8564
 549.000       0.9653
 550.000       0.6225
 551.000       0.8810
 552.000       0.5664
 553.000       0.5629
 554.000       0.6376
 555.000       1.4628
 556.000       2.3480
 557.000       3.6143
