#Res             RMSF
 281.000       4.5428
 282.000       3.5431
 283.000       2.5836
 284.000       2.4740
 285.000       2.0697
 286.000       1.7589
 287.000       0.8394
 288.000       0.6270
 289.000       0.6136
 290.000       0.7035
 291.000       0.6547
 292.000       0.5568
 293.000       0.5888
 294.000       0.6385
 295.000       0.5658
 296.000       0.5077
 297.000       0.6694
 298.000       0.7600
 299.000       0.6856
 300.000       0.6496
 301.000       0.8334
 302.000       0.8773
 303.000       0.6487
 304.000       0.6207
 305.000       0.5492
 306.000       0.6508
 307.000       0.7692
 308.000       0.8015
 309.000       0.6150
 310.000       0.5881
 311.000       0.6908
 312.000       0.5930
 313.000       0.5317
 314.000       0.5809
 315.000       0.5620
 316.000       0.4922
 317.000       0.5215
 318.000       0.5783
 319.000       0.5129
 320.000       0.4658
 321.000       0.4264
 322.000       0.4685
 323.000       0.4660
 324.000       0.4176
 325.000       0.4386
 326.000       0.4674
 327.000       0.4390
 328.000       0.3613
 329.000       0.4357
 330.000       0.4818
 331.000       0.4646
 332.000       0.5014
 333.000       0.6078
 334.000       0.6594
 335.000       0.8047
 336.000       0.9068
 337.000       0.7700
 338.000       0.6846
 339.000       0.6024
 340.000       0.4772
 341.000       0.5958
 342.000       0.5920
 343.000       0.6296
 344.000       0.4784
 345.000       0.4322
 346.000       0.5492
 347.000       0.5422
 348.000       0.4653
 349.000       0.5131
 350.000       0.5969
 351.000       0.6196
 352.000       0.5946
 353.000       0.6206
 354.000       0.8409
 355.000       1.0111
 356.000       0.9679
 357.000       0.6871
 358.000       0.6761
 359.000       0.8504
 360.000       0.7486
 361.000       0.5950
 362.000       0.6571
 363.000       0.7505
 364.000       0.7006
 365.000       0.6194
 366.000       0.7578
 367.000       0.8388
 368.000       0.7344
 369.000       0.7458
 370.000       0.9402
 371.000       0.9541
 372.000       0.9138
 373.000       1.1057
 374.000       1.7968
 375.000       3.4021
 376.000       5.9947
