#Res             RMSF
 558.000       1.3417
 559.000       0.8087
 560.000       0.6421
 561.000       0.5312
 562.000       0.6852
 563.000       0.7058
 564.000       0.5794
 565.000       0.6666
 566.000       0.4792
 567.000       0.5066
 568.000       0.4466
 569.000       0.4837
 570.000       0.4075
 571.000       0.4741
 572.000       0.4668
 573.000       0.3938
 574.000       0.3778
 575.000       0.4382
 576.000       0.4436
 577.000       0.4573
 578.000       0.5475
 579.000       0.6354
 580.000       0.5983
 581.000       0.6910
 582.000       0.4933
 583.000       0.5148
 584.000       0.5853
 585.000       0.5153
 586.000       0.4911
 587.000       0.5320
 588.000       0.6158
 589.000       0.5023
 590.000       0.3836
 591.000       0.3575
 592.000       0.3743
 593.000       0.3963
 594.000       0.3912
 595.000       0.3734
 596.000       0.3823
 597.000       0.3967
 598.000       0.3986
 599.000       0.3909
 600.000       0.4269
 601.000       0.4522
 602.000       0.4271
 603.000       0.4633
 604.000       0.5264
 605.000       0.4505
 606.000       0.4383
 607.000       0.4930
 608.000       0.5072
 609.000       0.4455
 610.000       0.5451
 611.000       0.6462
 612.000       0.6152
 613.000       0.5596
 614.000       0.7941
 615.000       0.9484
 616.000       0.8834
 617.000       0.8962
 618.000       0.6837
 619.000       0.7407
 620.000       0.5297
 621.000       0.4161
 622.000       0.4369
 623.000       0.4441
 624.000       0.4552
 625.000       0.4276
 626.000       0.4443
 627.000       0.4998
 628.000       0.5562
 629.000       0.5831
 630.000       0.6550
 631.000       0.8249
 632.000       0.9918
 633.000       1.1942
 634.000       1.3403
 635.000       1.2596
 636.000       1.0951
 637.000       1.0590
 638.000       1.2580
 639.000       1.1948
 640.000       1.0723
 641.000       1.3090
 642.000       0.7510
 643.000       0.6335
 644.000       0.5446
 645.000       0.5532
 646.000       0.5829
 647.000       0.5017
 648.000       0.4968
 649.000       0.5799
 650.000       0.5219
 651.000       0.7226
 652.000       0.7057
 653.000       0.8010
 654.000       0.8320
 655.000       0.8561
 656.000       1.0010
 657.000       1.0170
 658.000       0.9179
 659.000       1.0157
 660.000       1.3077
 661.000       1.9691
