#Res             RMSF
   1.000       2.4407
   2.000       1.3868
   3.000       0.7746
   4.000       0.5710
   5.000       0.5546
   6.000       0.4996
   7.000       0.5156
   8.000       0.5043
   9.000       0.4582
  10.000       0.4039
  11.000       0.4140
  12.000       0.4607
  13.000       0.4117
  14.000       0.3647
  15.000       0.4221
  16.000       0.4317
  17.000       0.3949
  18.000       0.3942
  19.000       0.4602
  20.000       0.5124
  21.000       0.4986
  22.000       0.5320
  23.000       0.4493
  24.000       0.3917
  25.000       0.4023
  26.000       0.5852
  27.000       0.4705
  28.000       0.4749
  29.000       0.4851
  30.000       0.4223
  31.000       0.4180
  32.000       0.4453
  33.000       0.4573
  34.000       0.3887
  35.000       0.4179
  36.000       0.4936
  37.000       0.4765
  38.000       0.4712
  39.000       0.6397
  40.000       1.0214
  41.000       0.9381
  42.000       0.7599
  43.000       0.7049
  44.000       0.8959
  45.000       0.5701
  46.000       0.5432
  47.000       0.4895
  48.000       0.5184
  49.000       0.5825
  50.000       0.4811
  51.000       0.3973
  52.000       0.3751
  53.000       0.4114
  54.000       0.4011
  55.000       0.3635
  56.000       0.3189
  57.000       0.3536
  58.000       0.3903
  59.000       0.3817
  60.000       0.3601
  61.000       0.3920
  62.000       0.3987
  63.000       0.3751
  64.000       0.3425
  65.000       0.3929
  66.000       0.3411
  67.000       0.3020
  68.000       0.3520
  69.000       0.3357
  70.000       0.3077
  71.000       0.3268
  72.000       0.4094
  73.000       0.4140
  74.000       0.4029
  75.000       0.4333
  76.000       0.4701
  77.000       0.5357
  78.000       0.5950
  79.000       0.4509
  80.000       0.4615
  81.000       0.3848
  82.000       0.3504
  83.000       0.4235
  84.000       0.4896
  85.000       0.5008
  86.000       0.3889
  87.000       0.4452
  88.000       0.5110
  89.000       0.4637
  90.000       0.4428
  91.000       0.5320
  92.000       0.5925
  93.000       0.5331
  94.000       0.6962
  95.000       0.8494
  96.000       0.7825
  97.000       1.6633
