#Res             RMSF
  98.000       2.6732
  99.000       0.9626
 100.000       1.3865
 101.000       1.7893
 102.000       0.6814
 103.000       0.6208
 104.000       0.4494
 105.000       0.4983
 106.000       0.4717
 107.000       0.3626
 108.000       0.3305
 109.000       0.4098
 110.000       0.3827
 111.000       0.3297
 112.000       0.3618
 113.000       0.3910
 114.000       0.4231
 115.000       0.4459
 116.000       0.3746
 117.000       0.4271
 118.000       0.3996
 119.000       0.3733
 120.000       0.4231
 121.000       0.5104
 122.000       0.4914
 123.000       0.4204
 124.000       0.4438
 125.000       0.5387
 126.000       0.5185
 127.000       0.3819
 128.000       0.4020
 129.000       0.4856
 130.000       0.4726
 131.000       0.4270
 132.000       0.4747
 133.000       0.4874
 134.000       0.4628
 135.000       0.4807
 136.000       0.5162
 137.000       0.4989
 138.000       0.3903
 139.000       0.3627
 140.000       0.4270
 141.000       0.3333
 142.000       0.3177
 143.000       0.3258
 144.000       0.3455
 145.000       0.3426
 146.000       0.3360
 147.000       0.4720
 148.000       0.5911
 149.000       0.5655
 150.000       0.5961
 151.000       0.4869
 152.000       0.6747
 153.000       0.4415
 154.000       0.3713
 155.000       0.4214
 156.000       0.4073
 157.000       0.4146
 158.000       0.3483
 159.000       0.3665
 160.000       0.3846
 161.000       0.3700
 162.000       0.3590
 163.000       0.4166
 164.000       0.4653
 165.000       0.6032
 166.000       0.6323
 167.000       0.7573
 168.000       0.6599
 169.000       0.5982
 170.000       0.4599
 171.000       0.4496
 172.000       0.5620
 173.000       0.6228
 174.000       1.4444
 175.000       2.7149
