#Res             RMSF
 281.000       3.4169
 282.000       2.1996
 283.000       1.5725
 284.000       1.0284
 285.000       1.1289
 286.000       0.9432
 287.000       0.6750
 288.000       0.5238
 289.000       0.5323
 290.000       0.5606
 291.000       0.5162
 292.000       0.4814
 293.000       0.5077
 294.000       0.5310
 295.000       0.4685
 296.000       0.4781
 297.000       0.6046
 298.000       0.6988
 299.000       0.6418
 300.000       0.6398
 301.000       0.8671
 302.000       0.8018
 303.000       0.6484
 304.000       0.6183
 305.000       0.5473
 306.000       0.6328
 307.000       0.7267
 308.000       0.7663
 309.000       0.5420
 310.000       0.5232
 311.000       0.6116
 312.000       0.5098
 313.000       0.4306
 314.000       0.4785
 315.000       0.4997
 316.000       0.4195
 317.000       0.4252
 318.000       0.4625
 319.000       0.4476
 320.000       0.4264
 321.000       0.3973
 322.000       0.4472
 323.000       0.4304
 324.000       0.3957
 325.000       0.4722
 326.000       0.5571
 327.000       0.4539
 328.000       0.3876
 329.000       0.4818
 330.000       0.4668
 331.000       0.4246
 332.000       0.5603
 333.000       0.6363
 334.000       0.6597
 335.000       0.7337
 336.000       0.9732
 337.000       0.7003
 338.000       0.8188
 339.000       0.5818
 340.000       0.4685
 341.000       0.4876
 342.000       0.4896
 343.000       0.4742
 344.000       0.4007
 345.000       0.3770
 346.000       0.4157
 347.000       0.3890
 348.000       0.3864
 349.000       0.4023
 350.000       0.4774
 351.000       0.4993
 352.000       0.4600
 353.000       0.4661
 354.000       0.6088
 355.000       0.8047
 356.000       0.7629
 357.000       0.5760
 358.000       0.4867
 359.000       0.5739
 360.000       0.5235
 361.000       0.4540
 362.000       0.4382
 363.000       0.4800
 364.000       0.4579
 365.000       0.4500
 366.000       0.5062
 367.000       0.5274
 368.000       0.4616
 369.000       0.5024
 370.000       0.6326
 371.000       0.6214
 372.000       0.5679
 373.000       0.7580
 374.000       1.6587
 375.000       3.1653
 376.000       4.4040
