#Res             RMSF
   1.000       2.1784
   2.000       1.3240
   3.000       0.7795
   4.000       0.5321
   5.000       0.5187
   6.000       0.4817
   7.000       0.4879
   8.000       0.4726
   9.000       0.4622
  10.000       0.4254
  11.000       0.4429
  12.000       0.4675
  13.000       0.4107
  14.000       0.3671
  15.000       0.4419
  16.000       0.4478
  17.000       0.4184
  18.000       0.4118
  19.000       0.5028
  20.000       0.5471
  21.000       0.5475
  22.000       0.5488
  23.000       0.4636
  24.000       0.4306
  25.000       0.4272
  26.000       0.4450
  27.000       0.4814
  28.000       0.5143
  29.000       0.4564
  30.000       0.4264
  31.000       0.4846
  32.000       0.5007
  33.000       0.4629
  34.000       0.4357
  35.000       0.5046
  36.000       0.5655
  37.000       0.4771
  38.000       0.5852
  39.000       0.8119
  40.000       0.9751
  41.000       0.9583
  42.000       0.9142
  43.000       0.9262
  44.000       1.1300
  45.000       0.6559
  46.000       0.6203
  47.000       0.5743
  48.000       0.5472
  49.000       0.5996
  50.000       0.5097
  51.000       0.4158
  52.000       0.4060
  53.000       0.4303
  54.000       0.4242
  55.000       0.3898
  56.000       0.3460
  57.000       0.3723
  58.000       0.3960
  59.000       0.3913
  60.000       0.3557
  61.000       0.4025
  62.000       0.3960
  63.000       0.3733
  64.000       0.3641
  65.000       0.4101
  66.000       0.3395
  67.000       0.3169
  68.000       0.3737
  69.000       0.3956
  70.000       0.3362
  71.000       0.3633
  72.000       0.4342
  73.000       0.4146
  74.000       0.4037
  75.000       0.4295
  76.000       0.4373
  77.000       0.5237
  78.000       0.5693
  79.000       0.4606
  80.000       0.4377
  81.000       0.3936
  82.000       0.3337
  83.000       0.4134
  84.000       0.4890
  85.000       0.4803
  86.000       0.3642
  87.000       0.4464
  88.000       0.5167
  89.000       0.4563
  90.000       0.4463
  91.000       0.5222
  92.000       0.5953
  93.000       0.5531
  94.000       0.5858
  95.000       0.8067
  96.000       0.8545
  97.000       1.7146
