#Res             RMSF
  98.000       1.2247
  99.000       0.8123
 100.000       0.8442
 101.000       0.8679
 102.000       0.5650
 103.000       0.5975
 104.000       0.4215
 105.000       0.5012
 106.000       0.5120
 107.000       0.3740
 108.000       0.3238
 109.000       0.4162
 110.000       0.4238
 111.000       0.3423
 112.000       0.3653
 113.000       0.4175
 114.000       0.4419
 115.000       0.4412
 116.000       0.3777
 117.000       0.4160
 118.000       0.4018
 119.000       0.3894
 120.000       0.4315
 121.000       0.5283
 122.000       0.4999
 123.000       0.4093
 124.000       0.4010
 125.000       0.4964
 126.000       0.4982
 127.000       0.3873
 128.000       0.4437
 129.000       0.5460
 130.000       0.5032
 131.000       0.4513
 132.000       0.5087
 133.000       0.5356
 134.000       0.4907
 135.000       0.4966
 136.000       0.5518
 137.000       0.5192
 138.000       0.4229
 139.000       0.3822
 140.000       0.4124
 141.000       0.3202
 142.000       0.3072
 143.000       0.3429
 144.000       0.3574
 145.000       0.3327
 146.000       0.3398
 147.000       0.4127
 148.000       0.4607
 149.000       0.4835
 150.000       0.5516
 151.000       0.4647
 152.000       0.6698
 153.000       0.4560
 154.000       0.3865
 155.000       0.4134
 156.000       0.4035
 157.000       0.4188
 158.000       0.3264
 159.000       0.3436
 160.000       0.3716
 161.000       0.3424
 162.000       0.3317
 163.000       0.4181
 164.000       0.4669
 165.000       0.5176
 166.000       0.5906
 167.000       0.6855
 168.000       0.6380
 169.000       0.7012
 170.000       0.4925
 171.000       0.5498
 172.000       0.6360
 173.000       0.6241
 174.000       1.3557
 175.000       2.3730
