#Res             RMSF
 476.000       2.4463
 477.000       1.6009
 478.000       1.1875
 479.000       1.0191
 480.000       0.6313
 481.000       0.6310
 482.000       0.8281
 483.000       0.8671
 484.000       0.6383
 485.000       0.5460
 486.000       0.5118
 487.000       0.5334
 488.000       0.5199
 489.000       0.3771
 490.000       0.3746
 491.000       0.4690
 492.000       0.4177
 493.000       0.3452
 494.000       0.3813
 495.000       0.4061
 496.000       0.4317
 497.000       0.4458
 498.000       0.3828
 499.000       0.4364
 500.000       0.4215
 501.000       0.4219
 502.000       0.4483
 503.000       0.5064
 504.000       0.4924
 505.000       0.3993
 506.000       0.3969
 507.000       0.4888
 508.000       0.4720
 509.000       0.3908
 510.000       0.4205
 511.000       0.4961
 512.000       0.4676
 513.000       0.4289
 514.000       0.4837
 515.000       0.4928
 516.000       0.4347
 517.000       0.4406
 518.000       0.4866
 519.000       0.4848
 520.000       0.3720
 521.000       0.3550
 522.000       0.4050
 523.000       0.3284
 524.000       0.3087
 525.000       0.3546
 526.000       0.3969
 527.000       0.3693
 528.000       0.3639
 529.000       0.5021
 530.000       0.5973
 531.000       0.5884
 532.000       0.6311
 533.000       0.4719
 534.000       0.6240
 535.000       0.4253
 536.000       0.3871
 537.000       0.4077
 538.000       0.3899
 539.000       0.3702
 540.000       0.3177
 541.000       0.3236
 542.000       0.3313
 543.000       0.3371
 544.000       0.3289
 545.000       0.3683
 546.000       0.4558
 547.000       0.6221
 548.000       0.6420
 549.000       0.7511
 550.000       0.7386
 551.000       0.6288
 552.000       0.5006
 553.000       0.5240
 554.000       0.6578
 555.000       0.6801
 556.000       1.2524
 557.000       2.2527
