#Res             RMSF
 176.000       1.3731
 177.000       1.0774
 178.000       0.7004
 179.000       0.5833
 180.000       0.5397
 181.000       0.7026
 182.000       0.7122
 183.000       0.5511
 184.000       0.6108
 185.000       0.4537
 186.000       0.5047
 187.000       0.4123
 188.000       0.5152
 189.000       0.4649
 190.000       0.5802
 191.000       0.5061
 192.000       0.4202
 193.000       0.4188
 194.000       0.4520
 195.000       0.5075
 196.000       0.5161
 197.000       0.6308
 198.000       0.7720
 199.000       0.6923
 200.000       0.9426
 201.000       0.5730
 202.000       0.6555
 203.000       0.7702
 204.000       0.5875
 205.000       0.5071
 206.000       0.5502
 207.000       0.6545
 208.000       0.5157
 209.000       0.3815
 210.000       0.3608
 211.000       0.3694
 212.000       0.3962
 213.000       0.3795
 214.000       0.3683
 215.000       0.3891
 216.000       0.4295
 217.000       0.4038
 218.000       0.3855
 219.000       0.4085
 220.000       0.4418
 221.000       0.4490
 222.000       0.4826
 223.000       0.5119
 224.000       0.4473
 225.000       0.4455
 226.000       0.5060
 227.000       0.5088
 228.000       0.4193
 229.000       0.5333
 230.000       0.6353
 231.000       0.6126
 232.000       0.5702
 233.000       0.7912
 234.000       0.9131
 235.000       0.8674
 236.000       0.9092
 237.000       0.7179
 238.000       0.6879
 239.000       0.5278
 240.000       0.4110
 241.000       0.4332
 242.000       0.4590
 243.000       0.5141
 244.000       0.4904
 245.000       0.4893
 246.000       0.5778
 247.000       0.6681
 248.000       0.6343
 249.000       0.7225
 250.000       0.9179
 251.000       1.0366
 252.000       0.8891
 253.000       0.9413
 254.000       0.7470
 255.000       0.6978
 256.000       0.7903
 257.000       0.8062
 258.000       0.7699
 259.000       0.8029
 260.000       1.4898
 261.000       1.6915
 262.000       0.7370
 263.000       0.5386
 264.000       0.5587
 265.000       0.6217
 266.000       0.6874
 267.000       2.2089
 268.000       1.2419
 269.000       0.8704
 270.000       0.9943
 271.000       0.8732
 272.000       0.8682
 273.000       0.8868
 274.000       0.9020
 275.000       1.0043
 276.000       0.9818
 277.000       0.8766
 278.000       1.0061
 279.000       1.3613
 280.000       2.0869
