#Res             RMSF
 662.000       2.1251
 663.000       1.6727
 664.000       0.9499
 665.000       0.5497
 666.000       0.4193
 667.000       0.4722
 668.000       0.5099
 669.000       0.4760
 670.000       0.4291
 671.000       0.4317
 672.000       0.4828
 673.000       0.4271
 674.000       0.4136
 675.000       0.5693
 676.000       0.6846
 677.000       0.6081
 678.000       0.6666
 679.000       0.8425
 680.000       0.8446
 681.000       0.5865
 682.000       0.5167
 683.000       0.4536
 684.000       0.4983
 685.000       0.6184
 686.000       0.6318
 687.000       0.4629
 688.000       0.4551
 689.000       0.5084
 690.000       0.4336
 691.000       0.3888
 692.000       0.4027
 693.000       0.4374
 694.000       0.4008
 695.000       0.3936
 696.000       0.4291
 697.000       0.4224
 698.000       0.4202
 699.000       0.3561
 700.000       0.4087
 701.000       0.4191
 702.000       0.3760
 703.000       0.4184
 704.000       0.4789
 705.000       0.4065
 706.000       0.3569
 707.000       0.4176
 708.000       0.3951
 709.000       0.3609
 710.000       0.4434
 711.000       0.5359
 712.000       0.5875
 713.000       0.6653
 714.000       0.7029
 715.000       0.6209
 716.000       0.6411
 717.000       0.5381
 718.000       0.4219
 719.000       0.4219
 720.000       0.4234
 721.000       0.4292
 722.000       0.3570
 723.000       0.3619
 724.000       0.3933
 725.000       0.3576
 726.000       0.3587
 727.000       0.4036
 728.000       0.4707
 729.000       0.4466
 730.000       0.4492
 731.000       0.4594
 732.000       0.6217
 733.000       0.8733
 734.000       0.8926
 735.000       0.5844
 736.000       0.4763
 737.000       0.5946
 738.000       0.5165
 739.000       0.4199
 740.000       0.4181
 741.000       0.4783
 742.000       0.4417
 743.000       0.4305
 744.000       0.4971
 745.000       0.5064
 746.000       0.4318
 747.000       0.4890
 748.000       0.5588
 749.000       0.5507
 750.000       0.5453
 751.000       0.7793
 752.000       1.6102
 753.000       2.8702
