#Res             RMSF
 558.000       1.2323
 559.000       0.7626
 560.000       0.5833
 561.000       0.5112
 562.000       0.6561
 563.000       0.6653
 564.000       0.5389
 565.000       0.5959
 566.000       0.4469
 567.000       0.4785
 568.000       0.4092
 569.000       0.4555
 570.000       0.4253
 571.000       0.5684
 572.000       0.5347
 573.000       0.4341
 574.000       0.4176
 575.000       0.5018
 576.000       0.5460
 577.000       0.5485
 578.000       0.7162
 579.000       1.0400
 580.000       1.1076
 581.000       1.1371
 582.000       0.6600
 583.000       0.6933
 584.000       0.7874
 585.000       0.6179
 586.000       0.5301
 587.000       0.5414
 588.000       0.6619
 589.000       0.5031
 590.000       0.4094
 591.000       0.3763
 592.000       0.3859
 593.000       0.4060
 594.000       0.3830
 595.000       0.3658
 596.000       0.3913
 597.000       0.4220
 598.000       0.4030
 599.000       0.3890
 600.000       0.4218
 601.000       0.4434
 602.000       0.4363
 603.000       0.4708
 604.000       0.4983
 605.000       0.4559
 606.000       0.4529
 607.000       0.5375
 608.000       0.5715
 609.000       0.4762
 610.000       0.5296
 611.000       0.6876
 612.000       0.6944
 613.000       0.5794
 614.000       0.7742
 615.000       0.9642
 616.000       0.8996
 617.000       0.9229
 618.000       0.7075
 619.000       0.6957
 620.000       0.5212
 621.000       0.4170
 622.000       0.4368
 623.000       0.4657
 624.000       0.5096
 625.000       0.4876
 626.000       0.4892
 627.000       0.5800
 628.000       0.7127
 629.000       0.7393
 630.000       0.7265
 631.000       0.9579
 632.000       1.1929
 633.000       1.0629
 634.000       1.1836
 635.000       0.9691
 636.000       0.8800
 637.000       1.0759
 638.000       1.0667
 639.000       0.9049
 640.000       1.0624
 641.000       1.8086
 642.000       1.8217
 643.000       0.8868
 644.000       0.5614
 645.000       0.5693
 646.000       0.6038
 647.000       0.5434
 648.000       0.5596
 649.000       0.6349
 650.000       0.6392
 651.000       0.8860
 652.000       0.8357
 653.000       0.8884
 654.000       0.8739
 655.000       0.8871
 656.000       0.9760
 657.000       0.9596
 658.000       0.8731
 659.000       0.9842
 660.000       1.3244
 661.000       2.0326
