#Res             RMSF
 377.000       1.9318
 378.000       1.5409
 379.000       1.1671
 380.000       0.8194
 381.000       0.5462
 382.000       0.5353
 383.000       0.4649
 384.000       0.4842
 385.000       0.4750
 386.000       0.4304
 387.000       0.3812
 388.000       0.4071
 389.000       0.4357
 390.000       0.3929
 391.000       0.3560
 392.000       0.4388
 393.000       0.4805
 394.000       0.4593
 395.000       0.4689
 396.000       0.5462
 397.000       0.6126
 398.000       0.5576
 399.000       0.5808
 400.000       0.4849
 401.000       0.4205
 402.000       0.4077
 403.000       0.4966
 404.000       0.4866
 405.000       0.4821
 406.000       0.4921
 407.000       0.4078
 408.000       0.4521
 409.000       0.4604
 410.000       0.4185
 411.000       0.3900
 412.000       0.4323
 413.000       0.4598
 414.000       0.4706
 415.000       0.4719
 416.000       0.5997
 417.000       0.8261
 418.000       0.7593
 419.000       0.7402
 420.000       0.7948
 421.000       0.9850
 422.000       0.5538
 423.000       0.5248
 424.000       0.5048
 425.000       0.6034
 426.000       0.7287
 427.000       0.5417
 428.000       0.4571
 429.000       0.4272
 430.000       0.4502
 431.000       0.4387
 432.000       0.3835
 433.000       0.3584
 434.000       0.3819
 435.000       0.4138
 436.000       0.4111
 437.000       0.3822
 438.000       0.4068
 439.000       0.4203
 440.000       0.4020
 441.000       0.3543
 442.000       0.4027
 443.000       0.3553
 444.000       0.3171
 445.000       0.3837
 446.000       0.3666
 447.000       0.3412
 448.000       0.3427
 449.000       0.4242
 450.000       0.4182
 451.000       0.4086
 452.000       0.4393
 453.000       0.4834
 454.000       0.5308
 455.000       0.5890
 456.000       0.4730
 457.000       0.4998
 458.000       0.3981
 459.000       0.3540
 460.000       0.4146
 461.000       0.4711
 462.000       0.4789
 463.000       0.3741
 464.000       0.4441
 465.000       0.5559
 466.000       0.4550
 467.000       0.4221
 468.000       0.4751
 469.000       0.5253
 470.000       0.5414
 471.000       0.5828
 472.000       0.7274
 473.000       1.2795
 474.000       2.2255
 475.000       3.6596
