#Res             RMSF
 377.000       2.5986
 378.000       1.9066
 379.000       1.2525
 380.000       0.7289
 381.000       0.6346
 382.000       0.6127
 383.000       0.5397
 384.000       0.5410
 385.000       0.5355
 386.000       0.4894
 387.000       0.4491
 388.000       0.4765
 389.000       0.5162
 390.000       0.4650
 391.000       0.3963
 392.000       0.4448
 393.000       0.4941
 394.000       0.4294
 395.000       0.4364
 396.000       0.5221
 397.000       0.5704
 398.000       0.5227
 399.000       0.5543
 400.000       0.4591
 401.000       0.4108
 402.000       0.4657
 403.000       0.5280
 404.000       0.4988
 405.000       0.5237
 406.000       0.5255
 407.000       0.4285
 408.000       0.4581
 409.000       0.4615
 410.000       0.4332
 411.000       0.4057
 412.000       0.4530
 413.000       0.4691
 414.000       0.4764
 415.000       0.5204
 416.000       0.7426
 417.000       1.1148
 418.000       1.0153
 419.000       0.7628
 420.000       0.7839
 421.000       1.0235
 422.000       0.5468
 423.000       0.5778
 424.000       0.5405
 425.000       0.5648
 426.000       0.6815
 427.000       0.5255
 428.000       0.4261
 429.000       0.3960
 430.000       0.4209
 431.000       0.4194
 432.000       0.3858
 433.000       0.3187
 434.000       0.3521
 435.000       0.3660
 436.000       0.3776
 437.000       0.3760
 438.000       0.3968
 439.000       0.3976
 440.000       0.3794
 441.000       0.3468
 442.000       0.3959
 443.000       0.3562
 444.000       0.3197
 445.000       0.3949
 446.000       0.3992
 447.000       0.3609
 448.000       0.3470
 449.000       0.4125
 450.000       0.4175
 451.000       0.4334
 452.000       0.4433
 453.000       0.4825
 454.000       0.5345
 455.000       0.5809
 456.000       0.5152
 457.000       0.5379
 458.000       0.4223
 459.000       0.3834
 460.000       0.4240
 461.000       0.4391
 462.000       0.4560
 463.000       0.3806
 464.000       0.4161
 465.000       0.4760
 466.000       0.4310
 467.000       0.4395
 468.000       0.4754
 469.000       0.5368
 470.000       0.5669
 471.000       0.5949
 472.000       0.7777
 473.000       1.0739
 474.000       1.5813
 475.000       1.4249
