#Res             RMSF
 377.000       1.7867
 378.000       1.5133
 379.000       1.0972
 380.000       0.8207
 381.000       0.5904
 382.000       0.5515
 383.000       0.5143
 384.000       0.4774
 385.000       0.4749
 386.000       0.4338
 387.000       0.4161
 388.000       0.4681
 389.000       0.5181
 390.000       0.4331
 391.000       0.3856
 392.000       0.4842
 393.000       0.4671
 394.000       0.4145
 395.000       0.4508
 396.000       0.5426
 397.000       0.5219
 398.000       0.5468
 399.000       0.5411
 400.000       0.4686
 401.000       0.4285
 402.000       0.4552
 403.000       0.5500
 404.000       0.5519
 405.000       0.5813
 406.000       0.5653
 407.000       0.4414
 408.000       0.4722
 409.000       0.5083
 410.000       0.4449
 411.000       0.4215
 412.000       0.4686
 413.000       0.5046
 414.000       0.5002
 415.000       0.5083
 416.000       0.6191
 417.000       0.9145
 418.000       0.9163
 419.000       0.8462
 420.000       0.8245
 421.000       1.1012
 422.000       0.6117
 423.000       0.5813
 424.000       0.5808
 425.000       0.5951
 426.000       0.6660
 427.000       0.5191
 428.000       0.4334
 429.000       0.4507
 430.000       0.4283
 431.000       0.3956
 432.000       0.3701
 433.000       0.3518
 434.000       0.3981
 435.000       0.4084
 436.000       0.4005
 437.000       0.3751
 438.000       0.4216
 439.000       0.4288
 440.000       0.3977
 441.000       0.3457
 442.000       0.4395
 443.000       0.3635
 444.000       0.3269
 445.000       0.3956
 446.000       0.3769
 447.000       0.3503
 448.000       0.3335
 449.000       0.4185
 450.000       0.4324
 451.000       0.4270
 452.000       0.4556
 453.000       0.4817
 454.000       0.5385
 455.000       0.5942
 456.000       0.4883
 457.000       0.5437
 458.000       0.3917
 459.000       0.3540
 460.000       0.4090
 461.000       0.4962
 462.000       0.4918
 463.000       0.3942
 464.000       0.4594
 465.000       0.5648
 466.000       0.4875
 467.000       0.4416
 468.000       0.5285
 469.000       0.5666
 470.000       0.5536
 471.000       0.6366
 472.000       0.8527
 473.000       1.3113
 474.000       2.2543
 475.000       3.0494
