#Res             RMSF
 377.000       2.3328
 378.000       1.8391
 379.000       1.2825
 380.000       0.8383
 381.000       0.6280
 382.000       0.5918
 383.000       0.5330
 384.000       0.5160
 385.000       0.5110
 386.000       0.4668
 387.000       0.4376
 388.000       0.4773
 389.000       0.5261
 390.000       0.4578
 391.000       0.3953
 392.000       0.4702
 393.000       0.4832
 394.000       0.4259
 395.000       0.4484
 396.000       0.5347
 397.000       0.5468
 398.000       0.5356
 399.000       0.5513
 400.000       0.4710
 401.000       0.4279
 402.000       0.4728
 403.000       0.5739
 404.000       0.5436
 405.000       0.5783
 406.000       0.5891
 407.000       0.4580
 408.000       0.4838
 409.000       0.5113
 410.000       0.4687
 411.000       0.4291
 412.000       0.4863
 413.000       0.5204
 414.000       0.5185
 415.000       0.5385
 416.000       0.7062
 417.000       1.0821
 418.000       1.0258
 419.000       0.8380
 420.000       0.8033
 421.000       1.0760
 422.000       0.5828
 423.000       0.5895
 424.000       0.5596
 425.000       0.5784
 426.000       0.6794
 427.000       0.5281
 428.000       0.4343
 429.000       0.4227
 430.000       0.4290
 431.000       0.4096
 432.000       0.3758
 433.000       0.3351
 434.000       0.3800
 435.000       0.3917
 436.000       0.3894
 437.000       0.3759
 438.000       0.4105
 439.000       0.4154
 440.000       0.3907
 441.000       0.3510
 442.000       0.4191
 443.000       0.3631
 444.000       0.3237
 445.000       0.4042
 446.000       0.4071
 447.000       0.3713
 448.000       0.3575
 449.000       0.4310
 450.000       0.4253
 451.000       0.4329
 452.000       0.4542
 453.000       0.4827
 454.000       0.5395
 455.000       0.5905
 456.000       0.5032
 457.000       0.5380
 458.000       0.4140
 459.000       0.3793
 460.000       0.4320
 461.000       0.4835
 462.000       0.4850
 463.000       0.4018
 464.000       0.4522
 465.000       0.5395
 466.000       0.4760
 467.000       0.4586
 468.000       0.5163
 469.000       0.5646
 470.000       0.5718
 471.000       0.6508
 472.000       0.8379
 473.000       1.2158
 474.000       1.9788
 475.000       2.4731
