#Res             RMSF
 281.000       4.5311
 282.000       2.9938
 283.000       1.3073
 284.000       0.9998
 285.000       1.0311
 286.000       0.8216
 287.000       0.7009
 288.000       0.5033
 289.000       0.5486
 290.000       0.6074
 291.000       0.5201
 292.000       0.4709
 293.000       0.5080
 294.000       0.5820
 295.000       0.5063
 296.000       0.4916
 297.000       0.6451
 298.000       0.7263
 299.000       0.6484
 300.000       0.6250
 301.000       0.8306
 302.000       0.9222
 303.000       0.6583
 304.000       0.5732
 305.000       0.5428
 306.000       0.5862
 307.000       0.6213
 308.000       0.6400
 309.000       0.5491
 310.000       0.5338
 311.000       0.5714
 312.000       0.5193
 313.000       0.4712
 314.000       0.4850
 315.000       0.4925
 316.000       0.4270
 317.000       0.4271
 318.000       0.5152
 319.000       0.4402
 320.000       0.4028
 321.000       0.4070
 322.000       0.4451
 323.000       0.4313
 324.000       0.3713
 325.000       0.4292
 326.000       0.4940
 327.000       0.3908
 328.000       0.3708
 329.000       0.4483
 330.000       0.4527
 331.000       0.4361
 332.000       0.4922
 333.000       0.5335
 334.000       0.5242
 335.000       0.6044
 336.000       0.6974
 337.000       0.6305
 338.000       0.5871
 339.000       0.5062
 340.000       0.4275
 341.000       0.4780
 342.000       0.5005
 343.000       0.5199
 344.000       0.4349
 345.000       0.3927
 346.000       0.4057
 347.000       0.3911
 348.000       0.3772
 349.000       0.4074
 350.000       0.4697
 351.000       0.4641
 352.000       0.4986
 353.000       0.4997
 354.000       0.6256
 355.000       0.6906
 356.000       0.8008
 357.000       0.6013
 358.000       0.5100
 359.000       0.6075
 360.000       0.5544
 361.000       0.4450
 362.000       0.4433
 363.000       0.4990
 364.000       0.4687
 365.000       0.4679
 366.000       0.5193
 367.000       0.5154
 368.000       0.4500
 369.000       0.5547
 370.000       0.6227
 371.000       0.6145
 372.000       0.5998
 373.000       0.7896
 374.000       1.8025
 375.000       2.7950
 376.000       3.9030
