#Res             RMSF
 281.000       1.7775
 282.000       1.3190
 283.000       1.0275
 284.000       0.8086
 285.000       0.9411
 286.000       0.6965
 287.000       0.5232
 288.000       0.4422
 289.000       0.4903
 290.000       0.5347
 291.000       0.4751
 292.000       0.4207
 293.000       0.4398
 294.000       0.4901
 295.000       0.4208
 296.000       0.4211
 297.000       0.6016
 298.000       0.7014
 299.000       0.6092
 300.000       0.5627
 301.000       0.7631
 302.000       0.8383
 303.000       0.5652
 304.000       0.5460
 305.000       0.4777
 306.000       0.5699
 307.000       0.6733
 308.000       0.6840
 309.000       0.5216
 310.000       0.5330
 311.000       0.5686
 312.000       0.4740
 313.000       0.4249
 314.000       0.4906
 315.000       0.5189
 316.000       0.4122
 317.000       0.4325
 318.000       0.5178
 319.000       0.4274
 320.000       0.4106
 321.000       0.3929
 322.000       0.4252
 323.000       0.3982
 324.000       0.3612
 325.000       0.4187
 326.000       0.4634
 327.000       0.3826
 328.000       0.3504
 329.000       0.4658
 330.000       0.4508
 331.000       0.3922
 332.000       0.4582
 333.000       0.5149
 334.000       0.5455
 335.000       0.5872
 336.000       0.5930
 337.000       0.5687
 338.000       0.5688
 339.000       0.5149
 340.000       0.4071
 341.000       0.4137
 342.000       0.4458
 343.000       0.4607
 344.000       0.3932
 345.000       0.3576
 346.000       0.3830
 347.000       0.3580
 348.000       0.3520
 349.000       0.3946
 350.000       0.4497
 351.000       0.4367
 352.000       0.4761
 353.000       0.4646
 354.000       0.5794
 355.000       0.7034
 356.000       0.7685
 357.000       0.5605
 358.000       0.4861
 359.000       0.6013
 360.000       0.5173
 361.000       0.4517
 362.000       0.4288
 363.000       0.4774
 364.000       0.4617
 365.000       0.4237
 366.000       0.4586
 367.000       0.4714
 368.000       0.4185
 369.000       0.4490
 370.000       0.5509
 371.000       0.5417
 372.000       0.5099
 373.000       0.7478
 374.000       1.0860
 375.000       1.9673
 376.000       3.2831
