#Res             RMSF
 476.000       2.8973
 477.000       1.7947
 478.000       1.1621
 479.000       1.0404
 480.000       0.5754
 481.000       0.5816
 482.000       0.8293
 483.000       0.8860
 484.000       0.6428
 485.000       0.5166
 486.000       0.4612
 487.000       0.4597
 488.000       0.4567
 489.000       0.3608
 490.000       0.3534
 491.000       0.4034
 492.000       0.3679
 493.000       0.3057
 494.000       0.3501
 495.000       0.3977
 496.000       0.3991
 497.000       0.4188
 498.000       0.3667
 499.000       0.4499
 500.000       0.4019
 501.000       0.3708
 502.000       0.4070
 503.000       0.4597
 504.000       0.4519
 505.000       0.3292
 506.000       0.3720
 507.000       0.4399
 508.000       0.4373
 509.000       0.3592
 510.000       0.3753
 511.000       0.4691
 512.000       0.4681
 513.000       0.4083
 514.000       0.4663
 515.000       0.5227
 516.000       0.4383
 517.000       0.4758
 518.000       0.5714
 519.000       0.5217
 520.000       0.3918
 521.000       0.3752
 522.000       0.4321
 523.000       0.3601
 524.000       0.3405
 525.000       0.3924
 526.000       0.4244
 527.000       0.3702
 528.000       0.3694
 529.000       0.4950
 530.000       0.5305
 531.000       0.4961
 532.000       0.6004
 533.000       0.4512
 534.000       0.6607
 535.000       0.4561
 536.000       0.3713
 537.000       0.4015
 538.000       0.3953
 539.000       0.4120
 540.000       0.3502
 541.000       0.3567
 542.000       0.3517
 543.000       0.3546
 544.000       0.3478
 545.000       0.4223
 546.000       0.4771
 547.000       0.5899
 548.000       0.7509
 549.000       0.7545
 550.000       0.5893
 551.000       0.5994
 552.000       0.5244
 553.000       0.4836
 554.000       0.5665
 555.000       0.6436
 556.000       1.3634
 557.000       2.6151
