#Res             RMSF
 377.000       2.3155
 378.000       1.8307
 379.000       1.2838
 380.000       0.8403
 381.000       0.6237
 382.000       0.5867
 383.000       0.5291
 384.000       0.5108
 385.000       0.5069
 386.000       0.4658
 387.000       0.4363
 388.000       0.4738
 389.000       0.5211
 390.000       0.4549
 391.000       0.3930
 392.000       0.4681
 393.000       0.4822
 394.000       0.4257
 395.000       0.4491
 396.000       0.5396
 397.000       0.5535
 398.000       0.5425
 399.000       0.5556
 400.000       0.4717
 401.000       0.4274
 402.000       0.4749
 403.000       0.5784
 404.000       0.5470
 405.000       0.5789
 406.000       0.5889
 407.000       0.4589
 408.000       0.4818
 409.000       0.5090
 410.000       0.4664
 411.000       0.4275
 412.000       0.4857
 413.000       0.5179
 414.000       0.5170
 415.000       0.5384
 416.000       0.7032
 417.000       1.0712
 418.000       1.0149
 419.000       0.8316
 420.000       0.8056
 421.000       1.0790
 422.000       0.5861
 423.000       0.5943
 424.000       0.5688
 425.000       0.5852
 426.000       0.6816
 427.000       0.5291
 428.000       0.4364
 429.000       0.4290
 430.000       0.4287
 431.000       0.4096
 432.000       0.3806
 433.000       0.3393
 434.000       0.3839
 435.000       0.3921
 436.000       0.3911
 437.000       0.3776
 438.000       0.4111
 439.000       0.4162
 440.000       0.3900
 441.000       0.3486
 442.000       0.4242
 443.000       0.3634
 444.000       0.3241
 445.000       0.4067
 446.000       0.4054
 447.000       0.3731
 448.000       0.3575
 449.000       0.4278
 450.000       0.4268
 451.000       0.4344
 452.000       0.4562
 453.000       0.4850
 454.000       0.5388
 455.000       0.5894
 456.000       0.5056
 457.000       0.5423
 458.000       0.4154
 459.000       0.3804
 460.000       0.4293
 461.000       0.4805
 462.000       0.4823
 463.000       0.3994
 464.000       0.4482
 465.000       0.5353
 466.000       0.4739
 467.000       0.4576
 468.000       0.5166
 469.000       0.5648
 470.000       0.5731
 471.000       0.6547
 472.000       0.8466
 473.000       1.2357
 474.000       2.0082
 475.000       2.4506
