#Res             RMSF
 662.000       1.4574
 663.000       0.9863
 664.000       0.6848
 665.000       0.5030
 666.000       0.4204
 667.000       0.4295
 668.000       0.5216
 669.000       0.5080
 670.000       0.4480
 671.000       0.4692
 672.000       0.5004
 673.000       0.4568
 674.000       0.4660
 675.000       0.5751
 676.000       0.6780
 677.000       0.6398
 678.000       0.6533
 679.000       0.8981
 680.000       0.8328
 681.000       0.6004
 682.000       0.5510
 683.000       0.4759
 684.000       0.5690
 685.000       0.6903
 686.000       0.7072
 687.000       0.5065
 688.000       0.4904
 689.000       0.5120
 690.000       0.4553
 691.000       0.3986
 692.000       0.4221
 693.000       0.4467
 694.000       0.4349
 695.000       0.4347
 696.000       0.4830
 697.000       0.4718
 698.000       0.4487
 699.000       0.3809
 700.000       0.4248
 701.000       0.4123
 702.000       0.3676
 703.000       0.4182
 704.000       0.4435
 705.000       0.3864
 706.000       0.3640
 707.000       0.4715
 708.000       0.4488
 709.000       0.3795
 710.000       0.4374
 711.000       0.5277
 712.000       0.5821
 713.000       0.6513
 714.000       0.7159
 715.000       0.6287
 716.000       0.6904
 717.000       0.4988
 718.000       0.4344
 719.000       0.4362
 720.000       0.4495
 721.000       0.4342
 722.000       0.3573
 723.000       0.3636
 724.000       0.3780
 725.000       0.3515
 726.000       0.3532
 727.000       0.3888
 728.000       0.4553
 729.000       0.4574
 730.000       0.4428
 731.000       0.4564
 732.000       0.5965
 733.000       0.8738
 734.000       0.8825
 735.000       0.6008
 736.000       0.4856
 737.000       0.5927
 738.000       0.5185
 739.000       0.4264
 740.000       0.4305
 741.000       0.4925
 742.000       0.4502
 743.000       0.4154
 744.000       0.4482
 745.000       0.4781
 746.000       0.4244
 747.000       0.4632
 748.000       0.5504
 749.000       0.5416
 750.000       0.5332
 751.000       0.8199
 752.000       1.8574
 753.000       3.0301
