#Res             RMSF
 176.000       1.4125
 177.000       0.9651
 178.000       0.6853
 179.000       0.5405
 180.000       0.4797
 181.000       0.6255
 182.000       0.6673
 183.000       0.5223
 184.000       0.5606
 185.000       0.4382
 186.000       0.4745
 187.000       0.4136
 188.000       0.4538
 189.000       0.4363
 190.000       0.5956
 191.000       0.5669
 192.000       0.4444
 193.000       0.4313
 194.000       0.5455
 195.000       0.6334
 196.000       0.5619
 197.000       0.6854
 198.000       0.8777
 199.000       0.8340
 200.000       0.8677
 201.000       0.5925
 202.000       0.6045
 203.000       0.6832
 204.000       0.5623
 205.000       0.5112
 206.000       0.5259
 207.000       0.6047
 208.000       0.5296
 209.000       0.3839
 210.000       0.3566
 211.000       0.4045
 212.000       0.4168
 213.000       0.3838
 214.000       0.3690
 215.000       0.3970
 216.000       0.4248
 217.000       0.4080
 218.000       0.3749
 219.000       0.4068
 220.000       0.4348
 221.000       0.4158
 222.000       0.4432
 223.000       0.4744
 224.000       0.4196
 225.000       0.4111
 226.000       0.4846
 227.000       0.4609
 228.000       0.4144
 229.000       0.4831
 230.000       0.5859
 231.000       0.5721
 232.000       0.5085
 233.000       0.7117
 234.000       0.8248
 235.000       0.7781
 236.000       0.8237
 237.000       0.6363
 238.000       0.6815
 239.000       0.4628
 240.000       0.3814
 241.000       0.4026
 242.000       0.4104
 243.000       0.3994
 244.000       0.4364
 245.000       0.4521
 246.000       0.4452
 247.000       0.5216
 248.000       0.6099
 249.000       0.6268
 250.000       0.8540
 251.000       1.0807
 252.000       0.8337
 253.000       0.8878
 254.000       0.6748
 255.000       0.6044
 256.000       0.7799
 257.000       0.7725
 258.000       0.6933
 259.000       0.8445
 260.000       1.5891
 261.000       1.8411
 262.000       0.9073
 263.000       0.5500
 264.000       0.5013
 265.000       0.5436
 266.000       0.4628
 267.000       0.4697
 268.000       0.5543
 269.000       0.5414
 270.000       0.6491
 271.000       0.6822
 272.000       0.7400
 273.000       0.7502
 274.000       0.7552
 275.000       0.8670
 276.000       0.8365
 277.000       0.7582
 278.000       0.9372
 279.000       1.2953
 280.000       2.0105
