#Res             RMSF
 176.000       1.4130
 177.000       0.9726
 178.000       0.6864
 179.000       0.5382
 180.000       0.4799
 181.000       0.6279
 182.000       0.6696
 183.000       0.5222
 184.000       0.5604
 185.000       0.4363
 186.000       0.4737
 187.000       0.4142
 188.000       0.4555
 189.000       0.4384
 190.000       0.5958
 191.000       0.5658
 192.000       0.4432
 193.000       0.4294
 194.000       0.5453
 195.000       0.6350
 196.000       0.5618
 197.000       0.6830
 198.000       0.8761
 199.000       0.8320
 200.000       0.8683
 201.000       0.5888
 202.000       0.5991
 203.000       0.6765
 204.000       0.5565
 205.000       0.5065
 206.000       0.5262
 207.000       0.6055
 208.000       0.5296
 209.000       0.3856
 210.000       0.3581
 211.000       0.4063
 212.000       0.4184
 213.000       0.3862
 214.000       0.3704
 215.000       0.3992
 216.000       0.4272
 217.000       0.4108
 218.000       0.3769
 219.000       0.4071
 220.000       0.4355
 221.000       0.4184
 222.000       0.4450
 223.000       0.4763
 224.000       0.4187
 225.000       0.4105
 226.000       0.4838
 227.000       0.4594
 228.000       0.4124
 229.000       0.4818
 230.000       0.5810
 231.000       0.5680
 232.000       0.5080
 233.000       0.7130
 234.000       0.8235
 235.000       0.7796
 236.000       0.8283
 237.000       0.6387
 238.000       0.6860
 239.000       0.4623
 240.000       0.3810
 241.000       0.4023
 242.000       0.4094
 243.000       0.4000
 244.000       0.4379
 245.000       0.4534
 246.000       0.4450
 247.000       0.5231
 248.000       0.6148
 249.000       0.6308
 250.000       0.8547
 251.000       1.0810
 252.000       0.8317
 253.000       0.8957
 254.000       0.6788
 255.000       0.6036
 256.000       0.7807
 257.000       0.7750
 258.000       0.6940
 259.000       0.8481
 260.000       1.5944
 261.000       1.8693
 262.000       0.9157
 263.000       0.5503
 264.000       0.5013
 265.000       0.5449
 266.000       0.4579
 267.000       0.4660
 268.000       0.5492
 269.000       0.5396
 270.000       0.6471
 271.000       0.6780
 272.000       0.7295
 273.000       0.7452
 274.000       0.7395
 275.000       0.8523
 276.000       0.8258
 277.000       0.7474
 278.000       0.9324
 279.000       1.2930
 280.000       2.0061
