#Res             RMSF
 558.000       1.3167
 559.000       0.8608
 560.000       0.6203
 561.000       0.5451
 562.000       0.7154
 563.000       0.7083
 564.000       0.6007
 565.000       0.6772
 566.000       0.4971
 567.000       0.5126
 568.000       0.4417
 569.000       0.4727
 570.000       0.4214
 571.000       0.5270
 572.000       0.4875
 573.000       0.4134
 574.000       0.4144
 575.000       0.4960
 576.000       0.5102
 577.000       0.5022
 578.000       0.6560
 579.000       0.8034
 580.000       1.2070
 581.000       1.1107
 582.000       0.5770
 583.000       0.8130
 584.000       0.8521
 585.000       0.6318
 586.000       0.6045
 587.000       0.5992
 588.000       1.5327
 589.000       0.6162
 590.000       0.4840
 591.000       0.4075
 592.000       0.4012
 593.000       0.4005
 594.000       0.3932
 595.000       0.3743
 596.000       0.3923
 597.000       0.4115
 598.000       0.4209
 599.000       0.4163
 600.000       0.4374
 601.000       0.4805
 602.000       0.4721
 603.000       0.5159
 604.000       0.5780
 605.000       0.5075
 606.000       0.4828
 607.000       0.5424
 608.000       0.5897
 609.000       0.5324
 610.000       0.5858
 611.000       0.7265
 612.000       0.7282
 613.000       0.6515
 614.000       0.8400
 615.000       0.9930
 616.000       0.9305
 617.000       0.9712
 618.000       0.7424
 619.000       0.8486
 620.000       0.5436
 621.000       0.4708
 622.000       0.5641
 623.000       0.6143
 624.000       0.6373
 625.000       0.5333
 626.000       0.5608
 627.000       0.7550
 628.000       0.8560
 629.000       0.7863
 630.000       0.8589
 631.000       1.2338
 632.000       1.3490
 633.000       1.1592
 634.000       1.2193
 635.000       0.9280
 636.000       0.7877
 637.000       1.0035
 638.000       0.9850
 639.000       0.8404
 640.000       1.1250
 641.000       1.8731
 642.000       2.3457
 643.000       1.1852
 644.000       0.9061
 645.000       0.7746
 646.000       0.8373
 647.000       1.1565
 648.000       1.7923
 649.000       1.2345
 650.000       0.9507
 651.000       1.2354
 652.000       1.2468
 653.000       1.2020
 654.000       1.1364
 655.000       1.1531
 656.000       1.2855
 657.000       1.2421
 658.000       1.1586
 659.000       1.3018
 660.000       1.6148
 661.000       2.2952
