#Res             RMSF
   1.000       2.9658
   2.000       1.6095
   3.000       0.9778
   4.000       0.6086
   5.000       0.6158
   6.000       0.5232
   7.000       0.5192
   8.000       0.5275
   9.000       0.5050
  10.000       0.4656
  11.000       0.5129
  12.000       0.5586
  13.000       0.4652
  14.000       0.3785
  15.000       0.4806
  16.000       0.4765
  17.000       0.4222
  18.000       0.4402
  19.000       0.5406
  20.000       0.5938
  21.000       0.6180
  22.000       0.5911
  23.000       0.4808
  24.000       0.4277
  25.000       0.4136
  26.000       0.4603
  27.000       0.4751
  28.000       0.4886
  29.000       0.4671
  30.000       0.4236
  31.000       0.4758
  32.000       0.4928
  33.000       0.4630
  34.000       0.4050
  35.000       0.4269
  36.000       0.4844
  37.000       0.4593
  38.000       0.4520
  39.000       0.5469
  40.000       0.7807
  41.000       0.7467
  42.000       0.6932
  43.000       0.7390
  44.000       0.8767
  45.000       0.5720
  46.000       0.5563
  47.000       0.5193
  48.000       0.5628
  49.000       0.6371
  50.000       0.5960
  51.000       0.4661
  52.000       0.4324
  53.000       0.5080
  54.000       0.5130
  55.000       0.4288
  56.000       0.3862
  57.000       0.4414
  58.000       0.4496
  59.000       0.4178
  60.000       0.3965
  61.000       0.4313
  62.000       0.4358
  63.000       0.4102
  64.000       0.3631
  65.000       0.4153
  66.000       0.3541
  67.000       0.3284
  68.000       0.3835
  69.000       0.3928
  70.000       0.3543
  71.000       0.3513
  72.000       0.4365
  73.000       0.4422
  74.000       0.4110
  75.000       0.4363
  76.000       0.4860
  77.000       0.5461
  78.000       0.5802
  79.000       0.4672
  80.000       0.4779
  81.000       0.3763
  82.000       0.3418
  83.000       0.4207
  84.000       0.4854
  85.000       0.4924
  86.000       0.3872
  87.000       0.4306
  88.000       0.5522
  89.000       0.4547
  90.000       0.4306
  91.000       0.5175
  92.000       0.5506
  93.000       0.5429
  94.000       0.6251
  95.000       0.7978
  96.000       1.4573
  97.000       2.4007
