#Res             RMSF
 662.000       1.4686
 663.000       1.0459
 664.000       0.7086
 665.000       0.5202
 666.000       0.4318
 667.000       0.4299
 668.000       0.4775
 669.000       0.4695
 670.000       0.4420
 671.000       0.4608
 672.000       0.5074
 673.000       0.4704
 674.000       0.4508
 675.000       0.5702
 676.000       0.6657
 677.000       0.6259
 678.000       0.6004
 679.000       0.8860
 680.000       0.7949
 681.000       0.5517
 682.000       0.5426
 683.000       0.4828
 684.000       0.5430
 685.000       0.6329
 686.000       0.6606
 687.000       0.4995
 688.000       0.5058
 689.000       0.5023
 690.000       0.4503
 691.000       0.3940
 692.000       0.4069
 693.000       0.4228
 694.000       0.4031
 695.000       0.3848
 696.000       0.4549
 697.000       0.4456
 698.000       0.4019
 699.000       0.3584
 700.000       0.4079
 701.000       0.3943
 702.000       0.3643
 703.000       0.4164
 704.000       0.4460
 705.000       0.3876
 706.000       0.3476
 707.000       0.4253
 708.000       0.4308
 709.000       0.3660
 710.000       0.4129
 711.000       0.4856
 712.000       0.5488
 713.000       0.6107
 714.000       0.6893
 715.000       0.5934
 716.000       0.6485
 717.000       0.4778
 718.000       0.4190
 719.000       0.4344
 720.000       0.4500
 721.000       0.4160
 722.000       0.3502
 723.000       0.3660
 724.000       0.3820
 725.000       0.3446
 726.000       0.3428
 727.000       0.3903
 728.000       0.4610
 729.000       0.4499
 730.000       0.4321
 731.000       0.4840
 732.000       0.6018
 733.000       0.8510
 734.000       0.8324
 735.000       0.5608
 736.000       0.4994
 737.000       0.5932
 738.000       0.5201
 739.000       0.4325
 740.000       0.4469
 741.000       0.5120
 742.000       0.4639
 743.000       0.4354
 744.000       0.4724
 745.000       0.5040
 746.000       0.4327
 747.000       0.4556
 748.000       0.5467
 749.000       0.5587
 750.000       0.5490
 751.000       0.8618
 752.000       2.0244
 753.000       3.5540
