#Res             RMSF
  98.000       2.1769
  99.000       1.6777
 100.000       1.7387
 101.000       1.3483
 102.000       0.6327
 103.000       0.6116
 104.000       0.5267
 105.000       0.5283
 106.000       0.5101
 107.000       0.3969
 108.000       0.3800
 109.000       0.4421
 110.000       0.4280
 111.000       0.3948
 112.000       0.4571
 113.000       0.5070
 114.000       0.4997
 115.000       0.5266
 116.000       0.4500
 117.000       0.4885
 118.000       0.4467
 119.000       0.4301
 120.000       0.4618
 121.000       0.5470
 122.000       0.5383
 123.000       0.4316
 124.000       0.4507
 125.000       0.5588
 126.000       0.5107
 127.000       0.4195
 128.000       0.5003
 129.000       0.5475
 130.000       0.5215
 131.000       0.4923
 132.000       0.5331
 133.000       0.5657
 134.000       0.5206
 135.000       0.5144
 136.000       0.5497
 137.000       0.5425
 138.000       0.4364
 139.000       0.4192
 140.000       0.5103
 141.000       0.4325
 142.000       0.3680
 143.000       0.3654
 144.000       0.3971
 145.000       0.4049
 146.000       0.4028
 147.000       0.4851
 148.000       0.5731
 149.000       0.6034
 150.000       0.6393
 151.000       0.5778
 152.000       0.7235
 153.000       0.5755
 154.000       0.5196
 155.000       0.6126
 156.000       0.6691
 157.000       0.6669
 158.000       0.4934
 159.000       0.4977
 160.000       0.6229
 161.000       0.5700
 162.000       0.4905
 163.000       0.6469
 164.000       0.7223
 165.000       0.9317
 166.000       1.2706
 167.000       2.3931
 168.000       1.2523
 169.000       1.0986
 170.000       0.9782
 171.000       0.9659
 172.000       1.1630
 173.000       1.2239
 174.000       2.2507
 175.000       4.3576
