#Res             RMSF
  98.000       1.3893
  99.000       0.9486
 100.000       1.0923
 101.000       1.0454
 102.000       0.6429
 103.000       0.6317
 104.000       0.4876
 105.000       0.4829
 106.000       0.4535
 107.000       0.3798
 108.000       0.3909
 109.000       0.4709
 110.000       0.4404
 111.000       0.3998
 112.000       0.4770
 113.000       0.5380
 114.000       0.5268
 115.000       0.5481
 116.000       0.4672
 117.000       0.4865
 118.000       0.4503
 119.000       0.4165
 120.000       0.4461
 121.000       0.5041
 122.000       0.5147
 123.000       0.4424
 124.000       0.4181
 125.000       0.5036
 126.000       0.5006
 127.000       0.4090
 128.000       0.4527
 129.000       0.5224
 130.000       0.5101
 131.000       0.4554
 132.000       0.4980
 133.000       0.5436
 134.000       0.5037
 135.000       0.4955
 136.000       0.5426
 137.000       0.5279
 138.000       0.4452
 139.000       0.3996
 140.000       0.4400
 141.000       0.4165
 142.000       0.4086
 143.000       0.3521
 144.000       0.3606
 145.000       0.4169
 146.000       0.4342
 147.000       0.4733
 148.000       0.5654
 149.000       0.6398
 150.000       0.6733
 151.000       0.6078
 152.000       0.7426
 153.000       0.5832
 154.000       0.5166
 155.000       0.6137
 156.000       0.6799
 157.000       0.6656
 158.000       0.5068
 159.000       0.5094
 160.000       0.6368
 161.000       0.5724
 162.000       0.4984
 163.000       0.6331
 164.000       0.8006
 165.000       0.8561
 166.000       1.1204
 167.000       2.1053
 168.000       1.3399
 169.000       1.1893
 170.000       1.1905
 171.000       1.1708
 172.000       1.3766
 173.000       1.4959
 174.000       2.4122
 175.000       4.4613
