#Res             RMSF
  98.000       2.5941
  99.000       2.0245
 100.000       2.0332
 101.000       1.5137
 102.000       0.6077
 103.000       0.5678
 104.000       0.5130
 105.000       0.4948
 106.000       0.4874
 107.000       0.3927
 108.000       0.3529
 109.000       0.3820
 110.000       0.3824
 111.000       0.3696
 112.000       0.4044
 113.000       0.4312
 114.000       0.4469
 115.000       0.4723
 116.000       0.4102
 117.000       0.4746
 118.000       0.4300
 119.000       0.4283
 120.000       0.4588
 121.000       0.5626
 122.000       0.5326
 123.000       0.4035
 124.000       0.4477
 125.000       0.5704
 126.000       0.4865
 127.000       0.4243
 128.000       0.5167
 129.000       0.5447
 130.000       0.5065
 131.000       0.4775
 132.000       0.5008
 133.000       0.5249
 134.000       0.4702
 135.000       0.4771
 136.000       0.5286
 137.000       0.5197
 138.000       0.4126
 139.000       0.3869
 140.000       0.4320
 141.000       0.3645
 142.000       0.3204
 143.000       0.3593
 144.000       0.3921
 145.000       0.3762
 146.000       0.3721
 147.000       0.4779
 148.000       0.5423
 149.000       0.5503
 150.000       0.6093
 151.000       0.5243
 152.000       0.6602
 153.000       0.4908
 154.000       0.4572
 155.000       0.5006
 156.000       0.5195
 157.000       0.5090
 158.000       0.3707
 159.000       0.3680
 160.000       0.4290
 161.000       0.4151
 162.000       0.3529
 163.000       0.4266
 164.000       0.5163
 165.000       0.5707
 166.000       0.7490
 167.000       0.8984
 168.000       0.7120
 169.000       0.8866
 170.000       0.5940
 171.000       0.5885
 172.000       0.7740
 173.000       0.8252
 174.000       1.9607
 175.000       3.9000
