#Res             RMSF
  98.000       2.2065
  99.000       1.7004
 100.000       1.7611
 101.000       1.3602
 102.000       0.6281
 103.000       0.6093
 104.000       0.5298
 105.000       0.5314
 106.000       0.5143
 107.000       0.3984
 108.000       0.3807
 109.000       0.4442
 110.000       0.4293
 111.000       0.3968
 112.000       0.4591
 113.000       0.5066
 114.000       0.4996
 115.000       0.5275
 116.000       0.4516
 117.000       0.4895
 118.000       0.4470
 119.000       0.4292
 120.000       0.4613
 121.000       0.5509
 122.000       0.5431
 123.000       0.4345
 124.000       0.4548
 125.000       0.5607
 126.000       0.5131
 127.000       0.4211
 128.000       0.5004
 129.000       0.5498
 130.000       0.5192
 131.000       0.4889
 132.000       0.5369
 133.000       0.5655
 134.000       0.5174
 135.000       0.5173
 136.000       0.5523
 137.000       0.5425
 138.000       0.4379
 139.000       0.4206
 140.000       0.5130
 141.000       0.4349
 142.000       0.3688
 143.000       0.3671
 144.000       0.3999
 145.000       0.4070
 146.000       0.4044
 147.000       0.4822
 148.000       0.5724
 149.000       0.6053
 150.000       0.6398
 151.000       0.5770
 152.000       0.7189
 153.000       0.5774
 154.000       0.5244
 155.000       0.6182
 156.000       0.6723
 157.000       0.6699
 158.000       0.4967
 159.000       0.5010
 160.000       0.6303
 161.000       0.5755
 162.000       0.4953
 163.000       0.6552
 164.000       0.7314
 165.000       0.9281
 166.000       1.2591
 167.000       2.3468
 168.000       1.2571
 169.000       1.1122
 170.000       0.9914
 171.000       0.9767
 172.000       1.1706
 173.000       1.2390
 174.000       2.2704
 175.000       4.3945
