#Res             RMSF
 558.000       1.3221
 559.000       0.8631
 560.000       0.6216
 561.000       0.5463
 562.000       0.7187
 563.000       0.7132
 564.000       0.6049
 565.000       0.6792
 566.000       0.4983
 567.000       0.5134
 568.000       0.4418
 569.000       0.4740
 570.000       0.4235
 571.000       0.5306
 572.000       0.4913
 573.000       0.4152
 574.000       0.4153
 575.000       0.4973
 576.000       0.5109
 577.000       0.5055
 578.000       0.6618
 579.000       0.8073
 580.000       1.2180
 581.000       1.1069
 582.000       0.5760
 583.000       0.8124
 584.000       0.8541
 585.000       0.6306
 586.000       0.6076
 587.000       0.6013
 588.000       1.5552
 589.000       0.6199
 590.000       0.4866
 591.000       0.4058
 592.000       0.4032
 593.000       0.3990
 594.000       0.3922
 595.000       0.3738
 596.000       0.3931
 597.000       0.4110
 598.000       0.4199
 599.000       0.4170
 600.000       0.4386
 601.000       0.4793
 602.000       0.4667
 603.000       0.5115
 604.000       0.5695
 605.000       0.4987
 606.000       0.4811
 607.000       0.5367
 608.000       0.5848
 609.000       0.5249
 610.000       0.5773
 611.000       0.7218
 612.000       0.7286
 613.000       0.6522
 614.000       0.8431
 615.000       0.9959
 616.000       0.9325
 617.000       0.9738
 618.000       0.7398
 619.000       0.8390
 620.000       0.5412
 621.000       0.4723
 622.000       0.5674
 623.000       0.6194
 624.000       0.6409
 625.000       0.5364
 626.000       0.5608
 627.000       0.7567
 628.000       0.8573
 629.000       0.7813
 630.000       0.8504
 631.000       1.2397
 632.000       1.3490
 633.000       1.1525
 634.000       1.1980
 635.000       0.9170
 636.000       0.7899
 637.000       1.0000
 638.000       0.9780
 639.000       0.8334
 640.000       1.1185
 641.000       1.8342
 642.000       2.3680
 643.000       1.1951
 644.000       0.9156
 645.000       0.7829
 646.000       0.8471
 647.000       1.1732
 648.000       1.8215
 649.000       1.2486
 650.000       0.9550
 651.000       1.2473
 652.000       1.2596
 653.000       1.2144
 654.000       1.1493
 655.000       1.1650
 656.000       1.2969
 657.000       1.2542
 658.000       1.1707
 659.000       1.3117
 660.000       1.6243
 661.000       2.3087
