#Res             RMSF
   1.000       2.7866
   2.000       1.6517
   3.000       0.9358
   4.000       0.6182
   5.000       0.6363
   6.000       0.5039
   7.000       0.5107
   8.000       0.5444
   9.000       0.5349
  10.000       0.4840
  11.000       0.5266
  12.000       0.5914
  13.000       0.4790
  14.000       0.3896
  15.000       0.4806
  16.000       0.4718
  17.000       0.4204
  18.000       0.4454
  19.000       0.5455
  20.000       0.5955
  21.000       0.6045
  22.000       0.5966
  23.000       0.4863
  24.000       0.4501
  25.000       0.4246
  26.000       0.4697
  27.000       0.4616
  28.000       0.4723
  29.000       0.4538
  30.000       0.4017
  31.000       0.4566
  32.000       0.4679
  33.000       0.4418
  34.000       0.3834
  35.000       0.4281
  36.000       0.4877
  37.000       0.4735
  38.000       0.4550
  39.000       0.5460
  40.000       0.8130
  41.000       0.7622
  42.000       0.7061
  43.000       0.7817
  44.000       0.9308
  45.000       0.5917
  46.000       0.5656
  47.000       0.5206
  48.000       0.5495
  49.000       0.5947
  50.000       0.5670
  51.000       0.4423
  52.000       0.3897
  53.000       0.4712
  54.000       0.4863
  55.000       0.3889
  56.000       0.3556
  57.000       0.4277
  58.000       0.4448
  59.000       0.4006
  60.000       0.4069
  61.000       0.4452
  62.000       0.4341
  63.000       0.3997
  64.000       0.3623
  65.000       0.4254
  66.000       0.3544
  67.000       0.3208
  68.000       0.3699
  69.000       0.3626
  70.000       0.3243
  71.000       0.3455
  72.000       0.4455
  73.000       0.4376
  74.000       0.3932
  75.000       0.4399
  76.000       0.4922
  77.000       0.5316
  78.000       0.5657
  79.000       0.4424
  80.000       0.4734
  81.000       0.3753
  82.000       0.3327
  83.000       0.4089
  84.000       0.4611
  85.000       0.4537
  86.000       0.3703
  87.000       0.4232
  88.000       0.5607
  89.000       0.4610
  90.000       0.4229
  91.000       0.5062
  92.000       0.5369
  93.000       0.5296
  94.000       0.5905
  95.000       0.7358
  96.000       1.0227
  97.000       1.8281
