#Res             RMSF
 476.000       2.6854
 477.000       1.5600
 478.000       1.1733
 479.000       1.0421
 480.000       0.5850
 481.000       0.5915
 482.000       0.8469
 483.000       0.9029
 484.000       0.6576
 485.000       0.5597
 486.000       0.5027
 487.000       0.4987
 488.000       0.4606
 489.000       0.3688
 490.000       0.3641
 491.000       0.4342
 492.000       0.3940
 493.000       0.3306
 494.000       0.3729
 495.000       0.4036
 496.000       0.4246
 497.000       0.4564
 498.000       0.3882
 499.000       0.4541
 500.000       0.4349
 501.000       0.4255
 502.000       0.4450
 503.000       0.5150
 504.000       0.4937
 505.000       0.3925
 506.000       0.4145
 507.000       0.4871
 508.000       0.4721
 509.000       0.3845
 510.000       0.4112
 511.000       0.4860
 512.000       0.4847
 513.000       0.4319
 514.000       0.4737
 515.000       0.5212
 516.000       0.4612
 517.000       0.4871
 518.000       0.5516
 519.000       0.5061
 520.000       0.3943
 521.000       0.3779
 522.000       0.4376
 523.000       0.3548
 524.000       0.3366
 525.000       0.3819
 526.000       0.4064
 527.000       0.3884
 528.000       0.4004
 529.000       0.5063
 530.000       0.5674
 531.000       0.5697
 532.000       0.6366
 533.000       0.4988
 534.000       0.7160
 535.000       0.4669
 536.000       0.4063
 537.000       0.4590
 538.000       0.4331
 539.000       0.4561
 540.000       0.3787
 541.000       0.3784
 542.000       0.3958
 543.000       0.3745
 544.000       0.3485
 545.000       0.4488
 546.000       0.5415
 547.000       0.6675
 548.000       0.6644
 549.000       0.8574
 550.000       0.8966
 551.000       0.8097
 552.000       0.5328
 553.000       0.5151
 554.000       0.7385
 555.000       0.8830
 556.000       1.6404
 557.000       2.9207
