#Res             RMSF
 558.000       1.2844
 559.000       0.8334
 560.000       0.6118
 561.000       0.5437
 562.000       0.7349
 563.000       0.7376
 564.000       0.6098
 565.000       0.7002
 566.000       0.5083
 567.000       0.5099
 568.000       0.4361
 569.000       0.4651
 570.000       0.4248
 571.000       0.5082
 572.000       0.4485
 573.000       0.4074
 574.000       0.4084
 575.000       0.4818
 576.000       0.5022
 577.000       0.4959
 578.000       0.6159
 579.000       0.7492
 580.000       0.8973
 581.000       1.0260
 582.000       0.5839
 583.000       0.7974
 584.000       0.8488
 585.000       0.6315
 586.000       0.5944
 587.000       0.5829
 588.000       0.7404
 589.000       0.5609
 590.000       0.4555
 591.000       0.4067
 592.000       0.4084
 593.000       0.4168
 594.000       0.4106
 595.000       0.3860
 596.000       0.4087
 597.000       0.4327
 598.000       0.4321
 599.000       0.4108
 600.000       0.4324
 601.000       0.4829
 602.000       0.4793
 603.000       0.5051
 604.000       0.5568
 605.000       0.4745
 606.000       0.4539
 607.000       0.4980
 608.000       0.5137
 609.000       0.5018
 610.000       0.5529
 611.000       0.6383
 612.000       0.6318
 613.000       0.5925
 614.000       0.7224
 615.000       0.8423
 616.000       0.8289
 617.000       0.8638
 618.000       0.6924
 619.000       0.7495
 620.000       0.5646
 621.000       0.4959
 622.000       0.5088
 623.000       0.5310
 624.000       0.5337
 625.000       0.4934
 626.000       0.5607
 627.000       0.6725
 628.000       0.7009
 629.000       0.6899
 630.000       0.8410
 631.000       1.0230
 632.000       1.0235
 633.000       1.1618
 634.000       1.3701
 635.000       1.0300
 636.000       0.7901
 637.000       1.0491
 638.000       0.9974
 639.000       0.8206
 640.000       1.0075
 641.000       1.9501
 642.000       1.4704
 643.000       0.9046
 644.000       0.8958
 645.000       0.7399
 646.000       0.8265
 647.000       1.3577
 648.000       2.2600
 649.000       1.4827
 650.000       0.9526
 651.000       1.1297
 652.000       1.2410
 653.000       1.1938
 654.000       1.1064
 655.000       1.1039
 656.000       1.2429
 657.000       1.1886
 658.000       1.1023
 659.000       1.2670
 660.000       1.5934
 661.000       2.2148
