#Res             RMSF
 281.000       3.8363
 282.000       2.5323
 283.000       1.1811
 284.000       0.9323
 285.000       0.9926
 286.000       0.7654
 287.000       0.6263
 288.000       0.4763
 289.000       0.5242
 290.000       0.5794
 291.000       0.5030
 292.000       0.4523
 293.000       0.4764
 294.000       0.5445
 295.000       0.4770
 296.000       0.4654
 297.000       0.6380
 298.000       0.7332
 299.000       0.6404
 300.000       0.6108
 301.000       0.8147
 302.000       0.8984
 303.000       0.6346
 304.000       0.5754
 305.000       0.5335
 306.000       0.6057
 307.000       0.6790
 308.000       0.7006
 309.000       0.5549
 310.000       0.5548
 311.000       0.5969
 312.000       0.5153
 313.000       0.4541
 314.000       0.4993
 315.000       0.5270
 316.000       0.4434
 317.000       0.4382
 318.000       0.5290
 319.000       0.4623
 320.000       0.4201
 321.000       0.4076
 322.000       0.4540
 323.000       0.4367
 324.000       0.3788
 325.000       0.4350
 326.000       0.5043
 327.000       0.3910
 328.000       0.3778
 329.000       0.5041
 330.000       0.4895
 331.000       0.4423
 332.000       0.5519
 333.000       0.5759
 334.000       0.5509
 335.000       0.6293
 336.000       0.6963
 337.000       0.6263
 338.000       0.5952
 339.000       0.5223
 340.000       0.4266
 341.000       0.4632
 342.000       0.4840
 343.000       0.5041
 344.000       0.4272
 345.000       0.3908
 346.000       0.4077
 347.000       0.3880
 348.000       0.3802
 349.000       0.4134
 350.000       0.4685
 351.000       0.4537
 352.000       0.4924
 353.000       0.4986
 354.000       0.6299
 355.000       0.7213
 356.000       0.8002
 357.000       0.5991
 358.000       0.5142
 359.000       0.6194
 360.000       0.5497
 361.000       0.4596
 362.000       0.4450
 363.000       0.4948
 364.000       0.4680
 365.000       0.4470
 366.000       0.4955
 367.000       0.4997
 368.000       0.4402
 369.000       0.5102
 370.000       0.5983
 371.000       0.5858
 372.000       0.5628
 373.000       0.7799
 374.000       1.5681
 375.000       2.5163
 376.000       3.6087
