#Res             RMSF
   1.000       3.1529
   2.000       1.6043
   3.000       1.0501
   4.000       0.5990
   5.000       0.5691
   6.000       0.5130
   7.000       0.5292
   8.000       0.5013
   9.000       0.4689
  10.000       0.4292
  11.000       0.4813
  12.000       0.5250
  13.000       0.4527
  14.000       0.3686
  15.000       0.4814
  16.000       0.4863
  17.000       0.4181
  18.000       0.4303
  19.000       0.5332
  20.000       0.5690
  21.000       0.6065
  22.000       0.5513
  23.000       0.4701
  24.000       0.4058
  25.000       0.3932
  26.000       0.4300
  27.000       0.4722
  28.000       0.4989
  29.000       0.4802
  30.000       0.4396
  31.000       0.4882
  32.000       0.5100
  33.000       0.4752
  34.000       0.4180
  35.000       0.4249
  36.000       0.4811
  37.000       0.4428
  38.000       0.4391
  39.000       0.5262
  40.000       0.6864
  41.000       0.6568
  42.000       0.6385
  43.000       0.7047
  44.000       0.8435
  45.000       0.5639
  46.000       0.5465
  47.000       0.5136
  48.000       0.5638
  49.000       0.6416
  50.000       0.5928
  51.000       0.4741
  52.000       0.4435
  53.000       0.4778
  54.000       0.5023
  55.000       0.4252
  56.000       0.3549
  57.000       0.4003
  58.000       0.4248
  59.000       0.4098
  60.000       0.3833
  61.000       0.4080
  62.000       0.4240
  63.000       0.4086
  64.000       0.3632
  65.000       0.4046
  66.000       0.3508
  67.000       0.3299
  68.000       0.3790
  69.000       0.3891
  70.000       0.3515
  71.000       0.3383
  72.000       0.4087
  73.000       0.4417
  74.000       0.4246
  75.000       0.4303
  76.000       0.4867
  77.000       0.5454
  78.000       0.5734
  79.000       0.4737
  80.000       0.4702
  81.000       0.3718
  82.000       0.3423
  83.000       0.4199
  84.000       0.4711
  85.000       0.4700
  86.000       0.3796
  87.000       0.4350
  88.000       0.5471
  89.000       0.4489
  90.000       0.4272
  91.000       0.5195
  92.000       0.5536
  93.000       0.5408
  94.000       0.6122
  95.000       0.8004
  96.000       1.5728
  97.000       2.6342
