#Res             RMSF
 662.000       1.4379
 663.000       0.9014
 664.000       0.6455
 665.000       0.4630
 666.000       0.3912
 667.000       0.4066
 668.000       0.5525
 669.000       0.5147
 670.000       0.4202
 671.000       0.4386
 672.000       0.4540
 673.000       0.4217
 674.000       0.4313
 675.000       0.5439
 676.000       0.6495
 677.000       0.6141
 678.000       0.6453
 679.000       0.8597
 680.000       0.8196
 681.000       0.6417
 682.000       0.5420
 683.000       0.4389
 684.000       0.4564
 685.000       0.5206
 686.000       0.5638
 687.000       0.4170
 688.000       0.3953
 689.000       0.4670
 690.000       0.4219
 691.000       0.3772
 692.000       0.4052
 693.000       0.4423
 694.000       0.4156
 695.000       0.4359
 696.000       0.4720
 697.000       0.4666
 698.000       0.4463
 699.000       0.3825
 700.000       0.4243
 701.000       0.4094
 702.000       0.3495
 703.000       0.4000
 704.000       0.4190
 705.000       0.3463
 706.000       0.3450
 707.000       0.4476
 708.000       0.4371
 709.000       0.3583
 710.000       0.4383
 711.000       0.5588
 712.000       0.6006
 713.000       0.6757
 714.000       0.7379
 715.000       0.6573
 716.000       0.6661
 717.000       0.4967
 718.000       0.4196
 719.000       0.4258
 720.000       0.4368
 721.000       0.4357
 722.000       0.3495
 723.000       0.3493
 724.000       0.3635
 725.000       0.3390
 726.000       0.3426
 727.000       0.3817
 728.000       0.4444
 729.000       0.4345
 730.000       0.4067
 731.000       0.4149
 732.000       0.5695
 733.000       0.8818
 734.000       0.8767
 735.000       0.6069
 736.000       0.4675
 737.000       0.5653
 738.000       0.4966
 739.000       0.4113
 740.000       0.4079
 741.000       0.4580
 742.000       0.4232
 743.000       0.3876
 744.000       0.4161
 745.000       0.4405
 746.000       0.4050
 747.000       0.4631
 748.000       0.5492
 749.000       0.5165
 750.000       0.5075
 751.000       0.7609
 752.000       1.0955
 753.000       2.2701
