#Res             RMSF
   1.000       2.9933
   2.000       1.6509
   3.000       1.0143
   4.000       0.6203
   5.000       0.6249
   6.000       0.5298
   7.000       0.5221
   8.000       0.5300
   9.000       0.5114
  10.000       0.4676
  11.000       0.5145
  12.000       0.5641
  13.000       0.4687
  14.000       0.3800
  15.000       0.4842
  16.000       0.4813
  17.000       0.4221
  18.000       0.4401
  19.000       0.5410
  20.000       0.5929
  21.000       0.6171
  22.000       0.5886
  23.000       0.4799
  24.000       0.4289
  25.000       0.4151
  26.000       0.4649
  27.000       0.4755
  28.000       0.4902
  29.000       0.4719
  30.000       0.4272
  31.000       0.4731
  32.000       0.4938
  33.000       0.4649
  34.000       0.4051
  35.000       0.4319
  36.000       0.4906
  37.000       0.4643
  38.000       0.4583
  39.000       0.5566
  40.000       0.7870
  41.000       0.7483
  42.000       0.7029
  43.000       0.7641
  44.000       0.8953
  45.000       0.5800
  46.000       0.5574
  47.000       0.5183
  48.000       0.5612
  49.000       0.6325
  50.000       0.5939
  51.000       0.4644
  52.000       0.4294
  53.000       0.5059
  54.000       0.5137
  55.000       0.4272
  56.000       0.3897
  57.000       0.4452
  58.000       0.4486
  59.000       0.4199
  60.000       0.3991
  61.000       0.4332
  62.000       0.4395
  63.000       0.4119
  64.000       0.3651
  65.000       0.4182
  66.000       0.3569
  67.000       0.3286
  68.000       0.3850
  69.000       0.3940
  70.000       0.3531
  71.000       0.3525
  72.000       0.4427
  73.000       0.4496
  74.000       0.4126
  75.000       0.4378
  76.000       0.4927
  77.000       0.5497
  78.000       0.5811
  79.000       0.4661
  80.000       0.4784
  81.000       0.3785
  82.000       0.3434
  83.000       0.4206
  84.000       0.4837
  85.000       0.4903
  86.000       0.3871
  87.000       0.4333
  88.000       0.5591
  89.000       0.4621
  90.000       0.4300
  91.000       0.5220
  92.000       0.5551
  93.000       0.5400
  94.000       0.6186
  95.000       0.7907
  96.000       1.4370
  97.000       2.3705
