#Res             RMSF
 176.000       1.6556
 177.000       1.0616
 178.000       0.7466
 179.000       0.5353
 180.000       0.4835
 181.000       0.6241
 182.000       0.6509
 183.000       0.4959
 184.000       0.5320
 185.000       0.4177
 186.000       0.4788
 187.000       0.4151
 188.000       0.4556
 189.000       0.4303
 190.000       0.5900
 191.000       0.5579
 192.000       0.4448
 193.000       0.4224
 194.000       0.5380
 195.000       0.6285
 196.000       0.5926
 197.000       0.7039
 198.000       0.8859
 199.000       0.8581
 200.000       0.8665
 201.000       0.6002
 202.000       0.6128
 203.000       0.6503
 204.000       0.5249
 205.000       0.4878
 206.000       0.5004
 207.000       0.5967
 208.000       0.5110
 209.000       0.3862
 210.000       0.3574
 211.000       0.3842
 212.000       0.3924
 213.000       0.3600
 214.000       0.3546
 215.000       0.3921
 216.000       0.4181
 217.000       0.3946
 218.000       0.3646
 219.000       0.3928
 220.000       0.4143
 221.000       0.4117
 222.000       0.4273
 223.000       0.4340
 224.000       0.3786
 225.000       0.3711
 226.000       0.4455
 227.000       0.4370
 228.000       0.3887
 229.000       0.4605
 230.000       0.5835
 231.000       0.5687
 232.000       0.5202
 233.000       0.7520
 234.000       0.8694
 235.000       0.8156
 236.000       0.8935
 237.000       0.6674
 238.000       0.6602
 239.000       0.4695
 240.000       0.3796
 241.000       0.4157
 242.000       0.4194
 243.000       0.3949
 244.000       0.4024
 245.000       0.4166
 246.000       0.4382
 247.000       0.5112
 248.000       0.5637
 249.000       0.5501
 250.000       0.7633
 251.000       0.9509
 252.000       0.7294
 253.000       0.7271
 254.000       0.5770
 255.000       0.4884
 256.000       0.5226
 257.000       0.5953
 258.000       0.5876
 259.000       0.5540
 260.000       0.6425
 261.000       0.5809
 262.000       0.5907
 263.000       0.4978
 264.000       0.4906
 265.000       0.5129
 266.000       0.4659
 267.000       0.4595
 268.000       0.5415
 269.000       0.5136
 270.000       0.5887
 271.000       0.6238
 272.000       0.6851
 273.000       0.6846
 274.000       0.7195
 275.000       0.8605
 276.000       0.8348
 277.000       0.7083
 278.000       0.8608
 279.000       1.2410
 280.000       2.0030
