#Res             RMSF
 476.000       2.6722
 477.000       1.5520
 478.000       1.1864
 479.000       1.0499
 480.000       0.5855
 481.000       0.5939
 482.000       0.8412
 483.000       0.8964
 484.000       0.6568
 485.000       0.5542
 486.000       0.4990
 487.000       0.5011
 488.000       0.4636
 489.000       0.3705
 490.000       0.3669
 491.000       0.4361
 492.000       0.3969
 493.000       0.3320
 494.000       0.3736
 495.000       0.4033
 496.000       0.4258
 497.000       0.4571
 498.000       0.3917
 499.000       0.4575
 500.000       0.4357
 501.000       0.4239
 502.000       0.4435
 503.000       0.5129
 504.000       0.4936
 505.000       0.3915
 506.000       0.4145
 507.000       0.4907
 508.000       0.4735
 509.000       0.3836
 510.000       0.4093
 511.000       0.4838
 512.000       0.4822
 513.000       0.4312
 514.000       0.4741
 515.000       0.5204
 516.000       0.4598
 517.000       0.4849
 518.000       0.5493
 519.000       0.5068
 520.000       0.3938
 521.000       0.3773
 522.000       0.4379
 523.000       0.3560
 524.000       0.3383
 525.000       0.3816
 526.000       0.4046
 527.000       0.3891
 528.000       0.4007
 529.000       0.5035
 530.000       0.5650
 531.000       0.5669
 532.000       0.6344
 533.000       0.5067
 534.000       0.7160
 535.000       0.4667
 536.000       0.4097
 537.000       0.4611
 538.000       0.4385
 539.000       0.4577
 540.000       0.3795
 541.000       0.3811
 542.000       0.3998
 543.000       0.3756
 544.000       0.3478
 545.000       0.4535
 546.000       0.5457
 547.000       0.6637
 548.000       0.6585
 549.000       0.8645
 550.000       0.9155
 551.000       0.8152
 552.000       0.5367
 553.000       0.5147
 554.000       0.7413
 555.000       0.8878
 556.000       1.6283
 557.000       2.9082
