#Res             RMSF
 558.000       1.3472
 559.000       0.8841
 560.000       0.6136
 561.000       0.5392
 562.000       0.6869
 563.000       0.6591
 564.000       0.5744
 565.000       0.6426
 566.000       0.4788
 567.000       0.5045
 568.000       0.4369
 569.000       0.4738
 570.000       0.4209
 571.000       0.5348
 572.000       0.4956
 573.000       0.4056
 574.000       0.4151
 575.000       0.4864
 576.000       0.5045
 577.000       0.4701
 578.000       0.5772
 579.000       0.7561
 580.000       1.1661
 581.000       0.6689
 582.000       0.5640
 583.000       0.5868
 584.000       0.6402
 585.000       0.5382
 586.000       0.5059
 587.000       0.5437
 588.000       1.8116
 589.000       0.5953
 590.000       0.4446
 591.000       0.3741
 592.000       0.3689
 593.000       0.3629
 594.000       0.3555
 595.000       0.3548
 596.000       0.3668
 597.000       0.3855
 598.000       0.4052
 599.000       0.4168
 600.000       0.4332
 601.000       0.4691
 602.000       0.4576
 603.000       0.5076
 604.000       0.5574
 605.000       0.4951
 606.000       0.4790
 607.000       0.5069
 608.000       0.5487
 609.000       0.4833
 610.000       0.5370
 611.000       0.6208
 612.000       0.6152
 613.000       0.5450
 614.000       0.7361
 615.000       0.8882
 616.000       0.8479
 617.000       0.8671
 618.000       0.6603
 619.000       0.7215
 620.000       0.5122
 621.000       0.4200
 622.000       0.5056
 623.000       0.5030
 624.000       0.5152
 625.000       0.4458
 626.000       0.4717
 627.000       0.5913
 628.000       0.6897
 629.000       0.6915
 630.000       0.7282
 631.000       1.0239
 632.000       1.1413
 633.000       0.9408
 634.000       1.0145
 635.000       0.7528
 636.000       0.6801
 637.000       0.9076
 638.000       0.9257
 639.000       0.8006
 640.000       1.0437
 641.000       1.6650
 642.000       1.4870
 643.000       1.0166
 644.000       0.5895
 645.000       0.5499
 646.000       0.5846
 647.000       0.5679
 648.000       0.5742
 649.000       0.6919
 650.000       0.7322
 651.000       0.8782
 652.000       0.8486
 653.000       0.8999
 654.000       0.8591
 655.000       0.8700
 656.000       0.9873
 657.000       0.9468
 658.000       0.8594
 659.000       1.0276
 660.000       1.3774
 661.000       2.1476
