#Res             RMSF
 176.000       1.0798
 177.000       0.8365
 178.000       0.6036
 179.000       0.5312
 180.000       0.4588
 181.000       0.5968
 182.000       0.6506
 183.000       0.5312
 184.000       0.5702
 185.000       0.4449
 186.000       0.4555
 187.000       0.3983
 188.000       0.4403
 189.000       0.4202
 190.000       0.5771
 191.000       0.5629
 192.000       0.4401
 193.000       0.4352
 194.000       0.5475
 195.000       0.6115
 196.000       0.5107
 197.000       0.6262
 198.000       0.8006
 199.000       0.7466
 200.000       0.7607
 201.000       0.5270
 202.000       0.5424
 203.000       0.6538
 204.000       0.5487
 205.000       0.4943
 206.000       0.5171
 207.000       0.5853
 208.000       0.5224
 209.000       0.3599
 210.000       0.3416
 211.000       0.3988
 212.000       0.4170
 213.000       0.3911
 214.000       0.3719
 215.000       0.3932
 216.000       0.4038
 217.000       0.3990
 218.000       0.3735
 219.000       0.4010
 220.000       0.4262
 221.000       0.4043
 222.000       0.4424
 223.000       0.4849
 224.000       0.4413
 225.000       0.4333
 226.000       0.5069
 227.000       0.4734
 228.000       0.4173
 229.000       0.4897
 230.000       0.5750
 231.000       0.5668
 232.000       0.4858
 233.000       0.6528
 234.000       0.7641
 235.000       0.7278
 236.000       0.7237
 237.000       0.5742
 238.000       0.5960
 239.000       0.4398
 240.000       0.3666
 241.000       0.3799
 242.000       0.3994
 243.000       0.3937
 244.000       0.4420
 245.000       0.4632
 246.000       0.4232
 247.000       0.4891
 248.000       0.6007
 249.000       0.6433
 250.000       0.8430
 251.000       1.0991
 252.000       0.9066
 253.000       0.9932
 254.000       0.7409
 255.000       0.6978
 256.000       0.9295
 257.000       0.8758
 258.000       0.7676
 259.000       0.9599
 260.000       1.9496
 261.000       1.8827
 262.000       0.8280
 263.000       0.5225
 264.000       0.4730
 265.000       0.5198
 266.000       0.4507
 267.000       0.4711
 268.000       0.5535
 269.000       0.5462
 270.000       0.6680
 271.000       0.7159
 272.000       0.7853
 273.000       0.8009
 274.000       0.7786
 275.000       0.8646
 276.000       0.8213
 277.000       0.7849
 278.000       0.9685
 279.000       1.3039
 280.000       1.9457
