#Res             RMSF
 662.000       1.4747
 663.000       0.9948
 664.000       0.6904
 665.000       0.5058
 666.000       0.4219
 667.000       0.4320
 668.000       0.5265
 669.000       0.5122
 670.000       0.4514
 671.000       0.4709
 672.000       0.5029
 673.000       0.4588
 674.000       0.4688
 675.000       0.5736
 676.000       0.6785
 677.000       0.6373
 678.000       0.6441
 679.000       0.8922
 680.000       0.8222
 681.000       0.5927
 682.000       0.5484
 683.000       0.4773
 684.000       0.5745
 685.000       0.6974
 686.000       0.7147
 687.000       0.5110
 688.000       0.4961
 689.000       0.5144
 690.000       0.4556
 691.000       0.3955
 692.000       0.4215
 693.000       0.4468
 694.000       0.4346
 695.000       0.4354
 696.000       0.4843
 697.000       0.4731
 698.000       0.4507
 699.000       0.3827
 700.000       0.4269
 701.000       0.4157
 702.000       0.3705
 703.000       0.4230
 704.000       0.4462
 705.000       0.3906
 706.000       0.3669
 707.000       0.4760
 708.000       0.4519
 709.000       0.3811
 710.000       0.4372
 711.000       0.5279
 712.000       0.5826
 713.000       0.6506
 714.000       0.7134
 715.000       0.6248
 716.000       0.6851
 717.000       0.4949
 718.000       0.4363
 719.000       0.4395
 720.000       0.4518
 721.000       0.4344
 722.000       0.3581
 723.000       0.3649
 724.000       0.3788
 725.000       0.3513
 726.000       0.3515
 727.000       0.3888
 728.000       0.4509
 729.000       0.4528
 730.000       0.4418
 731.000       0.4555
 732.000       0.5899
 733.000       0.8786
 734.000       0.8809
 735.000       0.5998
 736.000       0.4882
 737.000       0.5949
 738.000       0.5216
 739.000       0.4272
 740.000       0.4292
 741.000       0.4911
 742.000       0.4513
 743.000       0.4178
 744.000       0.4522
 745.000       0.4805
 746.000       0.4254
 747.000       0.4649
 748.000       0.5530
 749.000       0.5444
 750.000       0.5338
 751.000       0.8265
 752.000       1.8718
 753.000       3.0627
