#Res             RMSF
 476.000       1.7657
 477.000       1.1213
 478.000       1.1028
 479.000       1.0433
 480.000       0.5965
 481.000       0.5954
 482.000       0.8450
 483.000       0.9057
 484.000       0.6653
 485.000       0.5927
 486.000       0.5259
 487.000       0.5224
 488.000       0.4556
 489.000       0.3620
 490.000       0.3665
 491.000       0.4485
 492.000       0.4106
 493.000       0.3452
 494.000       0.3803
 495.000       0.3961
 496.000       0.4431
 497.000       0.4777
 498.000       0.4016
 499.000       0.4538
 500.000       0.4541
 501.000       0.4508
 502.000       0.4694
 503.000       0.5586
 504.000       0.5289
 505.000       0.4364
 506.000       0.4447
 507.000       0.5296
 508.000       0.5004
 509.000       0.3934
 510.000       0.4364
 511.000       0.4969
 512.000       0.4740
 513.000       0.4395
 514.000       0.4792
 515.000       0.5110
 516.000       0.4712
 517.000       0.4931
 518.000       0.5157
 519.000       0.4714
 520.000       0.3897
 521.000       0.3635
 522.000       0.3965
 523.000       0.3312
 524.000       0.3177
 525.000       0.3490
 526.000       0.3712
 527.000       0.3725
 528.000       0.3755
 529.000       0.4708
 530.000       0.5429
 531.000       0.5573
 532.000       0.6019
 533.000       0.5195
 534.000       0.6871
 535.000       0.4690
 536.000       0.4116
 537.000       0.4809
 538.000       0.4456
 539.000       0.4443
 540.000       0.3672
 541.000       0.3564
 542.000       0.3860
 543.000       0.3858
 544.000       0.3409
 545.000       0.4114
 546.000       0.4951
 547.000       0.5625
 548.000       0.5337
 549.000       0.7656
 550.000       0.8705
 551.000       0.7321
 552.000       0.5212
 553.000       0.5037
 554.000       0.7081
 555.000       0.8595
 556.000       1.5595
 557.000       3.1023
