#Res             RMSF
 281.000       3.7955
 282.000       2.5123
 283.000       1.1813
 284.000       0.9279
 285.000       0.9951
 286.000       0.7645
 287.000       0.6223
 288.000       0.4744
 289.000       0.5221
 290.000       0.5748
 291.000       0.5001
 292.000       0.4503
 293.000       0.4752
 294.000       0.5420
 295.000       0.4746
 296.000       0.4637
 297.000       0.6365
 298.000       0.7300
 299.000       0.6405
 300.000       0.6095
 301.000       0.8143
 302.000       0.9006
 303.000       0.6323
 304.000       0.5765
 305.000       0.5339
 306.000       0.6052
 307.000       0.6766
 308.000       0.6951
 309.000       0.5537
 310.000       0.5536
 311.000       0.5967
 312.000       0.5168
 313.000       0.4546
 314.000       0.4982
 315.000       0.5297
 316.000       0.4442
 317.000       0.4406
 318.000       0.5301
 319.000       0.4631
 320.000       0.4247
 321.000       0.4106
 322.000       0.4533
 323.000       0.4347
 324.000       0.3766
 325.000       0.4351
 326.000       0.5054
 327.000       0.3897
 328.000       0.3780
 329.000       0.5039
 330.000       0.4850
 331.000       0.4394
 332.000       0.5504
 333.000       0.5751
 334.000       0.5525
 335.000       0.6268
 336.000       0.6912
 337.000       0.6223
 338.000       0.5896
 339.000       0.5182
 340.000       0.4227
 341.000       0.4601
 342.000       0.4791
 343.000       0.5016
 344.000       0.4253
 345.000       0.3888
 346.000       0.4056
 347.000       0.3856
 348.000       0.3771
 349.000       0.4126
 350.000       0.4699
 351.000       0.4569
 352.000       0.4919
 353.000       0.4960
 354.000       0.6255
 355.000       0.7185
 356.000       0.7954
 357.000       0.5947
 358.000       0.5113
 359.000       0.6177
 360.000       0.5500
 361.000       0.4579
 362.000       0.4433
 363.000       0.4946
 364.000       0.4686
 365.000       0.4485
 366.000       0.4952
 367.000       0.4975
 368.000       0.4378
 369.000       0.5082
 370.000       0.5932
 371.000       0.5811
 372.000       0.5589
 373.000       0.7707
 374.000       1.5447
 375.000       2.5191
 376.000       3.6490
