#Frame      end1_rmsd
       1       0.0000
       2       2.0428
       3       2.0014
       4       1.9321
       5       2.2142
       6       2.3133
       7       2.0766
       8       3.2180
       9       3.7114
      10       3.2042
      11       2.3374
      12       2.0733
      13       2.4722
      14       2.6576
      15       2.0658
      16       2.1592
      17       2.2591
      18       2.4492
      19       2.8448
      20       2.8909
      21       2.2978
      22       2.6055
      23       3.2254
      24       2.8458
      25       3.3421
      26       1.8600
      27       2.7431
      28       3.2595
      29       2.5655
      30       3.0124
      31       3.0913
      32       2.3176
      33       3.8213
      34       2.4517
      35       2.1268
      36       1.7661
      37       2.1538
      38       1.5441
      39       1.4467
      40       2.5210
      41       2.7107
      42       2.4094
      43       1.9789
      44       2.4513
      45       3.6664
      46       2.0658
      47       2.3321
      48       2.8082
      49       3.3762
      50       2.4212
      51       3.3969
      52       4.3114
      53       3.7683
      54       3.4652
      55       3.0109
      56       3.2841
      57       2.4480
      58       2.6763
      59       2.4318
      60       2.3817
      61       2.1345
      62       2.8220
      63       2.7105
      64       2.0337
      65       2.0894
      66       1.7296
      67       3.1083
      68       2.3581
      69       4.1751
      70       3.0713
      71       2.6227
      72       2.2570
      73       1.9676
      74       2.3979
      75       3.1764
      76       1.9581
      77       3.4676
      78       3.6293
      79       2.6452
      80       1.9772
      81       2.5418
      82       1.5525
      83       2.5171
      84       3.1456
      85       2.5404
      86       2.0782
      87       2.8866
      88       2.2218
      89       2.0171
      90       2.3310
      91       2.2888
      92       1.6621
      93       2.0661
      94       3.0280
      95       3.4008
      96       4.3869
      97       3.0175
      98       2.4904
      99       2.2834
     100       2.3727
     101       3.1803
     102       2.1061
     103       2.6528
     104       2.1529
     105       2.5831
     106       2.1629
     107       1.8450
     108       2.4946
     109       2.0679
     110       2.2448
     111       1.7761
     112       2.3328
     113       1.8589
     114       2.3730
     115       2.3725
     116       3.5945
     117       2.8181
     118       4.0865
     119       2.0123
     120       2.1556
     121       2.0790
     122       1.9248
     123       2.3084
     124       2.3174
     125       2.2562
     126       3.1240
     127       3.8984
     128       2.2698
     129       3.4532
     130       3.0436
     131       2.0186
     132       2.4278
     133       2.4264
     134       2.2475
     135       2.4999
     136       2.8093
     137       3.2249
     138       2.0893
     139       2.5383
     140       2.0945
     141       2.5042
     142       2.1804
     143       2.5106
     144       2.8115
     145       2.6064
     146       2.2163
     147       2.4575
     148       2.6344
     149       2.2929
     150       3.0641
     151       2.4993
     152       2.5074
     153       2.2547
     154       2.2332
     155       2.8815
     156       3.1685
     157       2.2791
     158       2.5749
     159       2.3545
     160       2.5124
     161       1.9195
     162       2.4942
     163       1.4927
     164       2.1050
     165       1.7073
     166       2.7009
     167       2.3166
     168       1.8742
     169       2.4407
     170       1.7003
     171       2.3332
     172       2.8375
     173       2.5087
     174       2.8014
     175       2.8691
     176       3.4729
     177       2.7899
     178       2.6668
     179       2.9950
     180       2.9874
     181       3.0215
     182       2.9362
     183       3.4173
     184       2.2523
     185       2.4537
     186       1.5471
     187       2.1547
     188       2.1143
     189       1.8834
     190       3.9829
     191       1.7983
     192       1.8212
     193       1.9208
     194       1.9177
     195       1.4763
     196       2.3618
     197       1.9860
     198       1.9659
     199       1.2752
     200       2.0354
     201       1.6617
     202       1.8829
     203       1.8928
     204       1.9368
     205       2.0125
     206       1.6356
     207       2.6487
     208       1.8795
     209       1.9862
     210       2.5294
     211       2.0628
     212       3.0212
     213       3.3078
     214       3.8028
     215       3.8004
     216       2.9851
     217       3.4206
     218       2.2364
     219       2.0338
     220       2.3017
     221       2.3207
     222       2.1210
     223       2.8097
     224       2.2883
     225       1.8189
     226       2.7700
     227       2.7540
     228       2.7646
     229       2.9284
     230       2.6207
     231       3.3660
     232       3.3002
     233       2.4607
     234       2.7186
     235       2.0321
     236       2.5688
     237       1.9696
     238       2.4756
     239       2.5999
     240       2.9758
     241       2.6827
     242       2.1629
     243       1.7402
     244       2.0431
     245       2.6887
     246       2.2918
     247       2.5279
     248       2.5523
     249       3.0284
     250       2.3164
     251       2.1220
     252       1.5846
     253       2.0147
     254       2.0662
     255       2.1145
     256       1.6478
     257       1.8245
     258       2.2315
     259       2.9363
     260       2.2057
     261       2.0743
     262       2.6835
     263       3.6202
     264       2.7670
     265       3.7500
     266       4.6969
     267       2.9919
     268       3.2312
     269       3.2135
     270       2.4299
     271       4.2489
     272       2.7879
     273       4.2354
     274       3.0465
     275       2.8898
     276       2.4408
     277       2.3390
     278       2.7566
     279       2.8944
     280       2.7378
     281       3.3358
     282       2.8285
     283       2.5546
     284       2.5882
     285       2.9453
     286       2.5286
     287       2.8076
     288       4.0309
     289       3.0662
     290       2.1508
     291       3.1146
     292       3.3082
     293       3.6219
     294       4.2746
     295       2.4467
     296       2.1251
     297       3.3781
     298       2.7320
     299       2.8298
     300       2.4655
     301       2.3709
     302       2.1755
     303       2.9126
     304       3.0069
     305       2.1110
     306       3.0361
     307       3.7787
     308       3.3532
     309       4.1020
     310       4.4788
     311       4.9766
     312       4.7216
     313       4.6187
     314       4.5071
     315       3.9794
     316       4.5634
     317       4.2223
     318       3.8690
     319       5.2487
     320       4.6763
     321       4.6185
     322       4.3726
     323       5.6123
     324       5.3901
     325       5.1973
     326       4.4633
     327       4.5057
     328       4.4279
     329       4.2961
     330       4.3171
     331       5.3766
     332       4.8310
     333       4.4924
     334       5.1204
     335       4.8126
     336       4.1880
     337       4.0474
     338       5.3133
     339       4.3457
     340       5.6921
     341       4.5792
     342       4.7588
     343       3.8284
     344       4.3275
     345       4.5964
     346       4.8174
     347       3.8428
     348       4.0451
     349       4.4825
     350       4.4827
     351       3.7134
     352       4.2867
     353       4.1414
     354       5.1499
     355       4.6580
     356       5.2517
     357       5.3549
     358       5.0090
     359       4.9842
     360       4.7198
     361       5.5851
     362       6.3394
     363       5.5449
     364       4.6799
     365       4.3924
     366       4.9636
     367       5.5714
     368       4.6376
     369       4.4599
     370       4.5234
     371       3.8823
     372       4.1508
     373       4.6396
     374       3.9282
     375       4.4393
     376       4.5248
     377       4.5228
     378       4.2582
     379       4.8181
     380       4.7717
     381       3.9968
     382       4.4944
     383       4.3836
     384       3.6406
     385       4.1555
     386       3.8865
     387       3.9694
     388       4.0739
     389       4.2343
     390       4.4519
     391       4.7923
     392       4.3985
     393       5.0114
     394       4.7801
     395       5.6344
     396       4.6502
     397       4.8247
     398       3.9979
     399       4.2767
     400       3.9442
