#Frame      end2_rmsd
       1       0.0000
       2       2.0222
       3       3.0796
       4       3.1340
       5       2.2338
       6       2.4305
       7       2.4494
       8       2.0279
       9       3.1125
      10       2.7598
      11       2.5878
      12       2.6396
      13       3.2638
      14       2.7874
      15       2.8196
      16       2.6996
      17       3.5222
      18       2.5530
      19       2.4085
      20       2.8591
      21       2.2703
      22       2.5098
      23       2.4122
      24       2.8845
      25       3.2931
      26       3.4956
      27       3.1385
      28       3.6109
      29       2.4688
      30       3.6254
      31       3.7430
      32       4.3555
      33       4.1408
      34       4.7318
      35       3.4206
      36       3.7246
      37       4.4840
      38       2.8406
      39       4.2106
      40       4.5568
      41       3.8395
      42       3.6139
      43       3.1174
      44       4.0274
      45       4.6198
      46       3.5207
      47       4.3196
      48       3.6838
      49       3.4167
      50       3.1927
      51       3.4808
      52       4.6910
      53       5.0556
      54       3.7611
      55       3.3504
      56       2.8451
      57       4.0420
      58       4.1448
      59       2.3315
      60       2.8572
      61       4.3467
      62       3.1385
      63       2.8761
      64       3.0676
      65       3.2244
      66       3.8095
      67       4.2889
      68       3.1326
      69       3.5207
      70       4.5386
      71       2.1908
      72       3.1605
      73       2.3212
      74       3.0835
      75       4.5699
      76       2.6339
      77       3.9631
      78       2.9094
      79       3.2886
      80       3.6316
      81       3.8138
      82       2.5214
      83       3.4018
      84       3.8349
      85       3.1889
      86       2.7703
      87       3.8045
      88       3.8579
      89       4.0060
      90       2.1858
      91       2.7055
      92       2.6739
      93       2.5644
      94       4.0625
      95       4.5477
      96       4.8803
      97       4.4324
      98       2.8858
      99       3.9641
     100       4.5813
     101       4.3658
     102       4.9864
     103       4.2584
     104       4.3988
     105       4.5275
     106       3.4648
     107       2.9806
     108       5.6047
     109       4.9329
     110       3.8776
     111       4.1066
     112       3.6139
     113       3.6174
     114       3.4678
     115       3.0705
     116       3.5657
     117       3.9450
     118       3.4868
     119       5.2806
     120       4.5027
     121       3.8435
     122       2.8600
     123       3.4869
     124       4.0208
     125       4.0482
     126       3.0299
     127       3.1848
     128       3.2344
     129       4.3095
     130       3.5090
     131       3.0778
     132       3.4664
     133       2.6404
     134       4.1326
     135       3.8970
     136       2.8706
     137       5.1553
     138       2.8543
     139       4.2769
     140       3.1582
     141       3.1574
     142       3.9846
     143       5.7426
     144       5.4340
     145       4.6062
     146       4.1322
     147       4.4923
     148       3.0257
     149       4.7322
     150       3.9288
     151       3.7993
     152       5.6357
     153       6.7699
     154       3.8637
     155       5.9526
     156       5.7149
     157       5.1554
     158       5.6148
     159       5.4498
     160       5.3991
     161       7.0868
     162       6.3338
     163       5.0972
     164       5.8978
     165       6.5657
     166       6.3328
     167       7.0326
     168       5.2876
     169       5.7850
     170       6.6690
     171       7.3599
     172       6.3453
     173       6.0209
     174       6.1267
     175       4.8693
     176       5.4672
     177       6.1715
     178       4.9053
     179       6.4116
     180       4.0238
     181       5.4410
     182       4.0910
     183       4.3278
     184       5.1240
     185       6.2555
     186       7.1609
     187       5.7922
     188       4.7462
     189       5.7747
     190       7.0014
     191       6.6286
     192       7.5976
     193       8.2656
     194       6.7876
     195       6.7856
     196       7.7581
     197       7.7831
     198       6.4029
     199       8.3335
     200       6.3463
     201       8.4330
     202       7.9117
     203       7.6887
     204       8.5562
     205       8.2171
     206       8.0416
     207       7.0125
     208       7.5957
     209       5.6152
     210       5.2996
     211       5.3128
     212       5.7980
     213       5.1316
     214       5.3413
     215       5.0965
     216       5.8207
     217       7.8521
     218       6.5025
     219       6.4254
     220       6.8199
     221       4.8640
     222       5.1748
     223       4.8306
     224       5.6610
     225       6.2362
     226       4.3948
     227       3.8718
     228       4.3743
     229       4.2252
     230       4.0522
     231       4.5715
     232       3.0493
     233       2.9898
     234       3.6464
     235       4.3230
     236       4.6181
     237       5.1403
     238       7.3137
     239       4.8476
     240       5.7265
     241       4.7232
     242       5.6534
     243       5.3349
     244       5.9986
     245       6.7838
     246       6.4731
     247       4.2949
     248       4.6359
     249       5.1178
     250       4.1399
     251       4.6332
     252       4.6053
     253       3.8548
     254       3.4832
     255       4.0659
     256       4.6619
     257       3.8232
     258       5.2857
     259       5.2158
     260       4.9075
     261       5.3657
     262       4.0207
     263       4.5446
     264       4.6871
     265       4.3267
     266       4.1931
     267       3.3815
     268       5.0131
     269       4.4184
     270       3.3594
     271       3.4586
     272       3.0668
     273       3.4422
     274       4.0261
     275       4.0574
     276       5.0745
     277       4.0329
     278       4.4902
     279       3.9247
     280       4.2129
     281       5.0894
     282       4.0241
     283       5.4319
     284       4.4848
     285       3.7005
     286       3.9519
     287       4.7443
     288       3.0334
     289       2.7359
     290       3.9000
     291       3.4112
     292       2.6795
     293       4.8156
     294       5.0255
     295       3.3064
     296       3.2039
     297       6.8435
     298       8.2506
     299       7.7198
     300       6.2329
     301       4.3599
     302       4.6588
     303       5.4154
     304       5.3741
     305       6.0921
     306       6.4090
     307       6.7483
     308       6.2120
     309       8.8023
     310       8.5713
     311       6.0752
     312       8.0930
     313       7.7957
     314       8.6557
     315       9.0583
     316      10.1097
     317      11.3595
     318      11.6272
     319      12.7641
     320      13.0343
     321      10.4587
     322       7.9179
     323       7.4474
     324       8.2322
     325       7.8518
     326       9.0907
     327       7.9621
     328      10.0639
     329       8.8894
     330       8.2764
     331      10.4013
     332       7.4609
     333       7.9298
     334       8.5227
     335       8.3084
     336       7.4125
     337       7.6634
     338       6.8272
     339       7.7303
     340       7.5994
     341       7.4767
     342       7.3214
     343       6.3003
     344       3.7704
     345       3.7428
     346       4.8371
     347       3.6121
     348       3.6630
     349       4.4926
     350       5.5376
     351       5.0351
     352       5.2698
     353       4.3281
     354       4.4600
     355       3.9351
     356       5.9567
     357       4.7535
     358       4.5564
     359       6.0156
     360       6.4305
     361       5.0452
     362       5.1136
     363       6.0612
     364       5.4904
     365       6.5319
     366       5.4311
     367       7.1290
     368       8.5594
     369       6.7403
     370       6.4294
     371       5.6509
     372       5.6033
     373       5.9946
     374       5.5114
     375       5.3417
     376       5.2524
     377       5.6915
     378       5.2730
     379       4.6894
     380       6.8899
     381       7.0616
     382       4.9484
     383       3.9422
     384       3.4160
     385       4.7593
     386       4.8306
     387       5.1403
     388       3.8864
     389       3.9905
     390       4.2221
     391       4.0632
     392       4.1407
     393       5.6997
     394       3.9314
     395       4.5360
     396       4.7223
     397       5.1664
     398       3.5168
     399       4.6184
     400       4.4973
