#Res             RMSF
 476.000       2.2418
 477.000       1.3714
 478.000       0.9724
 479.000       0.9157
 480.000       0.5668
 481.000       0.5698
 482.000       0.7719
 483.000       0.7923
 484.000       0.5986
 485.000       0.5403
 486.000       0.4670
 487.000       0.4811
 488.000       0.4602
 489.000       0.3849
 490.000       0.3594
 491.000       0.4485
 492.000       0.4413
 493.000       0.3484
 494.000       0.3789
 495.000       0.4148
 496.000       0.4345
 497.000       0.4528
 498.000       0.3828
 499.000       0.4383
 500.000       0.4223
 501.000       0.4164
 502.000       0.4576
 503.000       0.5148
 504.000       0.4979
 505.000       0.4293
 506.000       0.4215
 507.000       0.5071
 508.000       0.4976
 509.000       0.3993
 510.000       0.4485
 511.000       0.5163
 512.000       0.4842
 513.000       0.4522
 514.000       0.4857
 515.000       0.5377
 516.000       0.4766
 517.000       0.4602
 518.000       0.5055
 519.000       0.5109
 520.000       0.4228
 521.000       0.3883
 522.000       0.4407
 523.000       0.3674
 524.000       0.3314
 525.000       0.3580
 526.000       0.3845
 527.000       0.3579
 528.000       0.3799
 529.000       0.4731
 530.000       0.5120
 531.000       0.5549
 532.000       0.6388
 533.000       0.5372
 534.000       0.6928
 535.000       0.5072
 536.000       0.4356
 537.000       0.4901
 538.000       0.5182
 539.000       0.5175
 540.000       0.3954
 541.000       0.4162
 542.000       0.4759
 543.000       0.4361
 544.000       0.3791
 545.000       0.4854
 546.000       0.6117
 547.000       0.6947
 548.000       1.2196
 549.000       1.2363
 550.000       0.8409
 551.000       0.5652
 552.000       0.4897
 553.000       0.5080
 554.000       0.6977
 555.000       0.8852
 556.000       1.9990
 557.000       2.8940
