#Res             RMSF
 558.000       1.2082
 559.000       0.7519
 560.000       0.5882
 561.000       0.5392
 562.000       0.6661
 563.000       0.7115
 564.000       0.5911
 565.000       0.6523
 566.000       0.4888
 567.000       0.5199
 568.000       0.4167
 569.000       0.4651
 570.000       0.4369
 571.000       0.5193
 572.000       0.4831
 573.000       0.4098
 574.000       0.3998
 575.000       0.4626
 576.000       0.4996
 577.000       0.5101
 578.000       0.6575
 579.000       0.8334
 580.000       0.8148
 581.000       0.6165
 582.000       0.5413
 583.000       0.5222
 584.000       0.5624
 585.000       0.4973
 586.000       0.4902
 587.000       0.5429
 588.000       0.6225
 589.000       0.5331
 590.000       0.4246
 591.000       0.3771
 592.000       0.4372
 593.000       0.4730
 594.000       0.4279
 595.000       0.4001
 596.000       0.4517
 597.000       0.4733
 598.000       0.4448
 599.000       0.4304
 600.000       0.4753
 601.000       0.5082
 602.000       0.4614
 603.000       0.5118
 604.000       0.5979
 605.000       0.5274
 606.000       0.4904
 607.000       0.6113
 608.000       0.5773
 609.000       0.5213
 610.000       0.5555
 611.000       0.6550
 612.000       0.6683
 613.000       0.6189
 614.000       0.8142
 615.000       0.9757
 616.000       0.9336
 617.000       0.9461
 618.000       0.7191
 619.000       0.7451
 620.000       0.5531
 621.000       0.4843
 622.000       0.5361
 623.000       0.5999
 624.000       0.6940
 625.000       0.6312
 626.000       0.6514
 627.000       0.6509
 628.000       0.7249
 629.000       0.6791
 630.000       0.7550
 631.000       1.0608
 632.000       1.3138
 633.000       1.1502
 634.000       1.1188
 635.000       1.0843
 636.000       1.0183
 637.000       1.0375
 638.000       1.2122
 639.000       1.1583
 640.000       0.9484
 641.000       1.2481
 642.000       1.2628
 643.000       0.8805
 644.000       0.6038
 645.000       0.6113
 646.000       0.5861
 647.000       0.6253
 648.000       2.2199
 649.000       1.2261
 650.000       1.3838
 651.000       1.1859
 652.000       0.9828
 653.000       1.0650
 654.000       0.9582
 655.000       0.9851
 656.000       1.1495
 657.000       1.1723
 658.000       1.0441
 659.000       1.2089
 660.000       1.5739
 661.000       2.4154
