#Res             RMSF
 176.000       1.8857
 177.000       0.9137
 178.000       0.6296
 179.000       0.5130
 180.000       0.4672
 181.000       0.6249
 182.000       0.6629
 183.000       0.5675
 184.000       0.6084
 185.000       0.4467
 186.000       0.4767
 187.000       0.4286
 188.000       0.4546
 189.000       0.3915
 190.000       0.5182
 191.000       0.4854
 192.000       0.3929
 193.000       0.3782
 194.000       0.4429
 195.000       0.4486
 196.000       0.4437
 197.000       0.4937
 198.000       0.5762
 199.000       0.5721
 200.000       0.5826
 201.000       0.5289
 202.000       0.5621
 203.000       0.6108
 204.000       0.5529
 205.000       0.4810
 206.000       0.5013
 207.000       0.5650
 208.000       0.4624
 209.000       0.3912
 210.000       0.3598
 211.000       0.3744
 212.000       0.4005
 213.000       0.3880
 214.000       0.3854
 215.000       0.3979
 216.000       0.4321
 217.000       0.4055
 218.000       0.3752
 219.000       0.4128
 220.000       0.4424
 221.000       0.4287
 222.000       0.4594
 223.000       0.4784
 224.000       0.4329
 225.000       0.4188
 226.000       0.4753
 227.000       0.4796
 228.000       0.4466
 229.000       0.5216
 230.000       0.6006
 231.000       0.5723
 232.000       0.5373
 233.000       0.7190
 234.000       0.8280
 235.000       0.7971
 236.000       0.8771
 237.000       0.6804
 238.000       0.6744
 239.000       0.4960
 240.000       0.3923
 241.000       0.4244
 242.000       0.4429
 243.000       0.4344
 244.000       0.4219
 245.000       0.4570
 246.000       0.5592
 247.000       0.6618
 248.000       0.5843
 249.000       0.6920
 250.000       1.0107
 251.000       1.0769
 252.000       0.8262
 253.000       0.7993
 254.000       0.7081
 255.000       0.6678
 256.000       0.6912
 257.000       0.6846
 258.000       0.6495
 259.000       0.6882
 260.000       1.2939
 261.000       1.0464
 262.000       0.5531
 263.000       0.4926
 264.000       0.4936
 265.000       0.4956
 266.000       0.4855
 267.000       0.5384
 268.000       0.7291
 269.000       0.6561
 270.000       0.8003
 271.000       0.8246
 272.000       0.8832
 273.000       0.9051
 274.000       0.8738
 275.000       1.0053
 276.000       0.9590
 277.000       0.8572
 278.000       0.9907
 279.000       1.4259
 280.000       2.1168
