#Res             RMSF
 662.000       1.5118
 663.000       0.9269
 664.000       0.7272
 665.000       0.5426
 666.000       0.4203
 667.000       0.4345
 668.000       0.5128
 669.000       0.5012
 670.000       0.4325
 671.000       0.4285
 672.000       0.4705
 673.000       0.4670
 674.000       0.4270
 675.000       0.5508
 676.000       0.6486
 677.000       0.6470
 678.000       0.6293
 679.000       0.8396
 680.000       0.7664
 681.000       0.5719
 682.000       0.5633
 683.000       0.4588
 684.000       0.4847
 685.000       0.5383
 686.000       0.5948
 687.000       0.4362
 688.000       0.4171
 689.000       0.5067
 690.000       0.4270
 691.000       0.4081
 692.000       0.4148
 693.000       0.4374
 694.000       0.4048
 695.000       0.3626
 696.000       0.4044
 697.000       0.4041
 698.000       0.3929
 699.000       0.3392
 700.000       0.3732
 701.000       0.3723
 702.000       0.3388
 703.000       0.3684
 704.000       0.3796
 705.000       0.3248
 706.000       0.2997
 707.000       0.3454
 708.000       0.4106
 709.000       0.3427
 710.000       0.3637
 711.000       0.4712
 712.000       0.5102
 713.000       0.5079
 714.000       0.5717
 715.000       0.4896
 716.000       0.5429
 717.000       0.4884
 718.000       0.3818
 719.000       0.4222
 720.000       0.4678
 721.000       0.4408
 722.000       0.3859
 723.000       0.3596
 724.000       0.4044
 725.000       0.3769
 726.000       0.3648
 727.000       0.4062
 728.000       0.4805
 729.000       0.4506
 730.000       0.4482
 731.000       0.4958
 732.000       0.6713
 733.000       0.8899
 734.000       0.9563
 735.000       0.6861
 736.000       0.5428
 737.000       0.6425
 738.000       0.5638
 739.000       0.4645
 740.000       0.4221
 741.000       0.4659
 742.000       0.4534
 743.000       0.4371
 744.000       0.4830
 745.000       0.5221
 746.000       0.4586
 747.000       0.5187
 748.000       0.5856
 749.000       0.5850
 750.000       0.5507
 751.000       0.8150
 752.000       1.8244
 753.000       3.1295
