#Res             RMSF
   1.000       2.5595
   2.000       1.1928
   3.000       0.7204
   4.000       0.6161
   5.000       0.5831
   6.000       0.4701
   7.000       0.4986
   8.000       0.5151
   9.000       0.4901
  10.000       0.4517
  11.000       0.4819
  12.000       0.5351
  13.000       0.4657
  14.000       0.4025
  15.000       0.4799
  16.000       0.4894
  17.000       0.4649
  18.000       0.4584
  19.000       0.5896
  20.000       0.6550
  21.000       0.6636
  22.000       0.6186
  23.000       0.4898
  24.000       0.4315
  25.000       0.4308
  26.000       0.4986
  27.000       0.5015
  28.000       0.5588
  29.000       0.5342
  30.000       0.4461
  31.000       0.4814
  32.000       0.5298
  33.000       0.4999
  34.000       0.3984
  35.000       0.5164
  36.000       0.5896
  37.000       0.5290
  38.000       0.5225
  39.000       0.7668
  40.000       0.9910
  41.000       0.8281
  42.000       0.7603
  43.000       0.8140
  44.000       1.0163
  45.000       0.6521
  46.000       0.6506
  47.000       0.6364
  48.000       0.7203
  49.000       0.7704
  50.000       0.5835
  51.000       0.4384
  52.000       0.3950
  53.000       0.4358
  54.000       0.4423
  55.000       0.3814
  56.000       0.3428
  57.000       0.3801
  58.000       0.3840
  59.000       0.3891
  60.000       0.3806
  61.000       0.4081
  62.000       0.4052
  63.000       0.3980
  64.000       0.3661
  65.000       0.4347
  66.000       0.3799
  67.000       0.3361
  68.000       0.3862
  69.000       0.3547
  70.000       0.3240
  71.000       0.3375
  72.000       0.3785
  73.000       0.3921
  74.000       0.3964
  75.000       0.4289
  76.000       0.4717
  77.000       0.5334
  78.000       0.5570
  79.000       0.4349
  80.000       0.4491
  81.000       0.3825
  82.000       0.3409
  83.000       0.4532
  84.000       0.5092
  85.000       0.5015
  86.000       0.3850
  87.000       0.4664
  88.000       0.5631
  89.000       0.4878
  90.000       0.4549
  91.000       0.5152
  92.000       0.5514
  93.000       0.5695
  94.000       0.6132
  95.000       0.7667
  96.000       1.2498
  97.000       2.1807
