#Res             RMSF
 476.000       2.1139
 477.000       1.3323
 478.000       0.8705
 479.000       0.8632
 480.000       0.5486
 481.000       0.5809
 482.000       0.7836
 483.000       0.8376
 484.000       0.6194
 485.000       0.5059
 486.000       0.4367
 487.000       0.4947
 488.000       0.4790
 489.000       0.3815
 490.000       0.3657
 491.000       0.4866
 492.000       0.4729
 493.000       0.3550
 494.000       0.3814
 495.000       0.4258
 496.000       0.4306
 497.000       0.4558
 498.000       0.3848
 499.000       0.4465
 500.000       0.4338
 501.000       0.4275
 502.000       0.4821
 503.000       0.5240
 504.000       0.5178
 505.000       0.4781
 506.000       0.4278
 507.000       0.5045
 508.000       0.5071
 509.000       0.3937
 510.000       0.4298
 511.000       0.5237
 512.000       0.4947
 513.000       0.4558
 514.000       0.4909
 515.000       0.5463
 516.000       0.4914
 517.000       0.4491
 518.000       0.4651
 519.000       0.4590
 520.000       0.3893
 521.000       0.3783
 522.000       0.4039
 523.000       0.3481
 524.000       0.3274
 525.000       0.3459
 526.000       0.3814
 527.000       0.3487
 528.000       0.3778
 529.000       0.4784
 530.000       0.5093
 531.000       0.5529
 532.000       0.6500
 533.000       0.5083
 534.000       0.5952
 535.000       0.4504
 536.000       0.4082
 537.000       0.4500
 538.000       0.4636
 539.000       0.4353
 540.000       0.3501
 541.000       0.3611
 542.000       0.3837
 543.000       0.3620
 544.000       0.3281
 545.000       0.3680
 546.000       0.4252
 547.000       0.5596
 548.000       0.6851
 549.000       0.7622
 550.000       0.6758
 551.000       0.5485
 552.000       0.4501
 553.000       0.4861
 554.000       0.6872
 555.000       0.9935
 556.000       2.0732
 557.000       3.2839
