#Res             RMSF
 558.000       1.4181
 559.000       0.9464
 560.000       0.6910
 561.000       0.5589
 562.000       0.7028
 563.000       0.7003
 564.000       0.5403
 565.000       0.6110
 566.000       0.4534
 567.000       0.4560
 568.000       0.4216
 569.000       0.4820
 570.000       0.4606
 571.000       0.5409
 572.000       0.4547
 573.000       0.3880
 574.000       0.3944
 575.000       0.4322
 576.000       0.4498
 577.000       0.4592
 578.000       0.6024
 579.000       0.7694
 580.000       0.7624
 581.000       0.5862
 582.000       0.4951
 583.000       0.5269
 584.000       0.5772
 585.000       0.5142
 586.000       0.4775
 587.000       0.5050
 588.000       0.6103
 589.000       0.5217
 590.000       0.4184
 591.000       0.3769
 592.000       0.4192
 593.000       0.4340
 594.000       0.4299
 595.000       0.3901
 596.000       0.4157
 597.000       0.4428
 598.000       0.4212
 599.000       0.4111
 600.000       0.4442
 601.000       0.4939
 602.000       0.4855
 603.000       0.5135
 604.000       0.5860
 605.000       0.5056
 606.000       0.5415
 607.000       0.5679
 608.000       0.5476
 609.000       0.4603
 610.000       0.4910
 611.000       0.6063
 612.000       0.6028
 613.000       0.5368
 614.000       0.6339
 615.000       0.7581
 616.000       0.7695
 617.000       0.7774
 618.000       0.6207
 619.000       0.6646
 620.000       0.5103
 621.000       0.4011
 622.000       0.4591
 623.000       0.4768
 624.000       0.4912
 625.000       0.4468
 626.000       0.4909
 627.000       0.5941
 628.000       0.6430
 629.000       0.6120
 630.000       0.8466
 631.000       1.1164
 632.000       1.2042
 633.000       1.1902
 634.000       1.1077
 635.000       0.9474
 636.000       0.9214
 637.000       0.9906
 638.000       0.9531
 639.000       0.9899
 640.000       0.9856
 641.000       1.4513
 642.000       0.9595
 643.000       0.5899
 644.000       0.4649
 645.000       0.4868
 646.000       0.5023
 647.000       0.5357
 648.000       0.5622
 649.000       0.6470
 650.000       0.6466
 651.000       0.8241
 652.000       0.7551
 653.000       0.7895
 654.000       0.7437
 655.000       0.7429
 656.000       0.8762
 657.000       0.8363
 658.000       0.7687
 659.000       0.9226
 660.000       1.5330
 661.000       2.3540
