#Res             RMSF
 662.000       3.2675
 663.000       2.0010
 664.000       0.9883
 665.000       0.5440
 666.000       0.4858
 667.000       0.4884
 668.000       0.5269
 669.000       0.5026
 670.000       0.4504
 671.000       0.4485
 672.000       0.5127
 673.000       0.4644
 674.000       0.4701
 675.000       0.6220
 676.000       0.7126
 677.000       0.6883
 678.000       0.7937
 679.000       0.8957
 680.000       0.9835
 681.000       0.6198
 682.000       0.5473
 683.000       0.4861
 684.000       0.5140
 685.000       0.5605
 686.000       0.6428
 687.000       0.4778
 688.000       0.4467
 689.000       0.5569
 690.000       0.4965
 691.000       0.4257
 692.000       0.4302
 693.000       0.4647
 694.000       0.4327
 695.000       0.4245
 696.000       0.4641
 697.000       0.4582
 698.000       0.4488
 699.000       0.4049
 700.000       0.4566
 701.000       0.4225
 702.000       0.3652
 703.000       0.4051
 704.000       0.4525
 705.000       0.3849
 706.000       0.3767
 707.000       0.4078
 708.000       0.4701
 709.000       0.4589
 710.000       0.4325
 711.000       0.4861
 712.000       0.5732
 713.000       0.6092
 714.000       0.6410
 715.000       0.5946
 716.000       0.5588
 717.000       0.4793
 718.000       0.4236
 719.000       0.4563
 720.000       0.4548
 721.000       0.4296
 722.000       0.3786
 723.000       0.3763
 724.000       0.3923
 725.000       0.3584
 726.000       0.3740
 727.000       0.4020
 728.000       0.4089
 729.000       0.3977
 730.000       0.4055
 731.000       0.4481
 732.000       0.6223
 733.000       0.7518
 734.000       0.9389
 735.000       0.6049
 736.000       0.5191
 737.000       0.6565
 738.000       0.5616
 739.000       0.4590
 740.000       0.4622
 741.000       0.4693
 742.000       0.4603
 743.000       0.4603
 744.000       0.4844
 745.000       0.4944
 746.000       0.4180
 747.000       0.5041
 748.000       0.5937
 749.000       0.5792
 750.000       0.5595
 751.000       0.8699
 752.000       1.2457
 753.000       2.4584
