#Res             RMSF
 281.000       1.8330
 282.000       1.6450
 283.000       1.6543
 284.000       1.8225
 285.000       1.3216
 286.000       1.0774
 287.000       0.6865
 288.000       0.5349
 289.000       0.5646
 290.000       0.6338
 291.000       0.5879
 292.000       0.5188
 293.000       0.5393
 294.000       0.6223
 295.000       0.5650
 296.000       0.5716
 297.000       0.7300
 298.000       0.8372
 299.000       0.8123
 300.000       0.7717
 301.000       0.9771
 302.000       0.9744
 303.000       0.8061
 304.000       0.7043
 305.000       0.5485
 306.000       0.5390
 307.000       0.5674
 308.000       0.5930
 309.000       0.4971
 310.000       0.4546
 311.000       0.5058
 312.000       0.4570
 313.000       0.4159
 314.000       0.4256
 315.000       0.4394
 316.000       0.4387
 317.000       0.4357
 318.000       0.4782
 319.000       0.4635
 320.000       0.4413
 321.000       0.4114
 322.000       0.4843
 323.000       0.4818
 324.000       0.3918
 325.000       0.4778
 326.000       0.5645
 327.000       0.4818
 328.000       0.4642
 329.000       0.5076
 330.000       0.5082
 331.000       0.5028
 332.000       0.5704
 333.000       0.6361
 334.000       0.7189
 335.000       0.8410
 336.000       0.7746
 337.000       0.7814
 338.000       0.7697
 339.000       0.6841
 340.000       0.5564
 341.000       0.6020
 342.000       0.5831
 343.000       0.5761
 344.000       0.4784
 345.000       0.4417
 346.000       0.4755
 347.000       0.4499
 348.000       0.4119
 349.000       0.4427
 350.000       0.5333
 351.000       0.5110
 352.000       0.4930
 353.000       0.4710
 354.000       0.6360
 355.000       0.8945
 356.000       0.8668
 357.000       0.6243
 358.000       0.5235
 359.000       0.6613
 360.000       0.6049
 361.000       0.5216
 362.000       0.5376
 363.000       0.5959
 364.000       0.5611
 365.000       0.5360
 366.000       0.6023
 367.000       0.6291
 368.000       0.5674
 369.000       0.6057
 370.000       0.6784
 371.000       0.7063
 372.000       0.6790
 373.000       0.8874
 374.000       2.1770
 375.000       4.0193
 376.000       6.6837
