#Res             RMSF
 558.000       1.3456
 559.000       0.8644
 560.000       0.6430
 561.000       0.5499
 562.000       0.6872
 563.000       0.7099
 564.000       0.5734
 565.000       0.6426
 566.000       0.4825
 567.000       0.4946
 568.000       0.4236
 569.000       0.4792
 570.000       0.4574
 571.000       0.5374
 572.000       0.4728
 573.000       0.4087
 574.000       0.4085
 575.000       0.4568
 576.000       0.4825
 577.000       0.4940
 578.000       0.6367
 579.000       0.8114
 580.000       0.7998
 581.000       0.6143
 582.000       0.5344
 583.000       0.5447
 584.000       0.6009
 585.000       0.5299
 586.000       0.4992
 587.000       0.5368
 588.000       0.6260
 589.000       0.5382
 590.000       0.4376
 591.000       0.3930
 592.000       0.4411
 593.000       0.4691
 594.000       0.4469
 595.000       0.4116
 596.000       0.4494
 597.000       0.4716
 598.000       0.4529
 599.000       0.4374
 600.000       0.4658
 601.000       0.5051
 602.000       0.4847
 603.000       0.5194
 604.000       0.5946
 605.000       0.5213
 606.000       0.5199
 607.000       0.5930
 608.000       0.5711
 609.000       0.4960
 610.000       0.5324
 611.000       0.6508
 612.000       0.6605
 613.000       0.6014
 614.000       0.8061
 615.000       0.9521
 616.000       0.9040
 617.000       0.9281
 618.000       0.7249
 619.000       0.7562
 620.000       0.5660
 621.000       0.4685
 622.000       0.5177
 623.000       0.5704
 624.000       0.6102
 625.000       0.5512
 626.000       0.5858
 627.000       0.6300
 628.000       0.6970
 629.000       0.6573
 630.000       0.8371
 631.000       1.1336
 632.000       1.2916
 633.000       1.2419
 634.000       1.2762
 635.000       1.1469
 636.000       1.0205
 637.000       1.0932
 638.000       1.1547
 639.000       1.1056
 640.000       1.0500
 641.000       1.6658
 642.000       1.5583
 643.000       0.9447
 644.000       0.5590
 645.000       0.5631
 646.000       0.5529
 647.000       0.6095
 648.000       1.7927
 649.000       1.0254
 650.000       1.1884
 651.000       1.0359
 652.000       0.9128
 653.000       0.9636
 654.000       0.9357
 655.000       0.9644
 656.000       1.1173
 657.000       1.1370
 658.000       1.0361
 659.000       1.1862
 660.000       1.6559
 661.000       2.4773
