#Res             RMSF
   1.000       3.1721
   2.000       1.4449
   3.000       0.7903
   4.000       0.6666
   5.000       0.6125
   6.000       0.4915
   7.000       0.5220
   8.000       0.5274
   9.000       0.5184
  10.000       0.4799
  11.000       0.4962
  12.000       0.5776
  13.000       0.5019
  14.000       0.4264
  15.000       0.5105
  16.000       0.5230
  17.000       0.4905
  18.000       0.4842
  19.000       0.6494
  20.000       0.7131
  21.000       0.7246
  22.000       0.6766
  23.000       0.5032
  24.000       0.4334
  25.000       0.4403
  26.000       0.5183
  27.000       0.5333
  28.000       0.5928
  29.000       0.5672
  30.000       0.4804
  31.000       0.5244
  32.000       0.5792
  33.000       0.5402
  34.000       0.4242
  35.000       0.5485
  36.000       0.6476
  37.000       0.5735
  38.000       0.5590
  39.000       0.8584
  40.000       1.0313
  41.000       0.8217
  42.000       0.7487
  43.000       0.8851
  44.000       1.0613
  45.000       0.6967
  46.000       0.6884
  47.000       0.6849
  48.000       0.7435
  49.000       0.8127
  50.000       0.6060
  51.000       0.4443
  52.000       0.4118
  53.000       0.4600
  54.000       0.4654
  55.000       0.4042
  56.000       0.3566
  57.000       0.4110
  58.000       0.4118
  59.000       0.4105
  60.000       0.3892
  61.000       0.4291
  62.000       0.4302
  63.000       0.4024
  64.000       0.3687
  65.000       0.4640
  66.000       0.3974
  67.000       0.3420
  68.000       0.4064
  69.000       0.3749
  70.000       0.3354
  71.000       0.3507
  72.000       0.3904
  73.000       0.4055
  74.000       0.4101
  75.000       0.4323
  76.000       0.4639
  77.000       0.5308
  78.000       0.5748
  79.000       0.4464
  80.000       0.4907
  81.000       0.4091
  82.000       0.3683
  83.000       0.4696
  84.000       0.5324
  85.000       0.5440
  86.000       0.4251
  87.000       0.5000
  88.000       0.5867
  89.000       0.5039
  90.000       0.4874
  91.000       0.5947
  92.000       0.6164
  93.000       0.6092
  94.000       0.6764
  95.000       0.8745
  96.000       1.4559
  97.000       2.5327
