#Res             RMSF
  98.000       2.1304
  99.000       1.0561
 100.000       0.9934
 101.000       0.8965
 102.000       0.5772
 103.000       0.5187
 104.000       0.4602
 105.000       0.4507
 106.000       0.4499
 107.000       0.3482
 108.000       0.3476
 109.000       0.4195
 110.000       0.3875
 111.000       0.3129
 112.000       0.3581
 113.000       0.3910
 114.000       0.4067
 115.000       0.4187
 116.000       0.3617
 117.000       0.4279
 118.000       0.4067
 119.000       0.4009
 120.000       0.4499
 121.000       0.4863
 122.000       0.4837
 123.000       0.4218
 124.000       0.3997
 125.000       0.5127
 126.000       0.4638
 127.000       0.3724
 128.000       0.4053
 129.000       0.4887
 130.000       0.4125
 131.000       0.3911
 132.000       0.4717
 133.000       0.4581
 134.000       0.4378
 135.000       0.4788
 136.000       0.5450
 137.000       0.5280
 138.000       0.3924
 139.000       0.3618
 140.000       0.4080
 141.000       0.3404
 142.000       0.3103
 143.000       0.3653
 144.000       0.3821
 145.000       0.3257
 146.000       0.3380
 147.000       0.4481
 148.000       0.5041
 149.000       0.5335
 150.000       0.5919
 151.000       0.5536
 152.000       0.6174
 153.000       0.4434
 154.000       0.3929
 155.000       0.3833
 156.000       0.3707
 157.000       0.3579
 158.000       0.2953
 159.000       0.3153
 160.000       0.3167
 161.000       0.3433
 162.000       0.3642
 163.000       0.3880
 164.000       0.5424
 165.000       0.7235
 166.000       0.7476
 167.000       0.7149
 168.000       0.6092
 169.000       0.5513
 170.000       0.4344
 171.000       0.4929
 172.000       0.5814
 173.000       0.6008
 174.000       1.1777
 175.000       2.3963
