#Res             RMSF
 476.000       2.2436
 477.000       1.3724
 478.000       0.9725
 479.000       0.9158
 480.000       0.5658
 481.000       0.5693
 482.000       0.7711
 483.000       0.7898
 484.000       0.5975
 485.000       0.5398
 486.000       0.4660
 487.000       0.4801
 488.000       0.4594
 489.000       0.3851
 490.000       0.3596
 491.000       0.4482
 492.000       0.4402
 493.000       0.3479
 494.000       0.3794
 495.000       0.4151
 496.000       0.4347
 497.000       0.4530
 498.000       0.3830
 499.000       0.4385
 500.000       0.4225
 501.000       0.4166
 502.000       0.4580
 503.000       0.5154
 504.000       0.4980
 505.000       0.4289
 506.000       0.4219
 507.000       0.5075
 508.000       0.4978
 509.000       0.3996
 510.000       0.4490
 511.000       0.5167
 512.000       0.4844
 513.000       0.4521
 514.000       0.4853
 515.000       0.5372
 516.000       0.4742
 517.000       0.4574
 518.000       0.5047
 519.000       0.5099
 520.000       0.4217
 521.000       0.3877
 522.000       0.4408
 523.000       0.3677
 524.000       0.3311
 525.000       0.3578
 526.000       0.3842
 527.000       0.3571
 528.000       0.3794
 529.000       0.4732
 530.000       0.5120
 531.000       0.5544
 532.000       0.6393
 533.000       0.5371
 534.000       0.6932
 535.000       0.5077
 536.000       0.4356
 537.000       0.4900
 538.000       0.5177
 539.000       0.5171
 540.000       0.3953
 541.000       0.4162
 542.000       0.4762
 543.000       0.4366
 544.000       0.3796
 545.000       0.4857
 546.000       0.6123
 547.000       0.6955
 548.000       1.2201
 549.000       1.2369
 550.000       0.8416
 551.000       0.5657
 552.000       0.4901
 553.000       0.5084
 554.000       0.6984
 555.000       0.8862
 556.000       1.9993
 557.000       2.8973
