#Res             RMSF
 377.000       2.5025
 378.000       2.1486
 379.000       1.4615
 380.000       0.9309
 381.000       0.5899
 382.000       0.6343
 383.000       0.5462
 384.000       0.5521
 385.000       0.5444
 386.000       0.4944
 387.000       0.4398
 388.000       0.4832
 389.000       0.5346
 390.000       0.4735
 391.000       0.4154
 392.000       0.5178
 393.000       0.5204
 394.000       0.4941
 395.000       0.5069
 396.000       0.5867
 397.000       0.6312
 398.000       0.5862
 399.000       0.6185
 400.000       0.5341
 401.000       0.4706
 402.000       0.5064
 403.000       0.6362
 404.000       0.5448
 405.000       0.5508
 406.000       0.5228
 407.000       0.4068
 408.000       0.4342
 409.000       0.4564
 410.000       0.4166
 411.000       0.3973
 412.000       0.4358
 413.000       0.4705
 414.000       0.4824
 415.000       0.4962
 416.000       0.6235
 417.000       0.9179
 418.000       0.8249
 419.000       0.7423
 420.000       0.7494
 421.000       0.9864
 422.000       0.6066
 423.000       0.5675
 424.000       0.5295
 425.000       0.5354
 426.000       0.5490
 427.000       0.5181
 428.000       0.4173
 429.000       0.3820
 430.000       0.4500
 431.000       0.4571
 432.000       0.3672
 433.000       0.3438
 434.000       0.3960
 435.000       0.3825
 436.000       0.3780
 437.000       0.4020
 438.000       0.4285
 439.000       0.4226
 440.000       0.4109
 441.000       0.3687
 442.000       0.4160
 443.000       0.3614
 444.000       0.3446
 445.000       0.4175
 446.000       0.3916
 447.000       0.3278
 448.000       0.3524
 449.000       0.3889
 450.000       0.3786
 451.000       0.3941
 452.000       0.4327
 453.000       0.4811
 454.000       0.5374
 455.000       0.5950
 456.000       0.4658
 457.000       0.5341
 458.000       0.4041
 459.000       0.3588
 460.000       0.4208
 461.000       0.4803
 462.000       0.4346
 463.000       0.3519
 464.000       0.4582
 465.000       0.5385
 466.000       0.4703
 467.000       0.4755
 468.000       0.5914
 469.000       0.6297
 470.000       0.5711
 471.000       0.6421
 472.000       0.9647
 473.000       1.5144
 474.000       1.6013
 475.000       1.7231
