#Res             RMSF
 377.000       2.4563
 378.000       2.2782
 379.000       1.6335
 380.000       1.0203
 381.000       0.5627
 382.000       0.5688
 383.000       0.5305
 384.000       0.5303
 385.000       0.5279
 386.000       0.5056
 387.000       0.4343
 388.000       0.4964
 389.000       0.5450
 390.000       0.4663
 391.000       0.4125
 392.000       0.5345
 393.000       0.5483
 394.000       0.5066
 395.000       0.5293
 396.000       0.6166
 397.000       0.6624
 398.000       0.5754
 399.000       0.5843
 400.000       0.5044
 401.000       0.4536
 402.000       0.5277
 403.000       0.6873
 404.000       0.5569
 405.000       0.5758
 406.000       0.5361
 407.000       0.4022
 408.000       0.4319
 409.000       0.4464
 410.000       0.4297
 411.000       0.4079
 412.000       0.4400
 413.000       0.4696
 414.000       0.4859
 415.000       0.5001
 416.000       0.6636
 417.000       1.0087
 418.000       0.9266
 419.000       0.8050
 420.000       0.8226
 421.000       1.0930
 422.000       0.6551
 423.000       0.6056
 424.000       0.5621
 425.000       0.5294
 426.000       0.5253
 427.000       0.5100
 428.000       0.4187
 429.000       0.3664
 430.000       0.4288
 431.000       0.4509
 432.000       0.3597
 433.000       0.3347
 434.000       0.3974
 435.000       0.3766
 436.000       0.3689
 437.000       0.4002
 438.000       0.4276
 439.000       0.4191
 440.000       0.4068
 441.000       0.3513
 442.000       0.4245
 443.000       0.3588
 444.000       0.3449
 445.000       0.4361
 446.000       0.3845
 447.000       0.3121
 448.000       0.3560
 449.000       0.3860
 450.000       0.3882
 451.000       0.4062
 452.000       0.4539
 453.000       0.5020
 454.000       0.5621
 455.000       0.6094
 456.000       0.4787
 457.000       0.5320
 458.000       0.4082
 459.000       0.3555
 460.000       0.4159
 461.000       0.4638
 462.000       0.4263
 463.000       0.3434
 464.000       0.4689
 465.000       0.5387
 466.000       0.4554
 467.000       0.4733
 468.000       0.6093
 469.000       0.6308
 470.000       0.5539
 471.000       0.6626
 472.000       0.9279
 473.000       1.3824
 474.000       1.5605
 475.000       1.9133
