#Res             RMSF
 176.000       2.3647
 177.000       1.3835
 178.000       0.8035
 179.000       0.5402
 180.000       0.4763
 181.000       0.6167
 182.000       0.6470
 183.000       0.5393
 184.000       0.5922
 185.000       0.4477
 186.000       0.4925
 187.000       0.4374
 188.000       0.4980
 189.000       0.4755
 190.000       0.5885
 191.000       0.5041
 192.000       0.4235
 193.000       0.4160
 194.000       0.4818
 195.000       0.4646
 196.000       0.4541
 197.000       0.5545
 198.000       0.6602
 199.000       0.6086
 200.000       0.5965
 201.000       0.5161
 202.000       0.5496
 203.000       0.6061
 204.000       0.5339
 205.000       0.4755
 206.000       0.5165
 207.000       0.6136
 208.000       0.4741
 209.000       0.3849
 210.000       0.3612
 211.000       0.3675
 212.000       0.3870
 213.000       0.3778
 214.000       0.3686
 215.000       0.3836
 216.000       0.4191
 217.000       0.4064
 218.000       0.3796
 219.000       0.4210
 220.000       0.4435
 221.000       0.4295
 222.000       0.4747
 223.000       0.5014
 224.000       0.4358
 225.000       0.4249
 226.000       0.5093
 227.000       0.5113
 228.000       0.4820
 229.000       0.5698
 230.000       0.6940
 231.000       0.6550
 232.000       0.5939
 233.000       0.7804
 234.000       0.9058
 235.000       0.8440
 236.000       0.8851
 237.000       0.6787
 238.000       0.6882
 239.000       0.5041
 240.000       0.4047
 241.000       0.4154
 242.000       0.4432
 243.000       0.5062
 244.000       0.4593
 245.000       0.4498
 246.000       0.5773
 247.000       0.7269
 248.000       0.6384
 249.000       0.6792
 250.000       1.0609
 251.000       1.2436
 252.000       0.9100
 253.000       0.8788
 254.000       0.7316
 255.000       0.6656
 256.000       0.7312
 257.000       0.7389
 258.000       0.6802
 259.000       0.7047
 260.000       1.4820
 261.000       1.2768
 262.000       0.5868
 263.000       0.4767
 264.000       0.5214
 265.000       0.5370
 266.000       0.5111
 267.000       0.5751
 268.000       0.7389
 269.000       0.7087
 270.000       0.9848
 271.000       0.9328
 272.000       0.9267
 273.000       0.9060
 274.000       0.9023
 275.000       1.0118
 276.000       1.0117
 277.000       0.9203
 278.000       1.0747
 279.000       1.5073
 280.000       2.1842
