#Res             RMSF
 476.000       2.2660
 477.000       1.3645
 478.000       1.0225
 479.000       0.9380
 480.000       0.5689
 481.000       0.5417
 482.000       0.7249
 483.000       0.7118
 484.000       0.5715
 485.000       0.5623
 486.000       0.4769
 487.000       0.4271
 488.000       0.4171
 489.000       0.3872
 490.000       0.3433
 491.000       0.3654
 492.000       0.3848
 493.000       0.3332
 494.000       0.3720
 495.000       0.4000
 496.000       0.4361
 497.000       0.4483
 498.000       0.3764
 499.000       0.4268
 500.000       0.4112
 501.000       0.3907
 502.000       0.4196
 503.000       0.5003
 504.000       0.4717
 505.000       0.3719
 506.000       0.4100
 507.000       0.5038
 508.000       0.4814
 509.000       0.3966
 510.000       0.4613
 511.000       0.5050
 512.000       0.4684
 513.000       0.4436
 514.000       0.4773
 515.000       0.5115
 516.000       0.4453
 517.000       0.4630
 518.000       0.5272
 519.000       0.5399
 520.000       0.4390
 521.000       0.3893
 522.000       0.4692
 523.000       0.3771
 524.000       0.3251
 525.000       0.3600
 526.000       0.3737
 527.000       0.3501
 528.000       0.3647
 529.000       0.4624
 530.000       0.5007
 531.000       0.5414
 532.000       0.6192
 533.000       0.5535
 534.000       0.7703
 535.000       0.5526
 536.000       0.4507
 537.000       0.5147
 538.000       0.5514
 539.000       0.5692
 540.000       0.4208
 541.000       0.4560
 542.000       0.5337
 543.000       0.4701
 544.000       0.4096
 545.000       0.5205
 546.000       0.6824
 547.000       0.7867
 548.000       1.0556
 549.000       1.0244
 550.000       0.8366
 551.000       0.5563
 552.000       0.5150
 553.000       0.5191
 554.000       0.6904
 555.000       0.7516
 556.000       1.7480
 557.000       1.7356
