#Res             RMSF
 377.000       2.2250
 378.000       1.8368
 379.000       1.1621
 380.000       0.8115
 381.000       0.6022
 382.000       0.6528
 383.000       0.5552
 384.000       0.5730
 385.000       0.5509
 386.000       0.4775
 387.000       0.4436
 388.000       0.4667
 389.000       0.5167
 390.000       0.4823
 391.000       0.4187
 392.000       0.4800
 393.000       0.4858
 394.000       0.4640
 395.000       0.4610
 396.000       0.5255
 397.000       0.5699
 398.000       0.5822
 399.000       0.6302
 400.000       0.5478
 401.000       0.4810
 402.000       0.4775
 403.000       0.5492
 404.000       0.5229
 405.000       0.5225
 406.000       0.4954
 407.000       0.4078
 408.000       0.4308
 409.000       0.4464
 410.000       0.3927
 411.000       0.3612
 412.000       0.4150
 413.000       0.4670
 414.000       0.4755
 415.000       0.4817
 416.000       0.5649
 417.000       0.7339
 418.000       0.6265
 419.000       0.6392
 420.000       0.6608
 421.000       0.8468
 422.000       0.5455
 423.000       0.5123
 424.000       0.4929
 425.000       0.5415
 426.000       0.5675
 427.000       0.5237
 428.000       0.4141
 429.000       0.3939
 430.000       0.4711
 431.000       0.4628
 432.000       0.3720
 433.000       0.3505
 434.000       0.3933
 435.000       0.3856
 436.000       0.3840
 437.000       0.3994
 438.000       0.4282
 439.000       0.4247
 440.000       0.4137
 441.000       0.3828
 442.000       0.4028
 443.000       0.3602
 444.000       0.3394
 445.000       0.3914
 446.000       0.3923
 447.000       0.3356
 448.000       0.3436
 449.000       0.3882
 450.000       0.3612
 451.000       0.3722
 452.000       0.4053
 453.000       0.4515
 454.000       0.4960
 455.000       0.5546
 456.000       0.4308
 457.000       0.4798
 458.000       0.3908
 459.000       0.3560
 460.000       0.4228
 461.000       0.4920
 462.000       0.4408
 463.000       0.3594
 464.000       0.4388
 465.000       0.5122
 466.000       0.4590
 467.000       0.4718
 468.000       0.5403
 469.000       0.5848
 470.000       0.5684
 471.000       0.6115
 472.000       0.9636
 473.000       1.5524
 474.000       1.6256
 475.000       1.4273
