#Res             RMSF
 281.000       1.7094
 282.000       1.5790
 283.000       1.6600
 284.000       1.5013
 285.000       1.1768
 286.000       0.9545
 287.000       0.5966
 288.000       0.5282
 289.000       0.5730
 290.000       0.6200
 291.000       0.5467
 292.000       0.4987
 293.000       0.5189
 294.000       0.5677
 295.000       0.4896
 296.000       0.5251
 297.000       0.6521
 298.000       0.7094
 299.000       0.6515
 300.000       0.6192
 301.000       0.7667
 302.000       0.8665
 303.000       0.6245
 304.000       0.6095
 305.000       0.5199
 306.000       0.5469
 307.000       0.5656
 308.000       0.5630
 309.000       0.4646
 310.000       0.4432
 311.000       0.4859
 312.000       0.4378
 313.000       0.4146
 314.000       0.4203
 315.000       0.4493
 316.000       0.4425
 317.000       0.4478
 318.000       0.4851
 319.000       0.4615
 320.000       0.4137
 321.000       0.3841
 322.000       0.4489
 323.000       0.4146
 324.000       0.3555
 325.000       0.4271
 326.000       0.5027
 327.000       0.4487
 328.000       0.4359
 329.000       0.4619
 330.000       0.4650
 331.000       0.4712
 332.000       0.5305
 333.000       0.6024
 334.000       0.7057
 335.000       0.8361
 336.000       0.7354
 337.000       0.7042
 338.000       0.7031
 339.000       0.6195
 340.000       0.4746
 341.000       0.5141
 342.000       0.5207
 343.000       0.5183
 344.000       0.4290
 345.000       0.4015
 346.000       0.4425
 347.000       0.4212
 348.000       0.3901
 349.000       0.4158
 350.000       0.5088
 351.000       0.4945
 352.000       0.4763
 353.000       0.4551
 354.000       0.6450
 355.000       0.8427
 356.000       0.8050
 357.000       0.5845
 358.000       0.4951
 359.000       0.5933
 360.000       0.5568
 361.000       0.4989
 362.000       0.5024
 363.000       0.5440
 364.000       0.5075
 365.000       0.4795
 366.000       0.5724
 367.000       0.6011
 368.000       0.5285
 369.000       0.5592
 370.000       0.6416
 371.000       0.6493
 372.000       0.6373
 373.000       0.8804
 374.000       1.8708
 375.000       3.0568
 376.000       5.6609
