#Res             RMSF
 662.000       3.3999
 663.000       2.0443
 664.000       1.0484
 665.000       0.5688
 666.000       0.5032
 667.000       0.4967
 668.000       0.5482
 669.000       0.5401
 670.000       0.4747
 671.000       0.4508
 672.000       0.5059
 673.000       0.4724
 674.000       0.4491
 675.000       0.5938
 676.000       0.6922
 677.000       0.6803
 678.000       0.8238
 679.000       0.9311
 680.000       0.9445
 681.000       0.5968
 682.000       0.5597
 683.000       0.4858
 684.000       0.5307
 685.000       0.5879
 686.000       0.6662
 687.000       0.4907
 688.000       0.4523
 689.000       0.5982
 690.000       0.5326
 691.000       0.4420
 692.000       0.4741
 693.000       0.5092
 694.000       0.4373
 695.000       0.4182
 696.000       0.4841
 697.000       0.4675
 698.000       0.4588
 699.000       0.4076
 700.000       0.4668
 701.000       0.4385
 702.000       0.3764
 703.000       0.4081
 704.000       0.4471
 705.000       0.3840
 706.000       0.3579
 707.000       0.3936
 708.000       0.4604
 709.000       0.4194
 710.000       0.4068
 711.000       0.4946
 712.000       0.5746
 713.000       0.5846
 714.000       0.6227
 715.000       0.5556
 716.000       0.5645
 717.000       0.5064
 718.000       0.4152
 719.000       0.4564
 720.000       0.4699
 721.000       0.4406
 722.000       0.3825
 723.000       0.3691
 724.000       0.3992
 725.000       0.3740
 726.000       0.3784
 727.000       0.4085
 728.000       0.4559
 729.000       0.4468
 730.000       0.4478
 731.000       0.4903
 732.000       0.6623
 733.000       0.8398
 734.000       0.9539
 735.000       0.6549
 736.000       0.5389
 737.000       0.6546
 738.000       0.5660
 739.000       0.4675
 740.000       0.4470
 741.000       0.4743
 742.000       0.4660
 743.000       0.4604
 744.000       0.4914
 745.000       0.5206
 746.000       0.4547
 747.000       0.5278
 748.000       0.6061
 749.000       0.6054
 750.000       0.5815
 751.000       0.8618
 752.000       1.6221
 753.000       2.9182
