#Res             RMSF
   1.000       1.4245
   2.000       0.8128
   3.000       0.6192
   4.000       0.5481
   5.000       0.5344
   6.000       0.4354
   7.000       0.4716
   8.000       0.4917
   9.000       0.4506
  10.000       0.4186
  11.000       0.4637
  12.000       0.4839
  13.000       0.4171
  14.000       0.3680
  15.000       0.4357
  16.000       0.4305
  17.000       0.4240
  18.000       0.4264
  19.000       0.4862
  20.000       0.5449
  21.000       0.5440
  22.000       0.5410
  23.000       0.4714
  24.000       0.4251
  25.000       0.4195
  26.000       0.4679
  27.000       0.4495
  28.000       0.4898
  29.000       0.4939
  30.000       0.4085
  31.000       0.4060
  32.000       0.4533
  33.000       0.4366
  34.000       0.3689
  35.000       0.4577
  36.000       0.4909
  37.000       0.4669
  38.000       0.4765
  39.000       0.6318
  40.000       0.8879
  41.000       0.7641
  42.000       0.7219
  43.000       0.7226
  44.000       0.9566
  45.000       0.6004
  46.000       0.6048
  47.000       0.5552
  48.000       0.6092
  49.000       0.6576
  50.000       0.4924
  51.000       0.4014
  52.000       0.3733
  53.000       0.3975
  54.000       0.3907
  55.000       0.3353
  56.000       0.3267
  57.000       0.3419
  58.000       0.3449
  59.000       0.3610
  60.000       0.3708
  61.000       0.3849
  62.000       0.3778
  63.000       0.3898
  64.000       0.3581
  65.000       0.4015
  66.000       0.3589
  67.000       0.3275
  68.000       0.3628
  69.000       0.3294
  70.000       0.3110
  71.000       0.3241
  72.000       0.3629
  73.000       0.3765
  74.000       0.3754
  75.000       0.4206
  76.000       0.4734
  77.000       0.5337
  78.000       0.5367
  79.000       0.4221
  80.000       0.3960
  81.000       0.3536
  82.000       0.3091
  83.000       0.4345
  84.000       0.4768
  85.000       0.4488
  86.000       0.3331
  87.000       0.4291
  88.000       0.5378
  89.000       0.4695
  90.000       0.4162
  91.000       0.4164
  92.000       0.4786
  93.000       0.5237
  94.000       0.5359
  95.000       0.6230
  96.000       0.6883
  97.000       0.7816
