#Res             RMSF
 176.000       1.8001
 177.000       1.1540
 178.000       0.7227
 179.000       0.5521
 180.000       0.4744
 181.000       0.5830
 182.000       0.6271
 183.000       0.5079
 184.000       0.5697
 185.000       0.4469
 186.000       0.5017
 187.000       0.4425
 188.000       0.5312
 189.000       0.4978
 190.000       0.6133
 191.000       0.5004
 192.000       0.4306
 193.000       0.4321
 194.000       0.4958
 195.000       0.4702
 196.000       0.4593
 197.000       0.5918
 198.000       0.7020
 199.000       0.6167
 200.000       0.5632
 201.000       0.4643
 202.000       0.4993
 203.000       0.5529
 204.000       0.4851
 205.000       0.4566
 206.000       0.5197
 207.000       0.6401
 208.000       0.4730
 209.000       0.3685
 210.000       0.3515
 211.000       0.3486
 212.000       0.3672
 213.000       0.3635
 214.000       0.3491
 215.000       0.3642
 216.000       0.3956
 217.000       0.3997
 218.000       0.3771
 219.000       0.4172
 220.000       0.4301
 221.000       0.4268
 222.000       0.4807
 223.000       0.5110
 224.000       0.4342
 225.000       0.4226
 226.000       0.5045
 227.000       0.5045
 228.000       0.4686
 229.000       0.5456
 230.000       0.6858
 231.000       0.6399
 232.000       0.5769
 233.000       0.7632
 234.000       0.8851
 235.000       0.8202
 236.000       0.8440
 237.000       0.6313
 238.000       0.6635
 239.000       0.4847
 240.000       0.3976
 241.000       0.3854
 242.000       0.3931
 243.000       0.4797
 244.000       0.4284
 245.000       0.4163
 246.000       0.4870
 247.000       0.6259
 248.000       0.6221
 249.000       0.6249
 250.000       0.8020
 251.000       1.0539
 252.000       0.8429
 253.000       0.9500
 254.000       0.7453
 255.000       0.6374
 256.000       0.7139
 257.000       0.7563
 258.000       0.6613
 259.000       0.6380
 260.000       1.5833
 261.000       1.4357
 262.000       0.6063
 263.000       0.4545
 264.000       0.4775
 265.000       0.5123
 266.000       0.4821
 267.000       0.5554
 268.000       0.6416
 269.000       0.6783
 270.000       0.8356
 271.000       0.8488
 272.000       0.8969
 273.000       0.8514
 274.000       0.8669
 275.000       0.9256
 276.000       0.9487
 277.000       0.8284
 278.000       0.9505
 279.000       1.2671
 280.000       1.9527
