#Res             RMSF
  98.000       3.4880
  99.000       1.0944
 100.000       1.1520
 101.000       1.1800
 102.000       0.6298
 103.000       0.6017
 104.000       0.4927
 105.000       0.4715
 106.000       0.4561
 107.000       0.3795
 108.000       0.3701
 109.000       0.4783
 110.000       0.4206
 111.000       0.3483
 112.000       0.3899
 113.000       0.4149
 114.000       0.4293
 115.000       0.4557
 116.000       0.4089
 117.000       0.4766
 118.000       0.4417
 119.000       0.4114
 120.000       0.4474
 121.000       0.5178
 122.000       0.5235
 123.000       0.4227
 124.000       0.4262
 125.000       0.5461
 126.000       0.4837
 127.000       0.3746
 128.000       0.4526
 129.000       0.4827
 130.000       0.5117
 131.000       0.4972
 132.000       0.5225
 133.000       0.5380
 134.000       0.5387
 135.000       0.5670
 136.000       0.5374
 137.000       0.4936
 138.000       0.3795
 139.000       0.4007
 140.000       0.4732
 141.000       0.3739
 142.000       0.3284
 143.000       0.3931
 144.000       0.4137
 145.000       0.3613
 146.000       0.3553
 147.000       0.4739
 148.000       0.5315
 149.000       0.5230
 150.000       0.6036
 151.000       0.5363
 152.000       0.6337
 153.000       0.5188
 154.000       0.4044
 155.000       0.4126
 156.000       0.3938
 157.000       0.3894
 158.000       0.3267
 159.000       0.3382
 160.000       0.3478
 161.000       0.3555
 162.000       0.3481
 163.000       0.3936
 164.000       0.4710
 165.000       0.5081
 166.000       0.5300
 167.000       0.7247
 168.000       0.7358
 169.000       0.7309
 170.000       0.4941
 171.000       0.5172
 172.000       0.6524
 173.000       0.7718
 174.000       1.4800
 175.000       2.4247
