#Res             RMSF
 377.000       2.4997
 378.000       2.1466
 379.000       1.4600
 380.000       0.9298
 381.000       0.5892
 382.000       0.6336
 383.000       0.5461
 384.000       0.5518
 385.000       0.5444
 386.000       0.4950
 387.000       0.4398
 388.000       0.4833
 389.000       0.5343
 390.000       0.4734
 391.000       0.4154
 392.000       0.5173
 393.000       0.5200
 394.000       0.4943
 395.000       0.5070
 396.000       0.5868
 397.000       0.6333
 398.000       0.5879
 399.000       0.6199
 400.000       0.5338
 401.000       0.4708
 402.000       0.5059
 403.000       0.6359
 404.000       0.5447
 405.000       0.5503
 406.000       0.5225
 407.000       0.4070
 408.000       0.4345
 409.000       0.4566
 410.000       0.4171
 411.000       0.3977
 412.000       0.4361
 413.000       0.4717
 414.000       0.4833
 415.000       0.4958
 416.000       0.6236
 417.000       0.9176
 418.000       0.8242
 419.000       0.7417
 420.000       0.7500
 421.000       0.9882
 422.000       0.6077
 423.000       0.5672
 424.000       0.5296
 425.000       0.5360
 426.000       0.5505
 427.000       0.5188
 428.000       0.4174
 429.000       0.3828
 430.000       0.4514
 431.000       0.4567
 432.000       0.3668
 433.000       0.3438
 434.000       0.3956
 435.000       0.3824
 436.000       0.3779
 437.000       0.4018
 438.000       0.4281
 439.000       0.4224
 440.000       0.4105
 441.000       0.3686
 442.000       0.4157
 443.000       0.3610
 444.000       0.3442
 445.000       0.4172
 446.000       0.3914
 447.000       0.3276
 448.000       0.3522
 449.000       0.3887
 450.000       0.3785
 451.000       0.3938
 452.000       0.4324
 453.000       0.4809
 454.000       0.5373
 455.000       0.5947
 456.000       0.4655
 457.000       0.5335
 458.000       0.4037
 459.000       0.3587
 460.000       0.4205
 461.000       0.4803
 462.000       0.4345
 463.000       0.3518
 464.000       0.4577
 465.000       0.5381
 466.000       0.4700
 467.000       0.4751
 468.000       0.5913
 469.000       0.6291
 470.000       0.5711
 471.000       0.6414
 472.000       0.9638
 473.000       1.5148
 474.000       1.6024
 475.000       1.7237
