#Res             RMSF
  98.000       3.3185
  99.000       1.1695
 100.000       1.7323
 101.000       1.2900
 102.000       0.6337
 103.000       0.5847
 104.000       0.4992
 105.000       0.4835
 106.000       0.4739
 107.000       0.3721
 108.000       0.3637
 109.000       0.4544
 110.000       0.4103
 111.000       0.3330
 112.000       0.3752
 113.000       0.4053
 114.000       0.4206
 115.000       0.4375
 116.000       0.3877
 117.000       0.4565
 118.000       0.4372
 119.000       0.4259
 120.000       0.4728
 121.000       0.5344
 122.000       0.5383
 123.000       0.4346
 124.000       0.4172
 125.000       0.5466
 126.000       0.4979
 127.000       0.3903
 128.000       0.4430
 129.000       0.4921
 130.000       0.4731
 131.000       0.4560
 132.000       0.5064
 133.000       0.5060
 134.000       0.4977
 135.000       0.5414
 136.000       0.5515
 137.000       0.5141
 138.000       0.3928
 139.000       0.3903
 140.000       0.4458
 141.000       0.3647
 142.000       0.3255
 143.000       0.3814
 144.000       0.4021
 145.000       0.3596
 146.000       0.3580
 147.000       0.4730
 148.000       0.5428
 149.000       0.5528
 150.000       0.6106
 151.000       0.5499
 152.000       0.6263
 153.000       0.4876
 154.000       0.4021
 155.000       0.4082
 156.000       0.3910
 157.000       0.3885
 158.000       0.3158
 159.000       0.3314
 160.000       0.3352
 161.000       0.3547
 162.000       0.3591
 163.000       0.4021
 164.000       0.5333
 165.000       0.6593
 166.000       0.6825
 167.000       0.8081
 168.000       0.7799
 169.000       0.7630
 170.000       0.4973
 171.000       0.5121
 172.000       0.6226
 173.000       0.6969
 174.000       1.3545
 175.000       2.4351
