#Res             RMSF
   1.000       2.5610
   2.000       1.1935
   3.000       0.7205
   4.000       0.6161
   5.000       0.5832
   6.000       0.4703
   7.000       0.4990
   8.000       0.5154
   9.000       0.4901
  10.000       0.4518
  11.000       0.4822
  12.000       0.5346
  13.000       0.4649
  14.000       0.4027
  15.000       0.4803
  16.000       0.4896
  17.000       0.4650
  18.000       0.4588
  19.000       0.5903
  20.000       0.6554
  21.000       0.6643
  22.000       0.6192
  23.000       0.4899
  24.000       0.4317
  25.000       0.4313
  26.000       0.4991
  27.000       0.5020
  28.000       0.5593
  29.000       0.5346
  30.000       0.4465
  31.000       0.4818
  32.000       0.5304
  33.000       0.5004
  34.000       0.3985
  35.000       0.5164
  36.000       0.5899
  37.000       0.5294
  38.000       0.5223
  39.000       0.7667
  40.000       0.9891
  41.000       0.8264
  42.000       0.7598
  43.000       0.8150
  44.000       1.0163
  45.000       0.6525
  46.000       0.6505
  47.000       0.6358
  48.000       0.7202
  49.000       0.7700
  50.000       0.5835
  51.000       0.4387
  52.000       0.3952
  53.000       0.4362
  54.000       0.4428
  55.000       0.3818
  56.000       0.3428
  57.000       0.3797
  58.000       0.3838
  59.000       0.3894
  60.000       0.3809
  61.000       0.4082
  62.000       0.4054
  63.000       0.3981
  64.000       0.3663
  65.000       0.4348
  66.000       0.3799
  67.000       0.3361
  68.000       0.3853
  69.000       0.3546
  70.000       0.3243
  71.000       0.3378
  72.000       0.3789
  73.000       0.3921
  74.000       0.3959
  75.000       0.4286
  76.000       0.4713
  77.000       0.5336
  78.000       0.5575
  79.000       0.4350
  80.000       0.4492
  81.000       0.3822
  82.000       0.3398
  83.000       0.4522
  84.000       0.5069
  85.000       0.5005
  86.000       0.3848
  87.000       0.4667
  88.000       0.5632
  89.000       0.4881
  90.000       0.4547
  91.000       0.5152
  92.000       0.5519
  93.000       0.5698
  94.000       0.6139
  95.000       0.7670
  96.000       1.2501
  97.000       2.1831
