#Res             RMSF
 176.000       2.3676
 177.000       1.3851
 178.000       0.8042
 179.000       0.5405
 180.000       0.4758
 181.000       0.6167
 182.000       0.6468
 183.000       0.5391
 184.000       0.5905
 185.000       0.4473
 186.000       0.4922
 187.000       0.4375
 188.000       0.4983
 189.000       0.4761
 190.000       0.5892
 191.000       0.5045
 192.000       0.4240
 193.000       0.4165
 194.000       0.4822
 195.000       0.4650
 196.000       0.4543
 197.000       0.5550
 198.000       0.6608
 199.000       0.6093
 200.000       0.5972
 201.000       0.5167
 202.000       0.5502
 203.000       0.6067
 204.000       0.5341
 205.000       0.4760
 206.000       0.5169
 207.000       0.6139
 208.000       0.4743
 209.000       0.3854
 210.000       0.3616
 211.000       0.3678
 212.000       0.3873
 213.000       0.3782
 214.000       0.3690
 215.000       0.3835
 216.000       0.4187
 217.000       0.4067
 218.000       0.3797
 219.000       0.4207
 220.000       0.4434
 221.000       0.4298
 222.000       0.4749
 223.000       0.5016
 224.000       0.4363
 225.000       0.4254
 226.000       0.5098
 227.000       0.5119
 228.000       0.4824
 229.000       0.5703
 230.000       0.6935
 231.000       0.6541
 232.000       0.5937
 233.000       0.7795
 234.000       0.9033
 235.000       0.8430
 236.000       0.8848
 237.000       0.6790
 238.000       0.6887
 239.000       0.5047
 240.000       0.4050
 241.000       0.4154
 242.000       0.4434
 243.000       0.5066
 244.000       0.4591
 245.000       0.4494
 246.000       0.5775
 247.000       0.7255
 248.000       0.6360
 249.000       0.6790
 250.000       1.0603
 251.000       1.2426
 252.000       0.9101
 253.000       0.8795
 254.000       0.7322
 255.000       0.6661
 256.000       0.7317
 257.000       0.7397
 258.000       0.6804
 259.000       0.7053
 260.000       1.4829
 261.000       1.2713
 262.000       0.5868
 263.000       0.4771
 264.000       0.5215
 265.000       0.5373
 266.000       0.5117
 267.000       0.5753
 268.000       0.7383
 269.000       0.7083
 270.000       0.9843
 271.000       0.9330
 272.000       0.9277
 273.000       0.9066
 274.000       0.9032
 275.000       1.0125
 276.000       1.0123
 277.000       0.9206
 278.000       1.0751
 279.000       1.5089
 280.000       2.1866
