#Res             RMSF
 281.000       1.9199
 282.000       1.6156
 283.000       1.5190
 284.000       1.7691
 285.000       1.3478
 286.000       1.1249
 287.000       0.7449
 288.000       0.5234
 289.000       0.5435
 290.000       0.6355
 291.000       0.5670
 292.000       0.4756
 293.000       0.5188
 294.000       0.5926
 295.000       0.5222
 296.000       0.5033
 297.000       0.6789
 298.000       0.7895
 299.000       0.7385
 300.000       0.7976
 301.000       0.9635
 302.000       0.9009
 303.000       0.7365
 304.000       0.6565
 305.000       0.5094
 306.000       0.5104
 307.000       0.5693
 308.000       0.5719
 309.000       0.4687
 310.000       0.4488
 311.000       0.5113
 312.000       0.4590
 313.000       0.3948
 314.000       0.4089
 315.000       0.4274
 316.000       0.4223
 317.000       0.4049
 318.000       0.4632
 319.000       0.4549
 320.000       0.4265
 321.000       0.3976
 322.000       0.4766
 323.000       0.4744
 324.000       0.3768
 325.000       0.4665
 326.000       0.5769
 327.000       0.4794
 328.000       0.4436
 329.000       0.4972
 330.000       0.4876
 331.000       0.4741
 332.000       0.5300
 333.000       0.6023
 334.000       0.6353
 335.000       0.7468
 336.000       0.7618
 337.000       0.7943
 338.000       0.7663
 339.000       0.6860
 340.000       0.5766
 341.000       0.6458
 342.000       0.6114
 343.000       0.5975
 344.000       0.4846
 345.000       0.4484
 346.000       0.4955
 347.000       0.4678
 348.000       0.4154
 349.000       0.4575
 350.000       0.5447
 351.000       0.5143
 352.000       0.4885
 353.000       0.4866
 354.000       0.6211
 355.000       0.9387
 356.000       0.8917
 357.000       0.6584
 358.000       0.5464
 359.000       0.7015
 360.000       0.6429
 361.000       0.5401
 362.000       0.5678
 363.000       0.6423
 364.000       0.5964
 365.000       0.5736
 366.000       0.6237
 367.000       0.6418
 368.000       0.5653
 369.000       0.6168
 370.000       0.7184
 371.000       0.7354
 372.000       0.6726
 373.000       0.8735
 374.000       2.1479
 375.000       4.0294
 376.000       6.4387
