#Frame      end1_rmsd
       1       0.0000
       2       2.5108
       3       2.4418
       4       2.7174
       5       2.3415
       6       2.2552
       7       2.8820
       8       3.0679
       9       3.0153
      10       3.0225
      11       2.5425
      12       3.0849
      13       3.1501
      14       2.9505
      15       3.3054
      16       4.2476
      17       3.2929
      18       3.0169
      19       3.8742
      20       3.4710
      21       2.7917
      22       4.3472
      23       5.2604
      24       4.9510
      25       3.7753
      26       4.4662
      27       4.7972
      28       4.5234
      29       4.0022
      30       3.5712
      31       4.0168
      32       3.9691
      33       3.8796
      34       4.2574
      35       3.8671
      36       4.5098
      37       3.9651
      38       3.7838
      39       3.6831
      40       4.9363
      41       5.0478
      42       5.6104
      43       4.2435
      44       3.5866
      45       3.2437
      46       2.8115
      47       3.6050
      48       3.6385
      49       3.1832
      50       3.2504
      51       3.6599
      52       4.2156
      53       3.6756
      54       3.1264
      55       4.5706
      56       5.0147
      57       5.0752
      58       4.8437
      59       4.4169
      60       3.7991
      61       4.2585
      62       4.9570
      63       3.1165
      64       2.5232
      65       3.2640
      66       4.1856
      67       2.9018
      68       3.6926
      69       3.5756
      70       3.4756
      71       3.6988
      72       3.4414
      73       3.4189
      74       3.4870
      75       3.6150
      76       3.3365
      77       3.4384
      78       3.1234
      79       3.7653
      80       3.4740
      81       3.9570
      82       4.1472
      83       5.6500
      84       4.9829
      85       4.8922
      86       5.5180
      87       5.2048
      88       6.1551
      89       4.5231
      90       5.7299
      91       4.4311
      92       4.1578
      93       4.8301
      94       3.7648
      95       5.2309
      96       4.4302
      97       5.4546
      98       6.4962
      99       4.9541
     100       4.5747
     101       4.1020
     102       5.2695
     103       4.2949
     104       3.4881
     105       3.6801
     106       3.9451
     107       3.9269
     108       4.3534
     109       4.8384
     110       4.6208
     111       5.6533
     112       5.0936
     113       5.3075
     114       2.7123
     115       4.5121
     116       3.2988
     117       4.4578
     118       4.6129
     119       3.3878
     120       3.1312
     121       4.6819
     122       3.6653
     123       5.3724
     124       4.5031
     125       3.5256
     126       2.9541
     127       3.2652
     128       4.1807
     129       4.5576
     130       3.9140
     131       3.8733
     132       4.3074
     133       3.2350
     134       3.0786
     135       3.1979
     136       3.4969
     137       3.2975
     138       3.2969
     139       4.1466
     140       3.6690
     141       2.9701
     142       3.6429
     143       3.2208
     144       2.8771
     145       2.6199
     146       2.8881
     147       3.1502
     148       2.7962
     149       4.6136
     150       4.2589
     151       4.4338
     152       3.1377
     153       3.4342
     154       2.6725
     155       2.7811
     156       3.6199
     157       2.5960
     158       3.3216
     159       3.3991
     160       3.9817
     161       3.7611
     162       1.9894
     163       2.8663
     164       2.3380
     165       3.2268
     166       2.9923
     167       3.2470
     168       2.8284
     169       2.1209
     170       3.2397
     171       3.3232
     172       2.8681
     173       3.6731
     174       3.8506
     175       3.1158
     176       3.0751
     177       3.9998
     178       3.6169
     179       2.8975
     180       2.8520
     181       3.5295
     182       3.0835
     183       3.7722
     184       3.1207
     185       4.0414
     186       2.2660
     187       3.2058
     188       2.4826
     189       2.2463
     190       3.3674
     191       2.9388
     192       3.3716
     193       4.1944
     194       3.4132
     195       3.0739
     196       3.1184
     197       2.4888
     198       4.2197
     199       2.8373
     200       3.8055
     201       3.6982
     202       3.9067
     203       4.2128
     204       3.9534
     205       3.7633
     206       3.7511
     207       3.8916
     208       4.6804
     209       3.4946
     210       3.0864
     211       4.3222
     212       3.7407
     213       3.5514
     214       5.1101
     215       3.5414
     216       3.2717
     217       3.5340
     218       3.5156
     219       4.7522
     220       3.5465
     221       3.3245
     222       2.5701
     223       2.9442
     224       2.7953
     225       3.4972
     226       3.6509
     227       2.8163
     228       3.3803
     229       2.8054
     230       3.6354
     231       3.9835
     232       3.4810
     233       3.9848
     234       4.4113
     235       3.9096
     236       3.5574
     237       2.8202
     238       3.1196
     239       2.8786
     240       3.9166
     241       3.5469
     242       3.6670
     243       3.6533
     244       4.1326
     245       3.9478
     246       3.7064
     247       3.5359
     248       3.3730
     249       3.3159
     250       2.8419
     251       2.4690
     252       2.6356
     253       3.0796
     254       2.7065
     255       3.2056
     256       4.2883
     257       4.6818
     258       3.0114
     259       4.0463
     260       4.3289
     261       3.4047
     262       3.6572
     263       4.5745
     264       3.4670
     265       3.6465
     266       3.7087
     267       3.8344
     268       3.3899
     269       3.0298
     270       3.2754
     271       3.0125
     272       2.7839
     273       2.8124
     274       2.5286
     275       2.9900
     276       2.3444
     277       2.5136
     278       3.4263
     279       3.2917
     280       3.4412
     281       2.7863
     282       3.0761
     283       2.4765
     284       3.0286
     285       3.7730
     286       4.8987
     287       3.9036
     288       4.3137
     289       4.1331
     290       3.3112
     291       3.3758
     292       4.5956
     293       2.9505
     294       2.5804
     295       3.0135
     296       4.1538
     297       3.3291
     298       3.5665
     299       3.0588
     300       3.0476
     301       2.6084
     302       2.8359
     303       3.3914
     304       2.8928
     305       2.6046
     306       3.8458
     307       4.8318
     308       2.8594
     309       2.6359
     310       3.4440
     311       3.3315
     312       3.7543
     313       2.8386
     314       2.5066
     315       3.1030
     316       2.9583
     317       2.5271
     318       2.5169
     319       3.2571
     320       3.0266
     321       3.2643
     322       3.8205
     323       3.0696
     324       4.3019
     325       3.5984
     326       4.5282
     327       3.6987
     328       2.7874
     329       4.2069
     330       2.7979
     331       3.3671
     332       3.5306
     333       3.5875
     334       5.0821
     335       4.0196
     336       4.0687
     337       4.1596
     338       3.2836
     339       2.9087
     340       3.0678
     341       2.7943
     342       2.4537
     343       3.9023
     344       3.7069
     345       3.4753
     346       3.9980
     347       3.0827
     348       4.2834
     349       3.5200
     350       2.9518
     351       2.9162
     352       4.0403
     353       4.7811
     354       3.7921
     355       4.0191
     356       4.0086
     357       4.5403
     358       4.1193
     359       3.0646
     360       3.7061
     361       3.3024
     362       3.1495
     363       3.2959
     364       3.7977
     365       2.7794
     366       3.5733
     367       3.5488
     368       2.8089
     369       3.2858
     370       3.8232
     371       3.3903
     372       3.8985
     373       2.9181
     374       5.2691
     375       4.9153
     376       5.5663
     377       4.2499
     378       5.0688
     379       4.6444
     380       5.2602
     381       4.3245
     382       4.6895
     383       2.9672
     384       4.5117
     385       4.3347
     386       4.2507
     387       5.6202
     388       4.2642
     389       5.2048
     390       5.5998
     391       3.9294
     392       4.9330
     393       3.0246
     394       4.7330
     395       4.3384
     396       3.2016
     397       6.2611
     398       5.7790
     399       2.6529
     400       3.0613
