#Frame      end2_rmsd
       1       0.0000
       2       1.5831
       3       4.1001
       4       2.3628
       5       1.5576
       6       2.9112
       7       2.9565
       8       3.2785
       9       2.9613
      10       2.7182
      11       4.3430
      12       3.9221
      13       3.5525
      14       3.6028
      15       5.0315
      16       4.5484
      17       3.6008
      18       3.1296
      19       2.8829
      20       2.9105
      21       3.5546
      22       2.1893
      23       3.6627
      24       3.8130
      25       3.9160
      26       4.1740
      27       5.0958
      28       3.7718
      29       5.0756
      30       4.1764
      31       2.7388
      32       3.2008
      33       3.0921
      34       7.4701
      35       3.1195
      36       3.7307
      37       4.5105
      38       3.4001
      39       3.1316
      40       4.1108
      41       2.4353
      42       2.5330
      43       3.8157
      44       5.2893
      45       4.5272
      46       4.2778
      47       4.9423
      48       4.5777
      49       4.2862
      50       5.8685
      51       5.4346
      52       6.3637
      53       5.2619
      54       5.4713
      55       3.7122
      56       3.0928
      57       5.4439
      58       4.7857
      59       4.2330
      60       4.7622
      61       4.9030
      62       5.6148
      63       4.2103
      64       2.0680
      65       3.2619
      66       5.1335
      67       3.4363
      68       4.0236
      69       4.2237
      70       2.3132
      71       5.3393
      72       4.6845
      73       3.7137
      74       3.1201
      75       3.1982
      76       3.2428
      77       4.4342
      78       3.9582
      79       3.1294
      80       6.2640
      81       5.2666
      82       5.1402
      83       3.9523
      84       4.1497
      85       4.3881
      86       6.6569
      87       6.2024
      88       5.3696
      89       5.1744
      90       3.0784
      91       4.4940
      92       3.3651
      93       3.9153
      94       4.4721
      95       4.2273
      96       3.8519
      97       3.2329
      98       2.8335
      99       4.4248
     100       4.6530
     101       2.7129
     102       4.1302
     103       4.2796
     104       5.1972
     105       4.3381
     106       3.3096
     107       4.7120
     108       4.2475
     109       5.3749
     110       6.1264
     111       4.7085
     112       5.5805
     113       5.4044
     114       4.5603
     115       3.9247
     116       3.8943
     117       3.7006
     118       5.0810
     119       3.1621
     120       3.3305
     121       3.4378
     122       3.5531
     123       4.7604
     124       4.7341
     125       4.6752
     126       3.2182
     127       4.9225
     128       5.9566
     129       3.6962
     130       3.4580
     131       3.7179
     132       4.3415
     133       4.4608
     134       3.2584
     135       4.5391
     136       4.3509
     137       4.8384
     138       3.3996
     139       3.3031
     140       3.0912
     141       1.8142
     142       3.5979
     143       3.7399
     144       3.3407
     145       2.9368
     146       4.5242
     147       4.2766
     148       3.6361
     149       4.5060
     150       4.6731
     151       4.5812
     152       3.4000
     153       3.1259
     154       3.5042
     155       4.0240
     156       3.3988
     157       4.1309
     158       4.0613
     159       3.3035
     160       3.1718
     161       4.1779
     162       4.5547
     163       4.2973
     164       3.8128
     165       3.5030
     166       2.3480
     167       3.0076
     168       3.2620
     169       3.0407
     170       4.3928
     171       4.1327
     172       3.7306
     173       3.8241
     174       4.0936
     175       3.4212
     176       2.7994
     177       2.5770
     178       2.8223
     179       2.7908
     180       4.0262
     181       2.5119
     182       2.9905
     183       3.1440
     184       3.5136
     185       3.0539
     186       3.1070
     187       3.9455
     188       3.8367
     189       3.2338
     190       3.6867
     191       4.2181
     192       4.0932
     193       3.5781
     194       5.5007
     195       3.3047
     196       4.9703
     197       5.6853
     198       3.5352
     199       3.3662
     200       2.9154
     201       3.8437
     202       4.7855
     203       5.5622
     204       3.0937
     205       3.4812
     206       2.9417
     207       2.8574
     208       3.0811
     209       4.7143
     210       3.8687
     211       4.0206
     212       3.8895
     213       3.5951
     214       5.5824
     215       3.4108
     216       5.2012
     217       3.4662
     218       4.6180
     219       4.6519
     220       5.7215
     221       4.3579
     222       5.5528
     223       6.3762
     224       3.7454
     225       3.3720
     226       4.2677
     227       5.0796
     228       5.2011
     229       4.5396
     230       2.5074
     231       4.2998
     232       4.6246
     233       5.8514
     234       6.4619
     235       5.0598
     236       5.7684
     237       4.4879
     238       5.4851
     239       5.9090
     240       4.2418
     241       4.2384
     242       4.0427
     243       3.2694
     244       3.3123
     245       3.2896
     246       2.6343
     247       5.1688
     248       3.7877
     249       3.3134
     250       3.5499
     251       3.1463
     252       3.5425
     253       2.6379
     254       2.5245
     255       3.0827
     256       2.8744
     257       3.0740
     258       3.4132
     259       5.3302
     260       4.6208
     261       4.1882
     262       3.9800
     263       2.7924
     264       3.3612
     265       3.1772
     266       3.1941
     267       3.8944
     268       4.0352
     269       3.8637
     270       2.7428
     271       3.8540
     272       4.1185
     273       5.0302
     274       4.6243
     275       2.6910
     276       4.8376
     277       3.9041
     278       2.9260
     279       4.3960
     280       3.6151
     281       4.2934
     282       4.6518
     283       5.9810
     284       4.5022
     285       3.3855
     286       3.2614
     287       4.5779
     288       3.6035
     289       3.3698
     290       3.7425
     291       4.0038
     292       4.4307
     293       3.1736
     294       2.7485
     295       2.7056
     296       3.3358
     297       3.5921
     298       3.9169
     299       3.3080
     300       3.7938
     301       3.5364
     302       3.2366
     303       3.0378
     304       2.9473
     305       2.5303
     306       2.8992
     307       2.5596
     308       3.6611
     309       2.7785
     310       2.6353
     311       2.6591
     312       2.9653
     313       3.4551
     314       3.7221
     315       3.2356
     316       3.1549
     317       4.8140
     318       2.8044
     319       2.9579
     320       2.6439
     321       3.6409
     322       3.0916
     323       3.0284
     324       3.5358
     325       3.5509
     326       3.6093
     327       2.7686
     328       2.5188
     329       3.3553
     330       3.1952
     331       4.1770
     332       2.5939
     333       2.8104
     334       3.8797
     335       4.2633
     336       3.0180
     337       4.0142
     338       4.4570
     339       3.3734
     340       3.6627
     341       4.5884
     342       3.8587
     343       3.3789
     344       3.7849
     345       3.3762
     346       3.7819
     347       3.4758
     348       3.3316
     349       2.9912
     350       3.6362
     351       4.2542
     352       3.0008
     353       3.9570
     354       3.0650
     355       3.8375
     356       4.1440
     357       4.3682
     358       3.8962
     359       3.7098
     360       4.5648
     361       3.8562
     362       4.0256
     363       3.6549
     364       3.2057
     365       4.3927
     366       4.0482
     367       3.9309
     368       2.9742
     369       4.0941
     370       2.4953
     371       2.7394
     372       2.6565
     373       3.1885
     374       3.9915
     375       3.8945
     376       3.6137
     377       3.2260
     378       3.1509
     379       3.3112
     380       2.5338
     381       3.6578
     382       2.6310
     383       3.6134
     384       3.1696
     385       2.7427
     386       3.2039
     387       3.4443
     388       3.6273
     389       3.7468
     390       3.1114
     391       4.0332
     392       2.8771
     393       3.2019
     394       3.7160
     395       4.2341
     396       3.1903
     397       3.3004
     398       3.8478
     399       4.2748
     400       5.5062
