#Res             RMSF
  98.000       1.5259
  99.000       0.7622
 100.000       0.7667
 101.000       0.8016
 102.000       0.5739
 103.000       0.5385
 104.000       0.5059
 105.000       0.5132
 106.000       0.5313
 107.000       0.3925
 108.000       0.3401
 109.000       0.4110
 110.000       0.4354
 111.000       0.3693
 112.000       0.3748
 113.000       0.4164
 114.000       0.4495
 115.000       0.4479
 116.000       0.3915
 117.000       0.4446
 118.000       0.4276
 119.000       0.4149
 120.000       0.4628
 121.000       0.5386
 122.000       0.5147
 123.000       0.4203
 124.000       0.4344
 125.000       0.5395
 126.000       0.5170
 127.000       0.3923
 128.000       0.4384
 129.000       0.5089
 130.000       0.4716
 131.000       0.4460
 132.000       0.4687
 133.000       0.5111
 134.000       0.4805
 135.000       0.4780
 136.000       0.4819
 137.000       0.5100
 138.000       0.4195
 139.000       0.3695
 140.000       0.4307
 141.000       0.3733
 142.000       0.3385
 143.000       0.3615
 144.000       0.4082
 145.000       0.3721
 146.000       0.3621
 147.000       0.4657
 148.000       0.5153
 149.000       0.5151
 150.000       0.5704
 151.000       0.4965
 152.000       0.5933
 153.000       0.4465
 154.000       0.3978
 155.000       0.4374
 156.000       0.4516
 157.000       0.4620
 158.000       0.3629
 159.000       0.3662
 160.000       0.4329
 161.000       0.4362
 162.000       0.3866
 163.000       0.4325
 164.000       0.5571
 165.000       0.7267
 166.000       0.8413
 167.000       0.9309
 168.000       0.6416
 169.000       0.5837
 170.000       0.4716
 171.000       0.4979
 172.000       0.6853
 173.000       0.8424
 174.000       1.8071
 175.000       3.5341
