#Res             RMSF
   1.000       2.5660
   2.000       1.6639
   3.000       1.0045
   4.000       0.6192
   5.000       0.6775
   6.000       0.5565
   7.000       0.5587
   8.000       0.5693
   9.000       0.5453
  10.000       0.4622
  11.000       0.4686
  12.000       0.5215
  13.000       0.4862
  14.000       0.3813
  15.000       0.4627
  16.000       0.4843
  17.000       0.4567
  18.000       0.4471
  19.000       0.5218
  20.000       0.5469
  21.000       0.5337
  22.000       0.5473
  23.000       0.4826
  24.000       0.4715
  25.000       0.4730
  26.000       0.4984
  27.000       0.5068
  28.000       0.5317
  29.000       0.4984
  30.000       0.4425
  31.000       0.4902
  32.000       0.4622
  33.000       0.4383
  34.000       0.3828
  35.000       0.4223
  36.000       0.5081
  37.000       0.4969
  38.000       0.4847
  39.000       0.5978
  40.000       0.8122
  41.000       0.7642
  42.000       0.7301
  43.000       0.7360
  44.000       0.9149
  45.000       0.5996
  46.000       0.5559
  47.000       0.5093
  48.000       0.5635
  49.000       0.6627
  50.000       0.5339
  51.000       0.4478
  52.000       0.3960
  53.000       0.4192
  54.000       0.4241
  55.000       0.3826
  56.000       0.3418
  57.000       0.3756
  58.000       0.4088
  59.000       0.3991
  60.000       0.3790
  61.000       0.4247
  62.000       0.4454
  63.000       0.4072
  64.000       0.3597
  65.000       0.4629
  66.000       0.3727
  67.000       0.3265
  68.000       0.3968
  69.000       0.3655
  70.000       0.3233
  71.000       0.3357
  72.000       0.4104
  73.000       0.4029
  74.000       0.4087
  75.000       0.4574
  76.000       0.4661
  77.000       0.5225
  78.000       0.5791
  79.000       0.4303
  80.000       0.4397
  81.000       0.3704
  82.000       0.3378
  83.000       0.4371
  84.000       0.5329
  85.000       0.5421
  86.000       0.4123
  87.000       0.4846
  88.000       0.5741
  89.000       0.5284
  90.000       0.5114
  91.000       0.5969
  92.000       0.6402
  93.000       0.6496
  94.000       0.6635
  95.000       0.9647
  96.000       2.1280
  97.000       3.2907
