#Res             RMSF
 176.000       1.2942
 177.000       1.0373
 178.000       0.7414
 179.000       0.5491
 180.000       0.4926
 181.000       0.6205
 182.000       0.6473
 183.000       0.5541
 184.000       0.6226
 185.000       0.4823
 186.000       0.4947
 187.000       0.4299
 188.000       0.4845
 189.000       0.4220
 190.000       0.5398
 191.000       0.4801
 192.000       0.4200
 193.000       0.4375
 194.000       0.5252
 195.000       0.5526
 196.000       0.5420
 197.000       0.6999
 198.000       1.0108
 199.000       1.2919
 200.000       1.1101
 201.000       1.3136
 202.000       0.6731
 203.000       0.7397
 204.000       0.5781
 205.000       0.5021
 206.000       0.4888
 207.000       0.5730
 208.000       0.4923
 209.000       0.3901
 210.000       0.3572
 211.000       0.3608
 212.000       0.3923
 213.000       0.3894
 214.000       0.3785
 215.000       0.3921
 216.000       0.4225
 217.000       0.4346
 218.000       0.4111
 219.000       0.4459
 220.000       0.4610
 221.000       0.4422
 222.000       0.4895
 223.000       0.5624
 224.000       0.4872
 225.000       0.4649
 226.000       0.5223
 227.000       0.5007
 228.000       0.4734
 229.000       0.5036
 230.000       0.5925
 231.000       0.5903
 232.000       0.5615
 233.000       0.7486
 234.000       0.8707
 235.000       0.8543
 236.000       0.8754
 237.000       0.6808
 238.000       0.6649
 239.000       0.4937
 240.000       0.3986
 241.000       0.4231
 242.000       0.4448
 243.000       0.4672
 244.000       0.4493
 245.000       0.4595
 246.000       0.5494
 247.000       0.7103
 248.000       0.7305
 249.000       0.6886
 250.000       0.8331
 251.000       1.1299
 252.000       1.0883
 253.000       1.0102
 254.000       0.8715
 255.000       0.8611
 256.000       0.8860
 257.000       0.8497
 258.000       0.7395
 259.000       0.6263
 260.000       0.8837
 261.000       0.6803
 262.000       0.5839
 263.000       0.5304
 264.000       0.4719
 265.000       0.5044
 266.000       0.4845
 267.000       0.5367
 268.000       0.6290
 269.000       0.6111
 270.000       0.8000
 271.000       0.7407
 272.000       0.8212
 273.000       0.8338
 274.000       0.8561
 275.000       1.0214
 276.000       1.0285
 277.000       0.9405
 278.000       1.0708
 279.000       1.4122
 280.000       2.1743
