#Res             RMSF
 476.000       3.2313
 477.000       1.4069
 478.000       1.2847
 479.000       1.2310
 480.000       0.6035
 481.000       0.6321
 482.000       0.8160
 483.000       0.8305
 484.000       0.6162
 485.000       0.5779
 486.000       0.5203
 487.000       0.5470
 488.000       0.5250
 489.000       0.3982
 490.000       0.3830
 491.000       0.4966
 492.000       0.4711
 493.000       0.3805
 494.000       0.4116
 495.000       0.4708
 496.000       0.4799
 497.000       0.5105
 498.000       0.4320
 499.000       0.4828
 500.000       0.4426
 501.000       0.4307
 502.000       0.4592
 503.000       0.5367
 504.000       0.5503
 505.000       0.4647
 506.000       0.4541
 507.000       0.5716
 508.000       0.5330
 509.000       0.4097
 510.000       0.4652
 511.000       0.5337
 512.000       0.4784
 513.000       0.4223
 514.000       0.4737
 515.000       0.5165
 516.000       0.4596
 517.000       0.4652
 518.000       0.5319
 519.000       0.5428
 520.000       0.4344
 521.000       0.3921
 522.000       0.4568
 523.000       0.3797
 524.000       0.3460
 525.000       0.3704
 526.000       0.4022
 527.000       0.3736
 528.000       0.3774
 529.000       0.4841
 530.000       0.5458
 531.000       0.5304
 532.000       0.5745
 533.000       0.4813
 534.000       0.7324
 535.000       0.4502
 536.000       0.3980
 537.000       0.4271
 538.000       0.3979
 539.000       0.4100
 540.000       0.3578
 541.000       0.3493
 542.000       0.3730
 543.000       0.3845
 544.000       0.3664
 545.000       0.4095
 546.000       0.5082
 547.000       0.6823
 548.000       0.8810
 549.000       0.9660
 550.000       0.6465
 551.000       0.8498
 552.000       0.4905
 553.000       0.5372
 554.000       0.6680
 555.000       0.7061
 556.000       1.5357
 557.000       2.6835
