#Res             RMSF
 662.000       1.4993
 663.000       1.0604
 664.000       0.8346
 665.000       0.6072
 666.000       0.4217
 667.000       0.4269
 668.000       0.4522
 669.000       0.4325
 670.000       0.3966
 671.000       0.3977
 672.000       0.4598
 673.000       0.4294
 674.000       0.4117
 675.000       0.5564
 676.000       0.6655
 677.000       0.6093
 678.000       0.5761
 679.000       0.7140
 680.000       0.8408
 681.000       0.5784
 682.000       0.5264
 683.000       0.4341
 684.000       0.4587
 685.000       0.5524
 686.000       0.5941
 687.000       0.4486
 688.000       0.4437
 689.000       0.5030
 690.000       0.4076
 691.000       0.3612
 692.000       0.3825
 693.000       0.3965
 694.000       0.3586
 695.000       0.3857
 696.000       0.4310
 697.000       0.4023
 698.000       0.3799
 699.000       0.3578
 700.000       0.4070
 701.000       0.3817
 702.000       0.3603
 703.000       0.4147
 704.000       0.4803
 705.000       0.4489
 706.000       0.3683
 707.000       0.4320
 708.000       0.4442
 709.000       0.3628
 710.000       0.4447
 711.000       0.5805
 712.000       0.5979
 713.000       0.6411
 714.000       0.7246
 715.000       0.6184
 716.000       0.6433
 717.000       0.5678
 718.000       0.4030
 719.000       0.4084
 720.000       0.4341
 721.000       0.4305
 722.000       0.3512
 723.000       0.3737
 724.000       0.4003
 725.000       0.3685
 726.000       0.3541
 727.000       0.4027
 728.000       0.4993
 729.000       0.4784
 730.000       0.4775
 731.000       0.4653
 732.000       0.5942
 733.000       0.8139
 734.000       0.8533
 735.000       0.5690
 736.000       0.4561
 737.000       0.5802
 738.000       0.4911
 739.000       0.4276
 740.000       0.4121
 741.000       0.4365
 742.000       0.4192
 743.000       0.4094
 744.000       0.4552
 745.000       0.4555
 746.000       0.4145
 747.000       0.4787
 748.000       0.5676
 749.000       0.5627
 750.000       0.5765
 751.000       0.8226
 752.000       1.2574
 753.000       2.6438
