#Res             RMSF
 281.000       3.5056
 282.000       2.5299
 283.000       1.3716
 284.000       0.8948
 285.000       0.9936
 286.000       0.7209
 287.000       0.5906
 288.000       0.4978
 289.000       0.5063
 290.000       0.5225
 291.000       0.5355
 292.000       0.4968
 293.000       0.4589
 294.000       0.5391
 295.000       0.4837
 296.000       0.4727
 297.000       0.6082
 298.000       0.7082
 299.000       0.6748
 300.000       0.6750
 301.000       0.7452
 302.000       0.7797
 303.000       0.5974
 304.000       0.5868
 305.000       0.5070
 306.000       0.5729
 307.000       0.6604
 308.000       0.6777
 309.000       0.5188
 310.000       0.5051
 311.000       0.5639
 312.000       0.5022
 313.000       0.4416
 314.000       0.4698
 315.000       0.4925
 316.000       0.4578
 317.000       0.4181
 318.000       0.5097
 319.000       0.5097
 320.000       0.4448
 321.000       0.4079
 322.000       0.4822
 323.000       0.4579
 324.000       0.4098
 325.000       0.4820
 326.000       0.5287
 327.000       0.5227
 328.000       0.4564
 329.000       0.5361
 330.000       0.6061
 331.000       0.5474
 332.000       0.5632
 333.000       0.6767
 334.000       0.7210
 335.000       0.7973
 336.000       0.8762
 337.000       0.7177
 338.000       0.6344
 339.000       0.5812
 340.000       0.4980
 341.000       0.5251
 342.000       0.5436
 343.000       0.5923
 344.000       0.5219
 345.000       0.4306
 346.000       0.4872
 347.000       0.5062
 348.000       0.4656
 349.000       0.4401
 350.000       0.5108
 351.000       0.5473
 352.000       0.5329
 353.000       0.5443
 354.000       0.7093
 355.000       0.8733
 356.000       0.8232
 357.000       0.5762
 358.000       0.5187
 359.000       0.6140
 360.000       0.5438
 361.000       0.4829
 362.000       0.4843
 363.000       0.5499
 364.000       0.5124
 365.000       0.4803
 366.000       0.5838
 367.000       0.6191
 368.000       0.5476
 369.000       0.6095
 370.000       0.7213
 371.000       0.7193
 372.000       0.6896
 373.000       0.8944
 374.000       2.0237
 375.000       4.0561
 376.000       5.7268
