#Res             RMSF
 662.000       1.2093
 663.000       0.9492
 664.000       0.6945
 665.000       0.5010
 666.000       0.3853
 667.000       0.3829
 668.000       0.4460
 669.000       0.4356
 670.000       0.3926
 671.000       0.3971
 672.000       0.4496
 673.000       0.4270
 674.000       0.4094
 675.000       0.5411
 676.000       0.6556
 677.000       0.5910
 678.000       0.5736
 679.000       0.7426
 680.000       0.8727
 681.000       0.5528
 682.000       0.5014
 683.000       0.4022
 684.000       0.4035
 685.000       0.5004
 686.000       0.5579
 687.000       0.4067
 688.000       0.3941
 689.000       0.4701
 690.000       0.4024
 691.000       0.3654
 692.000       0.3734
 693.000       0.3977
 694.000       0.3759
 695.000       0.3808
 696.000       0.4312
 697.000       0.4162
 698.000       0.4050
 699.000       0.3698
 700.000       0.4038
 701.000       0.3918
 702.000       0.3729
 703.000       0.4101
 704.000       0.4783
 705.000       0.4317
 706.000       0.3628
 707.000       0.4235
 708.000       0.4310
 709.000       0.3753
 710.000       0.4362
 711.000       0.5865
 712.000       0.5990
 713.000       0.6459
 714.000       0.7288
 715.000       0.6232
 716.000       0.6330
 717.000       0.5459
 718.000       0.3908
 719.000       0.4008
 720.000       0.4431
 721.000       0.4354
 722.000       0.3462
 723.000       0.3814
 724.000       0.4021
 725.000       0.3651
 726.000       0.3503
 727.000       0.3875
 728.000       0.4649
 729.000       0.4440
 730.000       0.4476
 731.000       0.4498
 732.000       0.5899
 733.000       0.8583
 734.000       0.8494
 735.000       0.5522
 736.000       0.4408
 737.000       0.5619
 738.000       0.4629
 739.000       0.4075
 740.000       0.3910
 741.000       0.4383
 742.000       0.4283
 743.000       0.4111
 744.000       0.4518
 745.000       0.4435
 746.000       0.4234
 747.000       0.4981
 748.000       0.5709
 749.000       0.5821
 750.000       0.5981
 751.000       0.8471
 752.000       1.0734
 753.000       2.3770
