#Res             RMSF
 558.000       1.4093
 559.000       0.9088
 560.000       0.6655
 561.000       0.5421
 562.000       0.7043
 563.000       0.6689
 564.000       0.5517
 565.000       0.6134
 566.000       0.4679
 567.000       0.5006
 568.000       0.4281
 569.000       0.4881
 570.000       0.4298
 571.000       0.5460
 572.000       0.4509
 573.000       0.3904
 574.000       0.4066
 575.000       0.4643
 576.000       0.4864
 577.000       0.5099
 578.000       0.6445
 579.000       0.7676
 580.000       0.7304
 581.000       0.8275
 582.000       0.5980
 583.000       0.6711
 584.000       0.7898
 585.000       0.6835
 586.000       0.5739
 587.000       0.5492
 588.000       0.6846
 589.000       0.5080
 590.000       0.3779
 591.000       0.3397
 592.000       0.3604
 593.000       0.3749
 594.000       0.3720
 595.000       0.3399
 596.000       0.3691
 597.000       0.4096
 598.000       0.4170
 599.000       0.4006
 600.000       0.4390
 601.000       0.4533
 602.000       0.4327
 603.000       0.4804
 604.000       0.5168
 605.000       0.4601
 606.000       0.4442
 607.000       0.5171
 608.000       0.5076
 609.000       0.4330
 610.000       0.4741
 611.000       0.5840
 612.000       0.5368
 613.000       0.4792
 614.000       0.6718
 615.000       0.7798
 616.000       0.7380
 617.000       0.7648
 618.000       0.5994
 619.000       0.6374
 620.000       0.4908
 621.000       0.3889
 622.000       0.4006
 623.000       0.4303
 624.000       0.4489
 625.000       0.4273
 626.000       0.4259
 627.000       0.5235
 628.000       0.6670
 629.000       0.6126
 630.000       0.5471
 631.000       0.6969
 632.000       0.9769
 633.000       0.9129
 634.000       1.0596
 635.000       0.9094
 636.000       0.7476
 637.000       0.6830
 638.000       0.7446
 639.000       0.6547
 640.000       0.5070
 641.000       0.6736
 642.000       0.5548
 643.000       0.5194
 644.000       0.4880
 645.000       0.4587
 646.000       0.4950
 647.000       0.4968
 648.000       0.4867
 649.000       0.6021
 650.000       0.5696
 651.000       0.7380
 652.000       0.7625
 653.000       0.7941
 654.000       0.8065
 655.000       0.8306
 656.000       0.9597
 657.000       0.9209
 658.000       0.8444
 659.000       1.0031
 660.000       1.4412
 661.000       1.9057
