#Res             RMSF
 476.000       3.9132
 477.000       1.5692
 478.000       1.4928
 479.000       1.3991
 480.000       0.6273
 481.000       0.6670
 482.000       0.8310
 483.000       0.8270
 484.000       0.6248
 485.000       0.6385
 486.000       0.5312
 487.000       0.5580
 488.000       0.5454
 489.000       0.4257
 490.000       0.4154
 491.000       0.5030
 492.000       0.4729
 493.000       0.3878
 494.000       0.4152
 495.000       0.4613
 496.000       0.4576
 497.000       0.4759
 498.000       0.4167
 499.000       0.4733
 500.000       0.4348
 501.000       0.4504
 502.000       0.4665
 503.000       0.5506
 504.000       0.5634
 505.000       0.4526
 506.000       0.4635
 507.000       0.6036
 508.000       0.5393
 509.000       0.4415
 510.000       0.5132
 511.000       0.5318
 512.000       0.4534
 513.000       0.4314
 514.000       0.4727
 515.000       0.5038
 516.000       0.4737
 517.000       0.5063
 518.000       0.5634
 519.000       0.5305
 520.000       0.4151
 521.000       0.3938
 522.000       0.4688
 523.000       0.3909
 524.000       0.3726
 525.000       0.4083
 526.000       0.4338
 527.000       0.4017
 528.000       0.4041
 529.000       0.5139
 530.000       0.5842
 531.000       0.5496
 532.000       0.5781
 533.000       0.4902
 534.000       0.6681
 535.000       0.4721
 536.000       0.4230
 537.000       0.4415
 538.000       0.4070
 539.000       0.4006
 540.000       0.3521
 541.000       0.3457
 542.000       0.3609
 543.000       0.3753
 544.000       0.3876
 545.000       0.4115
 546.000       0.5171
 547.000       0.6641
 548.000       0.7506
 549.000       0.8557
 550.000       0.6798
 551.000       0.6415
 552.000       0.4690
 553.000       0.4972
 554.000       0.6000
 555.000       0.7192
 556.000       1.4771
 557.000       2.7134
