#Res             RMSF
 377.000       2.9830
 378.000       2.1170
 379.000       1.3101
 380.000       0.8659
 381.000       0.6275
 382.000       0.6287
 383.000       0.5699
 384.000       0.5825
 385.000       0.5430
 386.000       0.4926
 387.000       0.4561
 388.000       0.4619
 389.000       0.4795
 390.000       0.4598
 391.000       0.4059
 392.000       0.4765
 393.000       0.5026
 394.000       0.4554
 395.000       0.4424
 396.000       0.5113
 397.000       0.5456
 398.000       0.5450
 399.000       0.5327
 400.000       0.4848
 401.000       0.4433
 402.000       0.4832
 403.000       0.5731
 404.000       0.5175
 405.000       0.5517
 406.000       0.6074
 407.000       0.4592
 408.000       0.4350
 409.000       0.5039
 410.000       0.4803
 411.000       0.4126
 412.000       0.4726
 413.000       0.5375
 414.000       0.5145
 415.000       0.4970
 416.000       0.6477
 417.000       0.9987
 418.000       0.9390
 419.000       0.7670
 420.000       0.7710
 421.000       0.9623
 422.000       0.5667
 423.000       0.4933
 424.000       0.4888
 425.000       0.5920
 426.000       0.8172
 427.000       0.5189
 428.000       0.4069
 429.000       0.3835
 430.000       0.4400
 431.000       0.4244
 432.000       0.3793
 433.000       0.3443
 434.000       0.3908
 435.000       0.4156
 436.000       0.3676
 437.000       0.3512
 438.000       0.4200
 439.000       0.3940
 440.000       0.3683
 441.000       0.3481
 442.000       0.3726
 443.000       0.3197
 444.000       0.3115
 445.000       0.3736
 446.000       0.3612
 447.000       0.3218
 448.000       0.3361
 449.000       0.4367
 450.000       0.4405
 451.000       0.4478
 452.000       0.4350
 453.000       0.4649
 454.000       0.5717
 455.000       0.5606
 456.000       0.4725
 457.000       0.4980
 458.000       0.4058
 459.000       0.3583
 460.000       0.4288
 461.000       0.4847
 462.000       0.4467
 463.000       0.3513
 464.000       0.4367
 465.000       0.5246
 466.000       0.4427
 467.000       0.4009
 468.000       0.5604
 469.000       0.5588
 470.000       0.4465
 471.000       0.4785
 472.000       0.7034
 473.000       0.6777
 474.000       0.6412
 475.000       0.6012
