#Res             RMSF
 377.000       3.4078
 378.000       2.3694
 379.000       1.4209
 380.000       0.8635
 381.000       0.6260
 382.000       0.6223
 383.000       0.5784
 384.000       0.5789
 385.000       0.5457
 386.000       0.4826
 387.000       0.4556
 388.000       0.4653
 389.000       0.4861
 390.000       0.4420
 391.000       0.4043
 392.000       0.4848
 393.000       0.5016
 394.000       0.4674
 395.000       0.4604
 396.000       0.5343
 397.000       0.5699
 398.000       0.5936
 399.000       0.5907
 400.000       0.5212
 401.000       0.4478
 402.000       0.4732
 403.000       0.5703
 404.000       0.5178
 405.000       0.5498
 406.000       0.5872
 407.000       0.4538
 408.000       0.4530
 409.000       0.5198
 410.000       0.4867
 411.000       0.4598
 412.000       0.5246
 413.000       0.6028
 414.000       0.5998
 415.000       0.5803
 416.000       0.6986
 417.000       1.0247
 418.000       1.0188
 419.000       0.9238
 420.000       0.8990
 421.000       1.0484
 422.000       0.7020
 423.000       0.6451
 424.000       0.5411
 425.000       0.6090
 426.000       0.7554
 427.000       0.5381
 428.000       0.4280
 429.000       0.4100
 430.000       0.4454
 431.000       0.4282
 432.000       0.4013
 433.000       0.3796
 434.000       0.4239
 435.000       0.4424
 436.000       0.4236
 437.000       0.4172
 438.000       0.4774
 439.000       0.4783
 440.000       0.4388
 441.000       0.4166
 442.000       0.4688
 443.000       0.4178
 444.000       0.3680
 445.000       0.4236
 446.000       0.4396
 447.000       0.3762
 448.000       0.3814
 449.000       0.4702
 450.000       0.4566
 451.000       0.4545
 452.000       0.4639
 453.000       0.4978
 454.000       0.5714
 455.000       0.6002
 456.000       0.5002
 457.000       0.5364
 458.000       0.4317
 459.000       0.3924
 460.000       0.4591
 461.000       0.5148
 462.000       0.4898
 463.000       0.4073
 464.000       0.4925
 465.000       0.5681
 466.000       0.5248
 467.000       0.5331
 468.000       0.6335
 469.000       0.6874
 470.000       0.6245
 471.000       0.7475
 472.000       0.9754
 473.000       2.6681
 474.000       4.3019
 475.000       5.0006
