#Res             RMSF
 281.000       3.4595
 282.000       2.6137
 283.000       1.4029
 284.000       0.8937
 285.000       0.9981
 286.000       0.7653
 287.000       0.6088
 288.000       0.5167
 289.000       0.5066
 290.000       0.5316
 291.000       0.5407
 292.000       0.4991
 293.000       0.4676
 294.000       0.5466
 295.000       0.4905
 296.000       0.4842
 297.000       0.6190
 298.000       0.7112
 299.000       0.6874
 300.000       0.6724
 301.000       0.7633
 302.000       0.8243
 303.000       0.6164
 304.000       0.6003
 305.000       0.5029
 306.000       0.5781
 307.000       0.6688
 308.000       0.6959
 309.000       0.5370
 310.000       0.5111
 311.000       0.5795
 312.000       0.5171
 313.000       0.4574
 314.000       0.4741
 315.000       0.4983
 316.000       0.4694
 317.000       0.4505
 318.000       0.5145
 319.000       0.5055
 320.000       0.4637
 321.000       0.4397
 322.000       0.5066
 323.000       0.4820
 324.000       0.4537
 325.000       0.5318
 326.000       0.6201
 327.000       0.5953
 328.000       0.4713
 329.000       0.6442
 330.000       0.6997
 331.000       0.5796
 332.000       0.5858
 333.000       0.7039
 334.000       0.7153
 335.000       0.7725
 336.000       0.8722
 337.000       0.7407
 338.000       0.7326
 339.000       0.5828
 340.000       0.5053
 341.000       0.5406
 342.000       0.5916
 343.000       0.6397
 344.000       0.5337
 345.000       0.4460
 346.000       0.5404
 347.000       0.5549
 348.000       0.4995
 349.000       0.4417
 350.000       0.5436
 351.000       0.5938
 352.000       0.5662
 353.000       0.5512
 354.000       0.7343
 355.000       0.8694
 356.000       0.8589
 357.000       0.6241
 358.000       0.5243
 359.000       0.6265
 360.000       0.5641
 361.000       0.4908
 362.000       0.4934
 363.000       0.5528
 364.000       0.5208
 365.000       0.4932
 366.000       0.5839
 367.000       0.6231
 368.000       0.5455
 369.000       0.5952
 370.000       0.7108
 371.000       0.7164
 372.000       0.6698
 373.000       0.9000
 374.000       1.9163
 375.000       3.9346
 376.000       5.6156
