#Res             RMSF
 662.000       1.6105
 663.000       1.0403
 664.000       0.8633
 665.000       0.6296
 666.000       0.4327
 667.000       0.4456
 668.000       0.4479
 669.000       0.4233
 670.000       0.3951
 671.000       0.3915
 672.000       0.4652
 673.000       0.4317
 674.000       0.4082
 675.000       0.5652
 676.000       0.6652
 677.000       0.6020
 678.000       0.5577
 679.000       0.6648
 680.000       0.7780
 681.000       0.5651
 682.000       0.5206
 683.000       0.4278
 684.000       0.4760
 685.000       0.5631
 686.000       0.6002
 687.000       0.4560
 688.000       0.4501
 689.000       0.5019
 690.000       0.3949
 691.000       0.3426
 692.000       0.3809
 693.000       0.3903
 694.000       0.3401
 695.000       0.3708
 696.000       0.4245
 697.000       0.3841
 698.000       0.3479
 699.000       0.3321
 700.000       0.3990
 701.000       0.3669
 702.000       0.3194
 703.000       0.3983
 704.000       0.4569
 705.000       0.3774
 706.000       0.3416
 707.000       0.4036
 708.000       0.4159
 709.000       0.3411
 710.000       0.4259
 711.000       0.5206
 712.000       0.5644
 713.000       0.5944
 714.000       0.6353
 715.000       0.5597
 716.000       0.6085
 717.000       0.5369
 718.000       0.3936
 719.000       0.4113
 720.000       0.4228
 721.000       0.4177
 722.000       0.3519
 723.000       0.3586
 724.000       0.3916
 725.000       0.3554
 726.000       0.3360
 727.000       0.3866
 728.000       0.4894
 729.000       0.4825
 730.000       0.4801
 731.000       0.4519
 732.000       0.5861
 733.000       0.7590
 734.000       0.8505
 735.000       0.5784
 736.000       0.4454
 737.000       0.5767
 738.000       0.5012
 739.000       0.4263
 740.000       0.4101
 741.000       0.4197
 742.000       0.3948
 743.000       0.3941
 744.000       0.4458
 745.000       0.4561
 746.000       0.3909
 747.000       0.4388
 748.000       0.5516
 749.000       0.5291
 750.000       0.5308
 751.000       0.7821
 752.000       1.3922
 753.000       2.7511
