#Res             RMSF
 377.000       3.4357
 378.000       2.4002
 379.000       1.5163
 380.000       0.9762
 381.000       0.6938
 382.000       0.6655
 383.000       0.6955
 384.000       0.6026
 385.000       0.5710
 386.000       0.5531
 387.000       0.4922
 388.000       0.4967
 389.000       0.5327
 390.000       0.4586
 391.000       0.4144
 392.000       0.5083
 393.000       0.5204
 394.000       0.4694
 395.000       0.4725
 396.000       0.5642
 397.000       0.6019
 398.000       0.6285
 399.000       0.6321
 400.000       0.5366
 401.000       0.4602
 402.000       0.4936
 403.000       0.6142
 404.000       0.5382
 405.000       0.5775
 406.000       0.6095
 407.000       0.4562
 408.000       0.4590
 409.000       0.5500
 410.000       0.5228
 411.000       0.4687
 412.000       0.5382
 413.000       0.6396
 414.000       0.6449
 415.000       0.6170
 416.000       0.7311
 417.000       1.0344
 418.000       1.0241
 419.000       0.9508
 420.000       0.9450
 421.000       1.0698
 422.000       0.7066
 423.000       0.6544
 424.000       0.5446
 425.000       0.6182
 426.000       0.7551
 427.000       0.5424
 428.000       0.4369
 429.000       0.4026
 430.000       0.4373
 431.000       0.4419
 432.000       0.3883
 433.000       0.3604
 434.000       0.4188
 435.000       0.4467
 436.000       0.4317
 437.000       0.4371
 438.000       0.5021
 439.000       0.5212
 440.000       0.4742
 441.000       0.4608
 442.000       0.5293
 443.000       0.4951
 444.000       0.4339
 445.000       0.4802
 446.000       0.5033
 447.000       0.4610
 448.000       0.4529
 449.000       0.5329
 450.000       0.5470
 451.000       0.5297
 452.000       0.5604
 453.000       0.6042
 454.000       0.6606
 455.000       0.6892
 456.000       0.5733
 457.000       0.5687
 458.000       0.4833
 459.000       0.4556
 460.000       0.5670
 461.000       0.6400
 462.000       0.6692
 463.000       0.5609
 464.000       0.5942
 465.000       0.6950
 466.000       0.6660
 467.000       0.6503
 468.000       0.7279
 469.000       0.7986
 470.000       0.7698
 471.000       0.8333
 472.000       0.9371
 473.000       2.8994
 474.000       5.0778
 475.000       6.4160
