#Res             RMSF
 476.000       2.0436
 477.000       1.1556
 478.000       0.9705
 479.000       0.9222
 480.000       0.5680
 481.000       0.5680
 482.000       0.7941
 483.000       0.8270
 484.000       0.5872
 485.000       0.4851
 486.000       0.4535
 487.000       0.4819
 488.000       0.4790
 489.000       0.3630
 490.000       0.3426
 491.000       0.4561
 492.000       0.4478
 493.000       0.3500
 494.000       0.3495
 495.000       0.3952
 496.000       0.4286
 497.000       0.4277
 498.000       0.3768
 499.000       0.4436
 500.000       0.4119
 501.000       0.3875
 502.000       0.4180
 503.000       0.4885
 504.000       0.4764
 505.000       0.4290
 506.000       0.4104
 507.000       0.4714
 508.000       0.4653
 509.000       0.3567
 510.000       0.3776
 511.000       0.4555
 512.000       0.4353
 513.000       0.3977
 514.000       0.4374
 515.000       0.4680
 516.000       0.4119
 517.000       0.4168
 518.000       0.4982
 519.000       0.5464
 520.000       0.4493
 521.000       0.3890
 522.000       0.4419
 523.000       0.3705
 524.000       0.3155
 525.000       0.3265
 526.000       0.3663
 527.000       0.3466
 528.000       0.3447
 529.000       0.4481
 530.000       0.4929
 531.000       0.4949
 532.000       0.5529
 533.000       0.4380
 534.000       0.5867
 535.000       0.4004
 536.000       0.3630
 537.000       0.4030
 538.000       0.3784
 539.000       0.4046
 540.000       0.3366
 541.000       0.3274
 542.000       0.3635
 543.000       0.3660
 544.000       0.3365
 545.000       0.3821
 546.000       0.4752
 547.000       0.6249
 548.000       0.6984
 549.000       0.6605
 550.000       0.5257
 551.000       0.5074
 552.000       0.4417
 553.000       0.4712
 554.000       0.6215
 555.000       0.6593
 556.000       1.3706
 557.000       2.4827
