#Res             RMSF
   1.000       3.4441
   2.000       1.7961
   3.000       1.0534
   4.000       0.7082
   5.000       0.7136
   6.000       0.6050
   7.000       0.5944
   8.000       0.5976
   9.000       0.5295
  10.000       0.4664
  11.000       0.4974
  12.000       0.5415
  13.000       0.4740
  14.000       0.3902
  15.000       0.4877
  16.000       0.4926
  17.000       0.4632
  18.000       0.4508
  19.000       0.5403
  20.000       0.6066
  21.000       0.5775
  22.000       0.5544
  23.000       0.4812
  24.000       0.4398
  25.000       0.4567
  26.000       0.4899
  27.000       0.5012
  28.000       0.5061
  29.000       0.4617
  30.000       0.4172
  31.000       0.4542
  32.000       0.4728
  33.000       0.4437
  34.000       0.3872
  35.000       0.4250
  36.000       0.4746
  37.000       0.4818
  38.000       0.4624
  39.000       0.5793
  40.000       0.7702
  41.000       0.6810
  42.000       0.6469
  43.000       0.7696
  44.000       0.9548
  45.000       0.5059
  46.000       0.4902
  47.000       0.4808
  48.000       0.5328
  49.000       0.5913
  50.000       0.4773
  51.000       0.3795
  52.000       0.3762
  53.000       0.3891
  54.000       0.3707
  55.000       0.3621
  56.000       0.3352
  57.000       0.3550
  58.000       0.3656
  59.000       0.3681
  60.000       0.3500
  61.000       0.3906
  62.000       0.3913
  63.000       0.3796
  64.000       0.3486
  65.000       0.3877
  66.000       0.3441
  67.000       0.3276
  68.000       0.3379
  69.000       0.3299
  70.000       0.3154
  71.000       0.3327
  72.000       0.3695
  73.000       0.3532
  74.000       0.3778
  75.000       0.4234
  76.000       0.4259
  77.000       0.5124
  78.000       0.5784
  79.000       0.4464
  80.000       0.4702
  81.000       0.3696
  82.000       0.3320
  83.000       0.4022
  84.000       0.4410
  85.000       0.4366
  86.000       0.3445
  87.000       0.4055
  88.000       0.4692
  89.000       0.4081
  90.000       0.3858
  91.000       0.4362
  92.000       0.4867
  93.000       0.4673
  94.000       0.4769
  95.000       0.6203
  96.000       0.9072
  97.000       1.6473
