#Res             RMSF
 176.000       1.6694
 177.000       1.2536
 178.000       0.8014
 179.000       0.5261
 180.000       0.5058
 181.000       0.6855
 182.000       0.7092
 183.000       0.5481
 184.000       0.6136
 185.000       0.4554
 186.000       0.4915
 187.000       0.4106
 188.000       0.4656
 189.000       0.4041
 190.000       0.5017
 191.000       0.4575
 192.000       0.4020
 193.000       0.3756
 194.000       0.4334
 195.000       0.4957
 196.000       0.5129
 197.000       0.6060
 198.000       0.7346
 199.000       0.6711
 200.000       0.9196
 201.000       0.5430
 202.000       0.5993
 203.000       0.6636
 204.000       0.5562
 205.000       0.4882
 206.000       0.5607
 207.000       0.6133
 208.000       0.4892
 209.000       0.3976
 210.000       0.3617
 211.000       0.3916
 212.000       0.4181
 213.000       0.3949
 214.000       0.3730
 215.000       0.3924
 216.000       0.4068
 217.000       0.4005
 218.000       0.3788
 219.000       0.3867
 220.000       0.4237
 221.000       0.4030
 222.000       0.4548
 223.000       0.4836
 224.000       0.4318
 225.000       0.4376
 226.000       0.5353
 227.000       0.5485
 228.000       0.4417
 229.000       0.4784
 230.000       0.5842
 231.000       0.5787
 232.000       0.5154
 233.000       0.7180
 234.000       0.8895
 235.000       0.8691
 236.000       0.8836
 237.000       0.6392
 238.000       0.6129
 239.000       0.4910
 240.000       0.3893
 241.000       0.4537
 242.000       0.4969
 243.000       0.5207
 244.000       0.4514
 245.000       0.4622
 246.000       0.6075
 247.000       0.7051
 248.000       0.6331
 249.000       0.6592
 250.000       0.8733
 251.000       1.1032
 252.000       0.9321
 253.000       1.0003
 254.000       0.7992
 255.000       0.7024
 256.000       0.7724
 257.000       0.7889
 258.000       0.7800
 259.000       0.7920
 260.000       1.3348
 261.000       1.0074
 262.000       0.6557
 263.000       0.5269
 264.000       0.5303
 265.000       0.5750
 266.000       0.5275
 267.000       0.5815
 268.000       0.6715
 269.000       0.7076
 270.000       0.8007
 271.000       0.7444
 272.000       0.8230
 273.000       0.8760
 274.000       0.8316
 275.000       0.9219
 276.000       0.8750
 277.000       0.8245
 278.000       0.9954
 279.000       1.3491
 280.000       2.0958
