#Res             RMSF
 558.000       1.5931
 559.000       0.9315
 560.000       0.6569
 561.000       0.5177
 562.000       0.6858
 563.000       0.7193
 564.000       0.5847
 565.000       0.6662
 566.000       0.4597
 567.000       0.4733
 568.000       0.3963
 569.000       0.4410
 570.000       0.3823
 571.000       0.4716
 572.000       0.4213
 573.000       0.3792
 574.000       0.3795
 575.000       0.4579
 576.000       0.4529
 577.000       0.4901
 578.000       0.5982
 579.000       0.7490
 580.000       0.7693
 581.000       1.0734
 582.000       0.7064
 583.000       0.7064
 584.000       0.8355
 585.000       0.7222
 586.000       0.5252
 587.000       0.5746
 588.000       0.7249
 589.000       0.5472
 590.000       0.3970
 591.000       0.3696
 592.000       0.4075
 593.000       0.4296
 594.000       0.4134
 595.000       0.3684
 596.000       0.3893
 597.000       0.4065
 598.000       0.4042
 599.000       0.3769
 600.000       0.4272
 601.000       0.4591
 602.000       0.4409
 603.000       0.4852
 604.000       0.5079
 605.000       0.4445
 606.000       0.4275
 607.000       0.4858
 608.000       0.5076
 609.000       0.4276
 610.000       0.4603
 611.000       0.5408
 612.000       0.5434
 613.000       0.4668
 614.000       0.6516
 615.000       0.7862
 616.000       0.7139
 617.000       0.7749
 618.000       0.5889
 619.000       0.5825
 620.000       0.4924
 621.000       0.3784
 622.000       0.3860
 623.000       0.3954
 624.000       0.4019
 625.000       0.4043
 626.000       0.4219
 627.000       0.5129
 628.000       0.5910
 629.000       0.5891
 630.000       0.8087
 631.000       1.0843
 632.000       1.1130
 633.000       0.9682
 634.000       0.9683
 635.000       0.8231
 636.000       0.7565
 637.000       0.8726
 638.000       0.8430
 639.000       0.7352
 640.000       0.6937
 641.000       1.1992
 642.000       1.0568
 643.000       0.5869
 644.000       0.5593
 645.000       0.4877
 646.000       0.5299
 647.000       0.5092
 648.000       0.5318
 649.000       0.6767
 650.000       0.5910
 651.000       0.7536
 652.000       0.7643
 653.000       0.8183
 654.000       0.7811
 655.000       0.8145
 656.000       0.9337
 657.000       0.9243
 658.000       0.8266
 659.000       0.9868
 660.000       1.4018
 661.000       2.0274
