#Res             RMSF
 377.000       3.7061
 378.000       2.5148
 379.000       1.4786
 380.000       0.8177
 381.000       0.5998
 382.000       0.6116
 383.000       0.5825
 384.000       0.5716
 385.000       0.5415
 386.000       0.4733
 387.000       0.4556
 388.000       0.4587
 389.000       0.4928
 390.000       0.4267
 391.000       0.3903
 392.000       0.4700
 393.000       0.4735
 394.000       0.4465
 395.000       0.4396
 396.000       0.5186
 397.000       0.5589
 398.000       0.6017
 399.000       0.6082
 400.000       0.5201
 401.000       0.4233
 402.000       0.4277
 403.000       0.5302
 404.000       0.5151
 405.000       0.5409
 406.000       0.5519
 407.000       0.4229
 408.000       0.4353
 409.000       0.4701
 410.000       0.4137
 411.000       0.3926
 412.000       0.4331
 413.000       0.4928
 414.000       0.5002
 415.000       0.5211
 416.000       0.6243
 417.000       0.8231
 418.000       0.7876
 419.000       0.7169
 420.000       0.7646
 421.000       0.8472
 422.000       0.5752
 423.000       0.5582
 424.000       0.5357
 425.000       0.6039
 426.000       0.6557
 427.000       0.5516
 428.000       0.4343
 429.000       0.4139
 430.000       0.4498
 431.000       0.4178
 432.000       0.3884
 433.000       0.3808
 434.000       0.4211
 435.000       0.4460
 436.000       0.4370
 437.000       0.4075
 438.000       0.4730
 439.000       0.5072
 440.000       0.4532
 441.000       0.4310
 442.000       0.5082
 443.000       0.4537
 444.000       0.3797
 445.000       0.4314
 446.000       0.4631
 447.000       0.3896
 448.000       0.3862
 449.000       0.4684
 450.000       0.4547
 451.000       0.4540
 452.000       0.4826
 453.000       0.5192
 454.000       0.5540
 455.000       0.6152
 456.000       0.5111
 457.000       0.5429
 458.000       0.4450
 459.000       0.4156
 460.000       0.4757
 461.000       0.5303
 462.000       0.4892
 463.000       0.4211
 464.000       0.4984
 465.000       0.5305
 466.000       0.4875
 467.000       0.5280
 468.000       0.5928
 469.000       0.6704
 470.000       0.6992
 471.000       0.7737
 472.000       1.0458
 473.000       2.5584
 474.000       4.3706
 475.000       5.4150
