#Res             RMSF
  98.000       1.2174
  99.000       0.7064
 100.000       0.7275
 101.000       0.6958
 102.000       0.5099
 103.000       0.5140
 104.000       0.4508
 105.000       0.4539
 106.000       0.4995
 107.000       0.3993
 108.000       0.3456
 109.000       0.4140
 110.000       0.4312
 111.000       0.3705
 112.000       0.3754
 113.000       0.3964
 114.000       0.4376
 115.000       0.4600
 116.000       0.4041
 117.000       0.4694
 118.000       0.4377
 119.000       0.4030
 120.000       0.4232
 121.000       0.5361
 122.000       0.5365
 123.000       0.4502
 124.000       0.4343
 125.000       0.5518
 126.000       0.5265
 127.000       0.3589
 128.000       0.4097
 129.000       0.5028
 130.000       0.4991
 131.000       0.4546
 132.000       0.4898
 133.000       0.5171
 134.000       0.4547
 135.000       0.4545
 136.000       0.4561
 137.000       0.4750
 138.000       0.3945
 139.000       0.3346
 140.000       0.3841
 141.000       0.3387
 142.000       0.3329
 143.000       0.3397
 144.000       0.3888
 145.000       0.3680
 146.000       0.3540
 147.000       0.4598
 148.000       0.5122
 149.000       0.5346
 150.000       0.5823
 151.000       0.4897
 152.000       0.5706
 153.000       0.4327
 154.000       0.3836
 155.000       0.4236
 156.000       0.4568
 157.000       0.4550
 158.000       0.3765
 159.000       0.3676
 160.000       0.4192
 161.000       0.4228
 162.000       0.3903
 163.000       0.4310
 164.000       0.5264
 165.000       0.7112
 166.000       0.7994
 167.000       0.8172
 168.000       0.6373
 169.000       0.5287
 170.000       0.4364
 171.000       0.4361
 172.000       0.6063
 173.000       0.8002
 174.000       1.8322
 175.000       3.4237
