#Res             RMSF
 281.000       1.7995
 282.000       1.1662
 283.000       1.0020
 284.000       0.8761
 285.000       0.9941
 286.000       0.7380
 287.000       0.5593
 288.000       0.4455
 289.000       0.4545
 290.000       0.4853
 291.000       0.5076
 292.000       0.4472
 293.000       0.4502
 294.000       0.5400
 295.000       0.4809
 296.000       0.4740
 297.000       0.6163
 298.000       0.7110
 299.000       0.6922
 300.000       0.7835
 301.000       0.7984
 302.000       0.7476
 303.000       0.5843
 304.000       0.5854
 305.000       0.4814
 306.000       0.5462
 307.000       0.6651
 308.000       0.6894
 309.000       0.5152
 310.000       0.4987
 311.000       0.5537
 312.000       0.4651
 313.000       0.3997
 314.000       0.4302
 315.000       0.4445
 316.000       0.4007
 317.000       0.3773
 318.000       0.4297
 319.000       0.4262
 320.000       0.4274
 321.000       0.3647
 322.000       0.4197
 323.000       0.4244
 324.000       0.3514
 325.000       0.3853
 326.000       0.4194
 327.000       0.3711
 328.000       0.3673
 329.000       0.3814
 330.000       0.4366
 331.000       0.4529
 332.000       0.4760
 333.000       0.5159
 334.000       0.5512
 335.000       0.6278
 336.000       0.6842
 337.000       0.6138
 338.000       0.6103
 339.000       0.5365
 340.000       0.4634
 341.000       0.4844
 342.000       0.4842
 343.000       0.4829
 344.000       0.4136
 345.000       0.3808
 346.000       0.4402
 347.000       0.4208
 348.000       0.3701
 349.000       0.4184
 350.000       0.4892
 351.000       0.4793
 352.000       0.4604
 353.000       0.4738
 354.000       0.5997
 355.000       0.7346
 356.000       0.7465
 357.000       0.5266
 358.000       0.4975
 359.000       0.6088
 360.000       0.5299
 361.000       0.4763
 362.000       0.4697
 363.000       0.5383
 364.000       0.4950
 365.000       0.4447
 366.000       0.5484
 367.000       0.5795
 368.000       0.5214
 369.000       0.5835
 370.000       0.6684
 371.000       0.6666
 372.000       0.6816
 373.000       0.8810
 374.000       2.1495
 375.000       3.5799
 376.000       5.5907
