#Res             RMSF
 558.000       1.5096
 559.000       0.9419
 560.000       0.6949
 561.000       0.5540
 562.000       0.7162
 563.000       0.7099
 564.000       0.5790
 565.000       0.6521
 566.000       0.4765
 567.000       0.4980
 568.000       0.4263
 569.000       0.4874
 570.000       0.4180
 571.000       0.5272
 572.000       0.4535
 573.000       0.3891
 574.000       0.3941
 575.000       0.4629
 576.000       0.4813
 577.000       0.5197
 578.000       0.6451
 579.000       0.7866
 580.000       0.8146
 581.000       1.0660
 582.000       0.7287
 583.000       0.7582
 584.000       0.8899
 585.000       0.7849
 586.000       0.5839
 587.000       0.5860
 588.000       0.7136
 589.000       0.5373
 590.000       0.3885
 591.000       0.3557
 592.000       0.3912
 593.000       0.4092
 594.000       0.4007
 595.000       0.3638
 596.000       0.3913
 597.000       0.4219
 598.000       0.4243
 599.000       0.4035
 600.000       0.4438
 601.000       0.4647
 602.000       0.4428
 603.000       0.4859
 604.000       0.5134
 605.000       0.4521
 606.000       0.4357
 607.000       0.5075
 608.000       0.5152
 609.000       0.4317
 610.000       0.4766
 611.000       0.5685
 612.000       0.5413
 613.000       0.4817
 614.000       0.6843
 615.000       0.7887
 616.000       0.7361
 617.000       0.7874
 618.000       0.5988
 619.000       0.6127
 620.000       0.4922
 621.000       0.3828
 622.000       0.3937
 623.000       0.4146
 624.000       0.4315
 625.000       0.4199
 626.000       0.4272
 627.000       0.5227
 628.000       0.6352
 629.000       0.6081
 630.000       0.6973
 631.000       0.9338
 632.000       1.0846
 633.000       0.9539
 634.000       1.0204
 635.000       0.8918
 636.000       0.7618
 637.000       0.8176
 638.000       0.8644
 639.000       0.7269
 640.000       0.6361
 641.000       0.9966
 642.000       0.8773
 643.000       0.5908
 644.000       0.5364
 645.000       0.4866
 646.000       0.5253
 647.000       0.5165
 648.000       0.5242
 649.000       0.6679
 650.000       0.5951
 651.000       0.7700
 652.000       0.7710
 653.000       0.8133
 654.000       0.7992
 655.000       0.8307
 656.000       0.9532
 657.000       0.9262
 658.000       0.8418
 659.000       1.0016
 660.000       1.4310
 661.000       1.9787
