#Res             RMSF
 176.000       1.8275
 177.000       1.3443
 178.000       0.8826
 179.000       0.6046
 180.000       0.5236
 181.000       0.6804
 182.000       0.6950
 183.000       0.5793
 184.000       0.6345
 185.000       0.4911
 186.000       0.5169
 187.000       0.4383
 188.000       0.4921
 189.000       0.4273
 190.000       0.5570
 191.000       0.5008
 192.000       0.4311
 193.000       0.4155
 194.000       0.4896
 195.000       0.5520
 196.000       0.5473
 197.000       0.6736
 198.000       0.9117
 199.000       1.0759
 200.000       1.1525
 201.000       1.0703
 202.000       0.6645
 203.000       0.7254
 204.000       0.5854
 205.000       0.5082
 206.000       0.5480
 207.000       0.5959
 208.000       0.4926
 209.000       0.3949
 210.000       0.3634
 211.000       0.3850
 212.000       0.4077
 213.000       0.3926
 214.000       0.3859
 215.000       0.4034
 216.000       0.4212
 217.000       0.4258
 218.000       0.4088
 219.000       0.4308
 220.000       0.4517
 221.000       0.4326
 222.000       0.4828
 223.000       0.5340
 224.000       0.4645
 225.000       0.4545
 226.000       0.5311
 227.000       0.5299
 228.000       0.4617
 229.000       0.4944
 230.000       0.5979
 231.000       0.5954
 232.000       0.5467
 233.000       0.7460
 234.000       0.9013
 235.000       0.8739
 236.000       0.8866
 237.000       0.6756
 238.000       0.6622
 239.000       0.5176
 240.000       0.4171
 241.000       0.4566
 242.000       0.4844
 243.000       0.5076
 244.000       0.4713
 245.000       0.4754
 246.000       0.5903
 247.000       0.7327
 248.000       0.7192
 249.000       0.6972
 250.000       0.8776
 251.000       1.1299
 252.000       1.0222
 253.000       1.0325
 254.000       0.8474
 255.000       0.7959
 256.000       0.8734
 257.000       0.8827
 258.000       0.7970
 259.000       0.7610
 260.000       1.3464
 261.000       1.9502
 262.000       1.0251
 263.000       0.6736
 264.000       0.5442
 265.000       0.6163
 266.000       0.5519
 267.000       0.5796
 268.000       0.6688
 269.000       0.6818
 270.000       0.8134
 271.000       0.7463
 272.000       0.8494
 273.000       0.8914
 274.000       0.9007
 275.000       1.0262
 276.000       1.0188
 277.000       0.9375
 278.000       1.0768
 279.000       1.4140
 280.000       2.1761
