#Res             RMSF
  98.000       1.2007
  99.000       0.7079
 100.000       0.7532
 101.000       0.7519
 102.000       0.5363
 103.000       0.5327
 104.000       0.4816
 105.000       0.4441
 106.000       0.4806
 107.000       0.3874
 108.000       0.3325
 109.000       0.3927
 110.000       0.4104
 111.000       0.3709
 112.000       0.3840
 113.000       0.4076
 114.000       0.4340
 115.000       0.4483
 116.000       0.3946
 117.000       0.4497
 118.000       0.4179
 119.000       0.3919
 120.000       0.4173
 121.000       0.5288
 122.000       0.5084
 123.000       0.4297
 124.000       0.4330
 125.000       0.5234
 126.000       0.4997
 127.000       0.3731
 128.000       0.4219
 129.000       0.4901
 130.000       0.4652
 131.000       0.4449
 132.000       0.4701
 133.000       0.5073
 134.000       0.4524
 135.000       0.4548
 136.000       0.4678
 137.000       0.5109
 138.000       0.4105
 139.000       0.3473
 140.000       0.3858
 141.000       0.3391
 142.000       0.3253
 143.000       0.3369
 144.000       0.3794
 145.000       0.3643
 146.000       0.3648
 147.000       0.4624
 148.000       0.5059
 149.000       0.5336
 150.000       0.5803
 151.000       0.5117
 152.000       0.5923
 153.000       0.4578
 154.000       0.3929
 155.000       0.4332
 156.000       0.4527
 157.000       0.4568
 158.000       0.3605
 159.000       0.3633
 160.000       0.4258
 161.000       0.4190
 162.000       0.3784
 163.000       0.4263
 164.000       0.5205
 165.000       0.7068
 166.000       0.8568
 167.000       0.8469
 168.000       0.5832
 169.000       0.5514
 170.000       0.4506
 171.000       0.4662
 172.000       0.6277
 173.000       0.7850
 174.000       1.7065
 175.000       3.4638
