#Res             RMSF
  98.000       1.1677
  99.000       0.7034
 100.000       0.7733
 101.000       0.7964
 102.000       0.5608
 103.000       0.5500
 104.000       0.5083
 105.000       0.4326
 106.000       0.4589
 107.000       0.3731
 108.000       0.3161
 109.000       0.3665
 110.000       0.3852
 111.000       0.3683
 112.000       0.3896
 113.000       0.4130
 114.000       0.4256
 115.000       0.4335
 116.000       0.3821
 117.000       0.4214
 118.000       0.3849
 119.000       0.3735
 120.000       0.3944
 121.000       0.5110
 122.000       0.4709
 123.000       0.3963
 124.000       0.4230
 125.000       0.4780
 126.000       0.4551
 127.000       0.3801
 128.000       0.4259
 129.000       0.4697
 130.000       0.4214
 131.000       0.4287
 132.000       0.4414
 133.000       0.4872
 134.000       0.4244
 135.000       0.4329
 136.000       0.4703
 137.000       0.5157
 138.000       0.3932
 139.000       0.3573
 140.000       0.3813
 141.000       0.3340
 142.000       0.3181
 143.000       0.3265
 144.000       0.3550
 145.000       0.3551
 146.000       0.3682
 147.000       0.4452
 148.000       0.4921
 149.000       0.5352
 150.000       0.5668
 151.000       0.5193
 152.000       0.6043
 153.000       0.4693
 154.000       0.3928
 155.000       0.4280
 156.000       0.4282
 157.000       0.4293
 158.000       0.3305
 159.000       0.3401
 160.000       0.3933
 161.000       0.3983
 162.000       0.3512
 163.000       0.3893
 164.000       0.4685
 165.000       0.5665
 166.000       0.5756
 167.000       0.4647
 168.000       0.4003
 169.000       0.4519
 170.000       0.4320
 171.000       0.4603
 172.000       0.6098
 173.000       0.7641
 174.000       1.5125
 175.000       3.3796
