#Res             RMSF
 281.000       4.0999
 282.000       2.9351
 283.000       1.4538
 284.000       0.8576
 285.000       0.9421
 286.000       0.6817
 287.000       0.5737
 288.000       0.4689
 289.000       0.4752
 290.000       0.4911
 291.000       0.4832
 292.000       0.4401
 293.000       0.4022
 294.000       0.4850
 295.000       0.4520
 296.000       0.4413
 297.000       0.5629
 298.000       0.6838
 299.000       0.6276
 300.000       0.5557
 301.000       0.6645
 302.000       0.7814
 303.000       0.5615
 304.000       0.5325
 305.000       0.4841
 306.000       0.5575
 307.000       0.6365
 308.000       0.6487
 309.000       0.4988
 310.000       0.4828
 311.000       0.5485
 312.000       0.5000
 313.000       0.4346
 314.000       0.4652
 315.000       0.4868
 316.000       0.4484
 317.000       0.4316
 318.000       0.5567
 319.000       0.5377
 320.000       0.4435
 321.000       0.4422
 322.000       0.5153
 323.000       0.4789
 324.000       0.4327
 325.000       0.5030
 326.000       0.5423
 327.000       0.5428
 328.000       0.4338
 329.000       0.5798
 330.000       0.6514
 331.000       0.5384
 332.000       0.6150
 333.000       0.7883
 334.000       0.8248
 335.000       0.8678
 336.000       0.9880
 337.000       0.7838
 338.000       0.6298
 339.000       0.5755
 340.000       0.4797
 341.000       0.4950
 342.000       0.5121
 343.000       0.5763
 344.000       0.5278
 345.000       0.4341
 346.000       0.4541
 347.000       0.4978
 348.000       0.4959
 349.000       0.4462
 350.000       0.5084
 351.000       0.5837
 352.000       0.5800
 353.000       0.6065
 354.000       0.8031
 355.000       0.9754
 356.000       0.8759
 357.000       0.5978
 358.000       0.5110
 359.000       0.5729
 360.000       0.5020
 361.000       0.4590
 362.000       0.4337
 363.000       0.4656
 364.000       0.4480
 365.000       0.4470
 366.000       0.5207
 367.000       0.5443
 368.000       0.4691
 369.000       0.5402
 370.000       0.6491
 371.000       0.6339
 372.000       0.5953
 373.000       0.7793
 374.000       0.9167
 375.000       1.7744
 376.000       3.3616
