0 1
1 2
2 1
3 0
4 1
5 1
6 1
7 2
8 0
9 0
10 0
11 2
12 0
13 2
14 2
15 2
16 1
17 2
18 3
19 3
20 1
21 0
22 2
23 1
24 1
25 1
26 5
27 0
28 0
29 2
30 1
31 2
32 1
33 3
34 1
35 0
36 0
37 1
38 0
39 0
40 1
41 1
42 1
43 3
44 2
45 1
46 0
47 0
48 1
49 1
50 2
51 0
52 2
53 1
54 1
55 1
56 1
57 1
58 2
59 0
60 2
61 1
62 1
63 1
64 1
65 2
66 0
67 0
68 1
69 0
70 0
71 1
72 1
73 1
74 1
75 1
76 2
77 2
78 2
79 1
80 1
81 2
82 1
83 0
84 0
85 2
86 0
87 0
88 3
89 0
90 0
91 1
92 1
93 1
94 2
95 0
96 1
97 0
98 0
99 1
100 1
101 1
102 1
103 1
104 2
105 2
106 0
107 2
108 1
109 0
110 1
111 1
112 1
113 1
114 2
115 0
116 2
117 0
118 2
119 0
120 2
121 1
122 1
123 2
124 2
125 0
126 2
127 1
128 2
129 0
130 1
131 2
132 1
133 0
134 1
135 1
136 1
137 2
138 1
139 1
140 0
141 4
142 1
143 2
144 3
145 2
146 0
147 1
148 2
149 1
150 2
151 0
152 0
153 2
154 1
155 1
156 0
157 2
158 1
159 3
160 0
161 1
162 1
163 2
164 0
165 2
166 2
167 1
168 2
169 1
170 1
171 1
172 1
173 0
174 1
175 1
176 0
177 1
178 1
179 1
180 1
181 0
182 1
183 1
184 1
185 4
186 1
187 0
188 0
189 1
190 1
191 1
192 1
193 1
194 1
195 2
196 1
197 2
198 1
199 0
200 2
201 2
202 1
203 1
204 2
205 2
206 2
207 2
208 2
209 0
210 0
211 1
212 1
213 1
214 1
215 2
216 2
217 1
218 1
219 1
220 0
221 0
222 0
223 1
224 0
225 1
226 0
227 2
228 0
229 1
230 2
231 1
232 1
233 1
234 1
235 1
236 1
237 1
238 1
239 1
240 0
241 0
242 1
243 1
244 1
245 2
246 0
247 1
248 1
249 1
250 1
251 1
252 2
253 0
254 0
255 2
256 2
257 1
258 1
259 2
260 2
261 2
262 1
263 0
264 0
265 0
266 1
267 3
268 0
269 0
270 1
271 0
272 2
273 1
274 4
275 1
276 0
277 0
278 3
279 0
280 2
281 1
282 0
283 0
284 3
285 0
286 1
287 0
288 0
289 2
290 1
291 0
292 1
293 1
294 1
295 0
296 1
297 0
298 2
299 0
300 0
301 2
302 1
303 0
304 2
305 1
306 1
307 3
308 0
309 2
310 2
311 1
312 1
313 1
314 2
315 2
316 0
317 2
318 1
319 1
320 2
321 1
322 0
323 1
324 1
325 2
326 2
327 1
328 1
329 1
330 0
331 1
332 2
333 2
334 0
335 0
336 1
337 0
338 0
339 2
340 0
341 0
342 1
343 1
344 1
345 0
346 2
347 1
348 1
349 2
350 3
351 1
352 1
353 1
354 1
355 1
356 1
357 0
358 0
359 0
360 0
361 2
362 2
363 1
364 2
365 1
366 1
367 1
368 2
369 1
370 1
371 1
372 1
373 0
374 0
375 1
376 1
377 1
378 1
379 1
380 1
381 2
382 1
383 1
384 2
385 2
386 0
387 1
388 2
389 0
390 0
391 0
392 2
393 2
394 0
395 1
396 1
397 0
398 2
399 1
400 0
