#Res             RMSF
 558.000       1.2003
 559.000       0.7281
 560.000       0.5369
 561.000       0.5045
 562.000       0.6494
 563.000       0.6762
 564.000       0.5484
 565.000       0.5785
 566.000       0.4452
 567.000       0.4519
 568.000       0.4099
 569.000       0.4681
 570.000       0.4163
 571.000       0.5124
 572.000       0.4797
 573.000       0.4087
 574.000       0.3728
 575.000       0.4446
 576.000       0.4741
 577.000       0.4849
 578.000       0.5640
 579.000       0.7054
 580.000       0.8164
 581.000       0.6173
 582.000       0.5341
 583.000       0.5683
 584.000       0.5875
 585.000       0.5044
 586.000       0.4648
 587.000       0.5373
 588.000       0.6250
 589.000       0.4750
 590.000       0.3785
 591.000       0.3634
 592.000       0.3793
 593.000       0.3773
 594.000       0.3629
 595.000       0.3556
 596.000       0.3749
 597.000       0.4057
 598.000       0.3711
 599.000       0.3664
 600.000       0.3957
 601.000       0.4144
 602.000       0.4072
 603.000       0.4527
 604.000       0.4997
 605.000       0.4520
 606.000       0.4470
 607.000       0.5378
 608.000       0.5475
 609.000       0.4947
 610.000       0.5281
 611.000       0.6278
 612.000       0.6434
 613.000       0.5913
 614.000       0.7303
 615.000       0.8424
 616.000       0.8479
 617.000       0.8791
 618.000       0.7487
 619.000       0.6936
 620.000       0.5777
 621.000       0.4724
 622.000       0.4917
 623.000       0.5453
 624.000       0.5650
 625.000       0.4935
 626.000       0.4981
 627.000       0.5758
 628.000       0.6201
 629.000       0.6495
 630.000       0.7650
 631.000       0.9090
 632.000       0.9118
 633.000       0.9878
 634.000       1.0048
 635.000       0.9313
 636.000       0.7766
 637.000       0.8266
 638.000       0.8935
 639.000       0.7368
 640.000       0.6612
 641.000       1.0995
 642.000       0.9638
 643.000       0.5510
 644.000       0.5531
 645.000       0.5993
 646.000       0.8526
 647.000       0.7394
 648.000       0.8667
 649.000       0.9868
 650.000       1.1334
 651.000       0.9369
 652.000       0.8096
 653.000       0.9739
 654.000       0.9054
 655.000       0.9240
 656.000       1.1075
 657.000       1.1121
 658.000       0.9787
 659.000       1.1243
 660.000       1.5254
 661.000       2.3155
