#Res             RMSF
 176.000       2.3817
 177.000       1.4775
 178.000       0.9216
 179.000       0.5992
 180.000       0.5201
 181.000       0.6953
 182.000       0.7035
 183.000       0.5849
 184.000       0.6543
 185.000       0.5335
 186.000       0.6053
 187.000       0.5288
 188.000       0.5963
 189.000       0.4735
 190.000       0.5480
 191.000       0.5275
 192.000       0.4725
 193.000       0.4648
 194.000       0.5429
 195.000       0.5848
 196.000       0.5949
 197.000       0.7431
 198.000       0.8689
 199.000       0.8340
 200.000       0.7363
 201.000       0.5694
 202.000       0.5651
 203.000       0.6421
 204.000       0.5459
 205.000       0.4863
 206.000       0.5743
 207.000       0.6269
 208.000       0.5134
 209.000       0.4034
 210.000       0.3414
 211.000       0.3717
 212.000       0.4034
 213.000       0.3909
 214.000       0.3857
 215.000       0.4185
 216.000       0.4369
 217.000       0.4499
 218.000       0.4462
 219.000       0.4456
 220.000       0.4553
 221.000       0.4324
 222.000       0.4856
 223.000       0.5363
 224.000       0.4687
 225.000       0.4554
 226.000       0.5121
 227.000       0.4907
 228.000       0.4554
 229.000       0.5161
 230.000       0.6294
 231.000       0.6324
 232.000       0.5809
 233.000       0.7628
 234.000       0.8956
 235.000       0.8988
 236.000       0.9402
 237.000       0.6936
 238.000       0.6678
 239.000       0.5086
 240.000       0.4275
 241.000       0.4354
 242.000       0.4400
 243.000       0.4356
 244.000       0.4133
 245.000       0.4144
 246.000       0.4241
 247.000       0.4827
 248.000       0.5499
 249.000       0.5697
 250.000       0.7900
 251.000       1.1901
 252.000       1.0912
 253.000       1.3568
 254.000       1.4288
 255.000       1.1515
 256.000       0.8561
 257.000       1.1730
 258.000       1.1437
 259.000       0.9101
 260.000       1.7522
 261.000       0.9380
 262.000       0.5416
 263.000       0.4912
 264.000       0.5227
 265.000       0.5165
 266.000       0.4980
 267.000       0.5175
 268.000       0.5416
 269.000       0.5130
 270.000       0.6133
 271.000       0.6444
 272.000       0.7573
 273.000       0.7706
 274.000       0.8345
 275.000       0.9616
 276.000       0.9214
 277.000       0.8327
 278.000       0.9978
 279.000       1.2868
 280.000       1.8563
