#Res             RMSF
  98.000       2.2486
  99.000       1.4429
 100.000       1.1935
 101.000       1.4394
 102.000       0.5408
 103.000       0.4512
 104.000       0.4446
 105.000       0.4530
 106.000       0.4066
 107.000       0.3392
 108.000       0.3621
 109.000       0.4478
 110.000       0.4417
 111.000       0.3760
 112.000       0.4124
 113.000       0.4684
 114.000       0.4684
 115.000       0.4743
 116.000       0.3981
 117.000       0.4467
 118.000       0.4081
 119.000       0.3924
 120.000       0.4218
 121.000       0.4753
 122.000       0.4526
 123.000       0.3827
 124.000       0.3837
 125.000       0.4942
 126.000       0.4378
 127.000       0.3823
 128.000       0.4124
 129.000       0.4800
 130.000       0.4498
 131.000       0.4339
 132.000       0.4784
 133.000       0.4933
 134.000       0.4595
 135.000       0.4810
 136.000       0.4975
 137.000       0.4735
 138.000       0.3951
 139.000       0.3529
 140.000       0.3888
 141.000       0.3312
 142.000       0.3448
 143.000       0.3606
 144.000       0.3661
 145.000       0.3719
 146.000       0.4040
 147.000       0.4667
 148.000       0.5267
 149.000       0.6396
 150.000       0.6864
 151.000       0.6825
 152.000       0.7211
 153.000       0.5462
 154.000       0.4753
 155.000       0.5329
 156.000       0.5737
 157.000       0.5543
 158.000       0.4188
 159.000       0.4253
 160.000       0.5020
 161.000       0.4488
 162.000       0.3956
 163.000       0.4788
 164.000       0.5818
 165.000       0.5839
 166.000       0.7068
 167.000       1.0456
 168.000       0.7963
 169.000       0.7093
 170.000       0.6850
 171.000       0.6278
 172.000       0.7360
 173.000       1.6644
 174.000       3.0327
 175.000       4.2974
