#Res             RMSF
 176.000       2.0631
 177.000       1.3139
 178.000       0.8601
 179.000       0.6064
 180.000       0.5259
 181.000       0.6781
 182.000       0.6590
 183.000       0.5448
 184.000       0.6181
 185.000       0.5104
 186.000       0.5907
 187.000       0.5253
 188.000       0.6098
 189.000       0.5009
 190.000       0.5726
 191.000       0.5626
 192.000       0.5110
 193.000       0.4979
 194.000       0.5949
 195.000       0.6840
 196.000       0.6920
 197.000       0.7800
 198.000       0.9583
 199.000       0.8870
 200.000       0.8273
 201.000       0.6438
 202.000       0.6331
 203.000       0.6934
 204.000       0.5676
 205.000       0.5034
 206.000       0.5836
 207.000       0.6127
 208.000       0.5055
 209.000       0.4047
 210.000       0.3569
 211.000       0.3820
 212.000       0.4139
 213.000       0.4013
 214.000       0.3961
 215.000       0.4213
 216.000       0.4323
 217.000       0.4379
 218.000       0.4325
 219.000       0.4338
 220.000       0.4397
 221.000       0.4253
 222.000       0.4706
 223.000       0.5183
 224.000       0.4573
 225.000       0.4469
 226.000       0.5202
 227.000       0.5128
 228.000       0.4582
 229.000       0.4967
 230.000       0.6151
 231.000       0.6167
 232.000       0.5651
 233.000       0.7427
 234.000       0.8752
 235.000       0.8765
 236.000       0.9080
 237.000       0.6830
 238.000       0.6733
 239.000       0.5179
 240.000       0.4224
 241.000       0.4342
 242.000       0.4374
 243.000       0.4472
 244.000       0.4429
 245.000       0.4441
 246.000       0.4506
 247.000       0.5130
 248.000       0.5849
 249.000       0.6146
 250.000       0.8770
 251.000       1.2170
 252.000       1.1005
 253.000       1.2733
 254.000       1.3218
 255.000       1.1018
 256.000       0.8779
 257.000       1.1126
 258.000       1.0695
 259.000       0.8894
 260.000       1.6911
 261.000       0.9013
 262.000       0.5394
 263.000       0.4956
 264.000       0.5224
 265.000       0.5407
 266.000       0.5080
 267.000       0.5133
 268.000       0.5718
 269.000       0.5534
 270.000       0.6552
 271.000       0.6704
 272.000       0.7710
 273.000       0.7861
 274.000       0.8124
 275.000       0.9183
 276.000       0.8934
 277.000       0.8048
 278.000       0.9524
 279.000       1.2769
 280.000       1.8942
