#Res             RMSF
 377.000       2.8382
 378.000       1.9520
 379.000       1.3075
 380.000       0.8955
 381.000       0.6187
 382.000       0.5648
 383.000       0.5281
 384.000       0.5404
 385.000       0.5060
 386.000       0.4796
 387.000       0.4560
 388.000       0.4781
 389.000       0.5110
 390.000       0.4721
 391.000       0.3903
 392.000       0.4783
 393.000       0.5153
 394.000       0.4866
 395.000       0.5034
 396.000       0.5795
 397.000       0.6113
 398.000       0.6028
 399.000       0.6092
 400.000       0.4967
 401.000       0.4181
 402.000       0.4135
 403.000       0.4746
 404.000       0.4808
 405.000       0.5424
 406.000       0.5923
 407.000       0.4500
 408.000       0.4647
 409.000       0.5638
 410.000       0.5223
 411.000       0.4227
 412.000       0.4854
 413.000       0.5554
 414.000       0.5209
 415.000       0.5090
 416.000       0.6696
 417.000       0.8729
 418.000       0.7267
 419.000       0.6711
 420.000       0.7652
 421.000       0.9598
 422.000       0.5775
 423.000       0.5368
 424.000       0.5022
 425.000       0.5801
 426.000       0.7040
 427.000       0.5081
 428.000       0.4252
 429.000       0.3821
 430.000       0.4305
 431.000       0.4313
 432.000       0.3725
 433.000       0.3368
 434.000       0.3977
 435.000       0.4170
 436.000       0.3944
 437.000       0.3729
 438.000       0.3994
 439.000       0.4050
 440.000       0.3862
 441.000       0.3793
 442.000       0.4235
 443.000       0.3760
 444.000       0.3504
 445.000       0.4042
 446.000       0.4150
 447.000       0.3674
 448.000       0.3772
 449.000       0.4380
 450.000       0.4156
 451.000       0.4183
 452.000       0.4463
 453.000       0.4932
 454.000       0.5389
 455.000       0.5528
 456.000       0.4788
 457.000       0.4837
 458.000       0.3961
 459.000       0.3650
 460.000       0.4402
 461.000       0.4760
 462.000       0.4639
 463.000       0.3928
 464.000       0.4877
 465.000       0.5413
 466.000       0.4618
 467.000       0.5146
 468.000       0.5807
 469.000       0.5928
 470.000       0.6355
 471.000       0.6752
 472.000       0.8339
 473.000       1.0949
 474.000       1.8325
 475.000       3.8789
