#Res             RMSF
   1.000       3.1238
   2.000       2.0823
   3.000       1.0835
   4.000       0.6160
   5.000       0.6263
   6.000       0.5742
   7.000       0.5357
   8.000       0.5151
   9.000       0.5164
  10.000       0.4544
  11.000       0.4906
  12.000       0.5429
  13.000       0.4733
  14.000       0.4311
  15.000       0.5387
  16.000       0.5568
  17.000       0.4835
  18.000       0.5323
  19.000       0.6845
  20.000       0.6629
  21.000       0.7429
  22.000       0.7685
  23.000       0.6265
  24.000       0.5058
  25.000       0.5053
  26.000       0.4750
  27.000       0.4855
  28.000       0.4957
  29.000       0.4813
  30.000       0.4384
  31.000       0.4578
  32.000       0.4866
  33.000       0.4624
  34.000       0.4109
  35.000       0.5152
  36.000       0.5799
  37.000       0.4909
  38.000       0.4961
  39.000       0.6631
  40.000       1.0041
  41.000       0.9731
  42.000       0.9173
  43.000       0.8907
  44.000       1.2810
  45.000       0.7330
  46.000       0.6183
  47.000       0.6102
  48.000       0.6573
  49.000       0.6833
  50.000       0.5995
  51.000       0.4865
  52.000       0.4568
  53.000       0.4796
  54.000       0.4754
  55.000       0.4077
  56.000       0.4133
  57.000       0.4069
  58.000       0.4301
  59.000       0.3911
  60.000       0.3968
  61.000       0.4364
  62.000       0.4113
  63.000       0.3814
  64.000       0.3952
  65.000       0.4297
  66.000       0.3522
  67.000       0.3217
  68.000       0.3905
  69.000       0.3464
  70.000       0.3234
  71.000       0.3420
  72.000       0.3937
  73.000       0.3765
  74.000       0.3983
  75.000       0.4412
  76.000       0.4560
  77.000       0.4996
  78.000       0.5465
  79.000       0.4413
  80.000       0.4916
  81.000       0.3841
  82.000       0.3454
  83.000       0.3989
  84.000       0.4138
  85.000       0.4102
  86.000       0.3299
  87.000       0.4013
  88.000       0.5134
  89.000       0.4244
  90.000       0.4000
  91.000       0.4245
  92.000       0.5014
  93.000       0.5774
  94.000       0.5864
  95.000       0.6956
  96.000       0.8123
  97.000       1.6648
