#Res             RMSF
 662.000       2.0399
 663.000       1.8895
 664.000       1.4365
 665.000       0.8229
 666.000       0.4704
 667.000       0.4673
 668.000       0.4882
 669.000       0.4561
 670.000       0.3988
 671.000       0.4014
 672.000       0.4620
 673.000       0.4129
 674.000       0.4200
 675.000       0.5771
 676.000       0.6280
 677.000       0.5925
 678.000       0.5502
 679.000       0.6527
 680.000       0.7895
 681.000       0.5656
 682.000       0.5139
 683.000       0.4460
 684.000       0.4739
 685.000       0.5468
 686.000       0.5670
 687.000       0.4328
 688.000       0.4097
 689.000       0.5098
 690.000       0.4529
 691.000       0.4005
 692.000       0.4500
 693.000       0.4301
 694.000       0.4214
 695.000       0.4071
 696.000       0.4295
 697.000       0.4314
 698.000       0.4112
 699.000       0.3875
 700.000       0.5079
 701.000       0.5262
 702.000       0.3866
 703.000       0.4383
 704.000       0.5001
 705.000       0.4535
 706.000       0.3818
 707.000       0.4305
 708.000       0.4853
 709.000       0.4824
 710.000       0.5317
 711.000       0.6178
 712.000       0.6187
 713.000       0.7177
 714.000       0.8356
 715.000       0.7180
 716.000       0.9511
 717.000       0.5956
 718.000       0.4491
 719.000       0.4510
 720.000       0.4545
 721.000       0.4744
 722.000       0.3849
 723.000       0.3519
 724.000       0.3913
 725.000       0.3509
 726.000       0.3565
 727.000       0.3812
 728.000       0.4301
 729.000       0.4158
 730.000       0.4180
 731.000       0.4531
 732.000       0.6442
 733.000       0.7691
 734.000       0.7990
 735.000       0.6133
 736.000       0.5008
 737.000       0.6132
 738.000       0.5751
 739.000       0.4883
 740.000       0.4751
 741.000       0.4903
 742.000       0.4454
 743.000       0.4323
 744.000       0.4485
 745.000       0.4607
 746.000       0.4311
 747.000       0.4784
 748.000       0.5609
 749.000       0.5778
 750.000       0.5521
 751.000       0.8145
 752.000       1.9563
 753.000       3.3791
