#Res             RMSF
 558.000       1.4586
 559.000       0.9153
 560.000       0.5897
 561.000       0.5228
 562.000       0.6730
 563.000       0.6789
 564.000       0.5377
 565.000       0.6025
 566.000       0.4494
 567.000       0.5103
 568.000       0.4100
 569.000       0.4467
 570.000       0.3915
 571.000       0.5272
 572.000       0.4813
 573.000       0.4126
 574.000       0.4135
 575.000       0.5007
 576.000       0.5231
 577.000       0.5256
 578.000       0.6788
 579.000       0.9809
 580.000       1.8838
 581.000       0.8672
 582.000       0.6132
 583.000       0.5874
 584.000       0.6719
 585.000       0.5286
 586.000       0.4908
 587.000       0.4846
 588.000       0.5937
 589.000       0.4503
 590.000       0.3656
 591.000       0.3543
 592.000       0.3421
 593.000       0.3519
 594.000       0.3585
 595.000       0.3519
 596.000       0.3654
 597.000       0.3734
 598.000       0.3730
 599.000       0.3863
 600.000       0.4130
 601.000       0.4164
 602.000       0.4019
 603.000       0.4340
 604.000       0.4543
 605.000       0.4166
 606.000       0.3968
 607.000       0.4662
 608.000       0.4597
 609.000       0.4139
 610.000       0.4780
 611.000       0.5490
 612.000       0.5847
 613.000       0.5310
 614.000       0.7217
 615.000       0.8400
 616.000       0.7902
 617.000       0.8412
 618.000       0.6583
 619.000       0.6493
 620.000       0.5478
 621.000       0.4332
 622.000       0.4734
 623.000       0.4840
 624.000       0.5202
 625.000       0.4802
 626.000       0.4732
 627.000       0.5744
 628.000       0.6151
 629.000       0.6060
 630.000       0.6919
 631.000       0.8217
 632.000       0.8702
 633.000       0.8539
 634.000       0.9259
 635.000       0.9056
 636.000       0.7147
 637.000       0.6687
 638.000       0.8256
 639.000       0.7180
 640.000       0.6025
 641.000       1.0012
 642.000       0.8768
 643.000       0.5490
 644.000       0.5785
 645.000       0.6852
 646.000       0.8851
 647.000       0.7257
 648.000       2.5190
 649.000       1.4825
 650.000       0.6798
 651.000       0.8957
 652.000       0.9343
 653.000       1.0379
 654.000       0.8629
 655.000       0.8434
 656.000       0.9613
 657.000       0.8820
 658.000       0.8281
 659.000       1.0110
 660.000       1.4197
 661.000       2.1015
