#Res             RMSF
  98.000       2.4184
  99.000       1.8137
 100.000       1.3726
 101.000       1.7441
 102.000       0.5724
 103.000       0.4284
 104.000       0.4154
 105.000       0.4129
 106.000       0.3895
 107.000       0.3273
 108.000       0.3227
 109.000       0.4206
 110.000       0.4324
 111.000       0.3796
 112.000       0.4070
 113.000       0.4652
 114.000       0.4811
 115.000       0.4821
 116.000       0.3905
 117.000       0.4541
 118.000       0.4086
 119.000       0.3909
 120.000       0.4298
 121.000       0.4735
 122.000       0.4594
 123.000       0.3918
 124.000       0.3783
 125.000       0.4879
 126.000       0.4359
 127.000       0.3724
 128.000       0.3974
 129.000       0.4764
 130.000       0.4468
 131.000       0.4340
 132.000       0.4454
 133.000       0.4770
 134.000       0.4541
 135.000       0.4437
 136.000       0.4786
 137.000       0.5225
 138.000       0.4010
 139.000       0.3428
 140.000       0.3826
 141.000       0.3467
 142.000       0.3553
 143.000       0.3510
 144.000       0.3725
 145.000       0.3574
 146.000       0.3724
 147.000       0.4556
 148.000       0.5138
 149.000       0.5734
 150.000       0.6342
 151.000       0.6319
 152.000       0.6553
 153.000       0.5577
 154.000       0.4568
 155.000       0.5247
 156.000       0.5764
 157.000       0.5721
 158.000       0.4229
 159.000       0.4350
 160.000       0.5138
 161.000       0.4506
 162.000       0.3991
 163.000       0.5030
 164.000       0.6370
 165.000       0.6539
 166.000       0.8011
 167.000       1.1714
 168.000       0.7632
 169.000       0.6736
 170.000       0.6241
 171.000       0.5975
 172.000       0.7301
 173.000       1.4702
 174.000       2.5780
 175.000       3.6437
