#Res             RMSF
  98.000       1.8791
  99.000       0.7590
 100.000       0.7730
 101.000       0.6251
 102.000       0.4308
 103.000       0.4108
 104.000       0.4126
 105.000       0.4313
 106.000       0.3961
 107.000       0.3424
 108.000       0.3536
 109.000       0.4146
 110.000       0.4214
 111.000       0.3549
 112.000       0.3883
 113.000       0.4381
 114.000       0.4398
 115.000       0.4617
 116.000       0.4039
 117.000       0.4381
 118.000       0.3973
 119.000       0.3800
 120.000       0.4018
 121.000       0.4755
 122.000       0.4372
 123.000       0.3551
 124.000       0.3781
 125.000       0.4908
 126.000       0.4246
 127.000       0.3715
 128.000       0.4165
 129.000       0.4803
 130.000       0.4505
 131.000       0.4287
 132.000       0.5041
 133.000       0.5107
 134.000       0.4674
 135.000       0.4817
 136.000       0.4512
 137.000       0.4002
 138.000       0.3732
 139.000       0.3565
 140.000       0.3816
 141.000       0.3043
 142.000       0.3015
 143.000       0.3416
 144.000       0.3571
 145.000       0.3383
 146.000       0.3559
 147.000       0.4586
 148.000       0.5185
 149.000       0.6119
 150.000       0.6611
 151.000       0.6268
 152.000       0.6968
 153.000       0.4752
 154.000       0.3995
 155.000       0.4477
 156.000       0.4932
 157.000       0.4412
 158.000       0.3583
 159.000       0.3644
 160.000       0.3987
 161.000       0.3624
 162.000       0.3448
 163.000       0.4025
 164.000       0.4702
 165.000       0.4559
 166.000       0.5562
 167.000       0.8196
 168.000       0.7385
 169.000       0.6614
 170.000       0.6600
 171.000       0.6322
 172.000       0.7236
 173.000       0.9425
 174.000       1.6013
 175.000       2.7311
