#Res             RMSF
 281.000       5.4134
 282.000       3.7881
 283.000       2.8913
 284.000       2.3184
 285.000       1.8766
 286.000       0.9956
 287.000       0.7753
 288.000       0.6902
 289.000       0.8116
 290.000       0.8324
 291.000       0.6580
 292.000       0.6252
 293.000       0.6373
 294.000       0.6392
 295.000       0.5428
 296.000       0.5277
 297.000       0.6865
 298.000       0.7624
 299.000       0.6672
 300.000       0.7065
 301.000       0.8405
 302.000       0.9823
 303.000       0.7269
 304.000       0.7263
 305.000       0.6867
 306.000       0.7405
 307.000       0.8007
 308.000       0.8474
 309.000       0.6863
 310.000       0.6769
 311.000       0.7432
 312.000       0.6637
 313.000       0.5831
 314.000       0.6136
 315.000       0.6094
 316.000       0.5365
 317.000       0.4818
 318.000       0.5531
 319.000       0.5202
 320.000       0.4581
 321.000       0.5160
 322.000       0.5737
 323.000       0.5051
 324.000       0.4009
 325.000       0.4933
 326.000       0.5594
 327.000       0.4658
 328.000       0.3839
 329.000       0.4975
 330.000       0.5487
 331.000       0.4792
 332.000       0.4788
 333.000       0.5359
 334.000       0.5660
 335.000       0.6089
 336.000       0.6843
 337.000       0.6252
 338.000       0.6750
 339.000       0.5769
 340.000       0.4652
 341.000       0.4567
 342.000       0.4586
 343.000       0.4564
 344.000       0.3769
 345.000       0.3458
 346.000       0.3790
 347.000       0.3682
 348.000       0.3506
 349.000       0.3748
 350.000       0.4606
 351.000       0.4630
 352.000       0.4587
 353.000       0.4539
 354.000       0.5845
 355.000       0.6989
 356.000       0.8118
 357.000       0.5695
 358.000       0.4698
 359.000       0.6131
 360.000       0.5165
 361.000       0.4292
 362.000       0.4211
 363.000       0.4616
 364.000       0.4466
 365.000       0.4281
 366.000       0.4471
 367.000       0.4780
 368.000       0.4144
 369.000       0.4420
 370.000       0.5067
 371.000       0.5291
 372.000       0.5179
 373.000       0.6779
 374.000       0.8210
 375.000       1.0617
 376.000       2.2955
