#Res             RMSF
 476.000       3.2810
 477.000       1.8616
 478.000       0.9985
 479.000       0.7196
 480.000       0.6662
 481.000       0.5709
 482.000       0.5727
 483.000       0.5718
 484.000       0.5305
 485.000       0.4617
 486.000       0.4447
 487.000       0.3964
 488.000       0.4064
 489.000       0.3623
 490.000       0.3579
 491.000       0.3509
 492.000       0.3294
 493.000       0.2985
 494.000       0.3375
 495.000       0.3629
 496.000       0.3758
 497.000       0.4023
 498.000       0.3457
 499.000       0.3937
 500.000       0.3695
 501.000       0.3826
 502.000       0.4270
 503.000       0.5487
 504.000       0.5281
 505.000       0.3733
 506.000       0.4583
 507.000       0.5911
 508.000       0.4980
 509.000       0.3876
 510.000       0.4597
 511.000       0.4930
 512.000       0.4775
 513.000       0.4418
 514.000       0.4776
 515.000       0.5315
 516.000       0.4940
 517.000       0.5034
 518.000       0.5018
 519.000       0.4545
 520.000       0.3772
 521.000       0.3267
 522.000       0.3639
 523.000       0.3171
 524.000       0.3068
 525.000       0.3403
 526.000       0.3664
 527.000       0.3432
 528.000       0.3389
 529.000       0.4559
 530.000       0.5298
 531.000       0.5069
 532.000       0.5550
 533.000       0.4286
 534.000       0.5898
 535.000       0.4292
 536.000       0.3821
 537.000       0.4027
 538.000       0.3624
 539.000       0.3454
 540.000       0.3116
 541.000       0.3187
 542.000       0.3245
 543.000       0.3267
 544.000       0.3240
 545.000       0.3636
 546.000       0.4504
 547.000       0.4926
 548.000       0.5293
 549.000       0.6616
 550.000       0.5972
 551.000       0.7188
 552.000       0.4699
 553.000       0.4769
 554.000       0.5497
 555.000       0.5230
 556.000       0.7927
 557.000       1.8352
