#Res             RMSF
 281.000       5.2532
 282.000       4.2055
 283.000       3.3141
 284.000       3.2060
 285.000       2.4046
 286.000       1.6324
 287.000       0.7328
 288.000       0.5516
 289.000       0.6021
 290.000       0.7220
 291.000       0.5909
 292.000       0.5109
 293.000       0.5751
 294.000       0.6101
 295.000       0.5472
 296.000       0.5545
 297.000       0.6749
 298.000       0.6704
 299.000       0.6593
 300.000       0.6629
 301.000       0.7967
 302.000       0.9812
 303.000       0.7838
 304.000       0.8195
 305.000       0.7472
 306.000       0.7562
 307.000       0.8064
 308.000       0.8588
 309.000       0.7146
 310.000       0.6915
 311.000       0.7398
 312.000       0.6620
 313.000       0.6073
 314.000       0.6699
 315.000       0.6685
 316.000       0.5510
 317.000       0.5419
 318.000       0.6296
 319.000       0.5893
 320.000       0.5145
 321.000       0.5005
 322.000       0.5921
 323.000       0.5387
 324.000       0.4737
 325.000       0.5405
 326.000       0.6103
 327.000       0.5363
 328.000       0.5037
 329.000       0.5946
 330.000       0.6544
 331.000       0.5961
 332.000       0.5855
 333.000       0.6547
 334.000       0.6862
 335.000       0.7127
 336.000       0.6979
 337.000       0.6997
 338.000       0.7176
 339.000       0.6480
 340.000       0.5950
 341.000       0.5699
 342.000       0.5453
 343.000       0.5570
 344.000       0.5126
 345.000       0.4690
 346.000       0.4704
 347.000       0.4844
 348.000       0.4648
 349.000       0.4403
 350.000       0.5155
 351.000       0.5193
 352.000       0.5188
 353.000       0.4927
 354.000       0.6381
 355.000       0.7646
 356.000       0.8476
 357.000       0.5625
 358.000       0.5073
 359.000       0.6035
 360.000       0.5325
 361.000       0.4621
 362.000       0.4595
 363.000       0.5081
 364.000       0.4794
 365.000       0.4359
 366.000       0.4878
 367.000       0.5316
 368.000       0.4740
 369.000       0.5008
 370.000       0.5591
 371.000       0.5934
 372.000       0.6183
 373.000       0.8457
 374.000       1.6531
 375.000       3.3844
 376.000       4.8418
