#Res             RMSF
 476.000       3.6239
 477.000       2.4480
 478.000       1.4156
 479.000       0.9863
 480.000       0.7864
 481.000       0.6622
 482.000       0.7581
 483.000       0.8539
 484.000       0.6763
 485.000       0.6793
 486.000       0.6887
 487.000       0.6814
 488.000       0.5811
 489.000       0.4165
 490.000       0.4110
 491.000       0.4495
 492.000       0.3979
 493.000       0.3358
 494.000       0.3556
 495.000       0.3829
 496.000       0.4096
 497.000       0.4142
 498.000       0.3738
 499.000       0.4447
 500.000       0.4398
 501.000       0.4676
 502.000       0.5400
 503.000       0.6329
 504.000       0.6633
 505.000       0.5147
 506.000       0.5466
 507.000       0.6584
 508.000       0.5479
 509.000       0.5222
 510.000       0.6030
 511.000       0.5546
 512.000       0.5211
 513.000       0.4860
 514.000       0.5017
 515.000       0.4982
 516.000       0.4654
 517.000       0.4849
 518.000       0.5118
 519.000       0.4987
 520.000       0.3946
 521.000       0.3711
 522.000       0.4065
 523.000       0.3612
 524.000       0.3230
 525.000       0.3820
 526.000       0.4096
 527.000       0.3769
 528.000       0.3929
 529.000       0.5642
 530.000       0.6041
 531.000       0.5725
 532.000       0.6824
 533.000       0.5165
 534.000       0.6518
 535.000       0.4843
 536.000       0.4217
 537.000       0.4276
 538.000       0.4426
 539.000       0.4484
 540.000       0.3672
 541.000       0.3708
 542.000       0.3865
 543.000       0.3935
 544.000       0.3559
 545.000       0.4240
 546.000       0.4989
 547.000       0.5743
 548.000       0.7164
 549.000       0.8447
 550.000       0.6637
 551.000       0.7163
 552.000       0.4986
 553.000       0.5654
 554.000       0.6998
 555.000       0.7263
 556.000       1.5680
 557.000       3.3264
