#Res             RMSF
 176.000       1.6225
 177.000       1.0819
 178.000       0.7623
 179.000       0.5999
 180.000       0.5293
 181.000       0.6481
 182.000       0.5894
 183.000       0.4925
 184.000       0.5684
 185.000       0.4696
 186.000       0.5386
 187.000       0.4821
 188.000       0.5835
 189.000       0.5103
 190.000       0.5622
 191.000       0.5565
 192.000       0.5347
 193.000       0.5085
 194.000       0.5846
 195.000       0.7063
 196.000       0.7545
 197.000       0.8012
 198.000       1.0256
 199.000       0.8706
 200.000       0.8812
 201.000       0.6759
 202.000       0.6830
 203.000       0.6984
 204.000       0.5742
 205.000       0.5040
 206.000       0.5858
 207.000       0.5933
 208.000       0.4897
 209.000       0.4012
 210.000       0.3692
 211.000       0.3819
 212.000       0.4128
 213.000       0.4025
 214.000       0.3963
 215.000       0.4134
 216.000       0.4160
 217.000       0.4050
 218.000       0.4018
 219.000       0.4198
 220.000       0.4212
 221.000       0.4089
 222.000       0.4457
 223.000       0.4852
 224.000       0.4336
 225.000       0.4300
 226.000       0.5044
 227.000       0.5140
 228.000       0.4488
 229.000       0.4653
 230.000       0.5899
 231.000       0.5885
 232.000       0.5376
 233.000       0.7073
 234.000       0.8371
 235.000       0.8385
 236.000       0.8539
 237.000       0.6545
 238.000       0.6596
 239.000       0.5107
 240.000       0.4039
 241.000       0.4182
 242.000       0.4189
 243.000       0.4334
 244.000       0.4437
 245.000       0.4443
 246.000       0.4540
 247.000       0.5203
 248.000       0.5932
 249.000       0.6310
 250.000       0.9098
 251.000       1.1723
 252.000       1.0957
 253.000       1.1666
 254.000       1.2031
 255.000       1.0390
 256.000       0.8754
 257.000       1.0377
 258.000       0.9779
 259.000       0.8537
 260.000       1.5156
 261.000       0.7194
 262.000       0.5314
 263.000       0.4890
 264.000       0.5145
 265.000       0.5589
 266.000       0.5006
 267.000       0.4945
 268.000       0.5763
 269.000       0.5692
 270.000       0.6621
 271.000       0.6759
 272.000       0.7668
 273.000       0.7598
 274.000       0.7412
 275.000       0.8503
 276.000       0.8343
 277.000       0.7443
 278.000       0.8869
 279.000       1.2610
 280.000       1.9285
