#Res             RMSF
 558.000       1.3526
 559.000       0.8329
 560.000       0.5666
 561.000       0.5154
 562.000       0.6677
 563.000       0.6869
 564.000       0.5479
 565.000       0.5936
 566.000       0.4506
 567.000       0.4847
 568.000       0.4114
 569.000       0.4611
 570.000       0.4068
 571.000       0.5225
 572.000       0.4839
 573.000       0.4135
 574.000       0.3949
 575.000       0.4777
 576.000       0.5068
 577.000       0.5100
 578.000       0.6331
 579.000       0.8863
 580.000       1.8887
 581.000       0.8179
 582.000       0.6073
 583.000       0.6100
 584.000       0.6546
 585.000       0.5259
 586.000       0.4834
 587.000       0.5290
 588.000       0.6212
 589.000       0.4689
 590.000       0.3739
 591.000       0.3603
 592.000       0.3630
 593.000       0.3669
 594.000       0.3617
 595.000       0.3563
 596.000       0.3777
 597.000       0.4021
 598.000       0.3798
 599.000       0.3808
 600.000       0.4134
 601.000       0.4281
 602.000       0.4111
 603.000       0.4461
 604.000       0.4804
 605.000       0.4370
 606.000       0.4258
 607.000       0.5108
 608.000       0.5133
 609.000       0.4581
 610.000       0.5090
 611.000       0.5988
 612.000       0.6196
 613.000       0.5659
 614.000       0.7337
 615.000       0.8470
 616.000       0.8219
 617.000       0.8658
 618.000       0.7090
 619.000       0.6793
 620.000       0.5694
 621.000       0.4548
 622.000       0.4854
 623.000       0.5200
 624.000       0.5458
 625.000       0.4872
 626.000       0.4885
 627.000       0.5862
 628.000       0.6293
 629.000       0.6350
 630.000       0.7360
 631.000       0.8781
 632.000       0.9025
 633.000       0.9318
 634.000       0.9694
 635.000       0.9224
 636.000       0.7474
 637.000       0.7550
 638.000       0.8652
 639.000       0.7389
 640.000       0.6431
 641.000       1.0928
 642.000       0.9678
 643.000       0.5595
 644.000       0.5811
 645.000       0.6590
 646.000       0.8856
 647.000       0.7558
 648.000       2.3052
 649.000       1.4818
 650.000       0.9722
 651.000       0.9514
 652.000       0.8919
 653.000       1.0199
 654.000       0.8949
 655.000       0.8962
 656.000       1.0623
 657.000       1.0318
 658.000       0.9280
 659.000       1.1000
 660.000       1.5059
 661.000       2.2443
