#Res             RMSF
 281.000       6.0760
 282.000       4.6915
 283.000       3.6186
 284.000       3.8820
 285.000       3.0861
 286.000       1.7522
 287.000       0.8007
 288.000       0.6852
 289.000       0.7641
 290.000       0.8367
 291.000       0.6989
 292.000       0.6349
 293.000       0.6688
 294.000       0.6803
 295.000       0.6206
 296.000       0.6178
 297.000       0.7389
 298.000       0.7907
 299.000       0.6793
 300.000       0.7420
 301.000       0.8826
 302.000       1.0669
 303.000       0.8334
 304.000       0.8621
 305.000       0.7974
 306.000       0.8403
 307.000       0.8962
 308.000       0.9440
 309.000       0.7747
 310.000       0.7658
 311.000       0.8193
 312.000       0.7240
 313.000       0.6510
 314.000       0.7215
 315.000       0.7177
 316.000       0.6015
 317.000       0.5660
 318.000       0.6684
 319.000       0.6232
 320.000       0.5426
 321.000       0.5531
 322.000       0.6432
 323.000       0.5784
 324.000       0.4978
 325.000       0.6010
 326.000       0.6886
 327.000       0.5845
 328.000       0.5415
 329.000       0.6966
 330.000       0.7437
 331.000       0.6708
 332.000       0.7076
 333.000       0.8231
 334.000       0.8481
 335.000       0.8279
 336.000       0.8851
 337.000       0.8583
 338.000       0.8900
 339.000       0.7682
 340.000       0.6495
 341.000       0.6034
 342.000       0.5485
 343.000       0.5621
 344.000       0.5292
 345.000       0.4592
 346.000       0.4520
 347.000       0.4810
 348.000       0.4497
 349.000       0.4196
 350.000       0.5141
 351.000       0.5285
 352.000       0.5117
 353.000       0.4999
 354.000       0.6410
 355.000       0.7641
 356.000       0.8535
 357.000       0.5745
 358.000       0.5051
 359.000       0.6347
 360.000       0.5418
 361.000       0.4506
 362.000       0.4472
 363.000       0.4942
 364.000       0.4724
 365.000       0.4396
 366.000       0.4734
 367.000       0.5136
 368.000       0.4659
 369.000       0.4898
 370.000       0.5465
 371.000       0.5767
 372.000       0.5880
 373.000       0.7834
 374.000       1.3751
 375.000       2.7776
 376.000       3.9639
