#Res             RMSF
 377.000       2.5358
 378.000       1.8381
 379.000       1.2324
 380.000       0.8558
 381.000       0.6088
 382.000       0.5676
 383.000       0.5079
 384.000       0.5127
 385.000       0.5054
 386.000       0.4819
 387.000       0.4411
 388.000       0.4511
 389.000       0.4772
 390.000       0.4525
 391.000       0.3931
 392.000       0.4525
 393.000       0.4912
 394.000       0.4482
 395.000       0.4604
 396.000       0.5516
 397.000       0.5587
 398.000       0.5683
 399.000       0.6063
 400.000       0.5006
 401.000       0.4128
 402.000       0.3912
 403.000       0.4313
 404.000       0.4572
 405.000       0.4803
 406.000       0.4924
 407.000       0.4214
 408.000       0.4316
 409.000       0.4919
 410.000       0.4629
 411.000       0.4136
 412.000       0.4651
 413.000       0.5269
 414.000       0.4852
 415.000       0.5061
 416.000       0.6463
 417.000       0.8483
 418.000       0.7115
 419.000       0.6815
 420.000       0.7704
 421.000       1.0052
 422.000       0.5708
 423.000       0.5115
 424.000       0.4825
 425.000       0.5870
 426.000       0.7796
 427.000       0.4902
 428.000       0.4093
 429.000       0.3841
 430.000       0.4171
 431.000       0.4161
 432.000       0.3875
 433.000       0.3567
 434.000       0.4100
 435.000       0.4246
 436.000       0.3936
 437.000       0.3610
 438.000       0.3913
 439.000       0.3981
 440.000       0.3728
 441.000       0.3653
 442.000       0.4245
 443.000       0.3767
 444.000       0.3356
 445.000       0.3965
 446.000       0.4246
 447.000       0.3508
 448.000       0.3649
 449.000       0.4452
 450.000       0.4190
 451.000       0.4116
 452.000       0.4287
 453.000       0.4776
 454.000       0.5222
 455.000       0.5374
 456.000       0.4507
 457.000       0.4820
 458.000       0.3762
 459.000       0.3457
 460.000       0.4227
 461.000       0.4435
 462.000       0.4364
 463.000       0.3835
 464.000       0.4749
 465.000       0.5079
 466.000       0.4389
 467.000       0.5282
 468.000       0.5863
 469.000       0.6006
 470.000       0.6858
 471.000       0.7528
 472.000       0.8694
 473.000       1.2414
 474.000       2.1940
 475.000       3.8377
