#Res             RMSF
   1.000       2.9418
   2.000       1.7654
   3.000       0.8844
   4.000       0.5727
   5.000       0.5521
   6.000       0.5110
   7.000       0.5311
   8.000       0.4676
   9.000       0.4689
  10.000       0.4576
  11.000       0.4537
  12.000       0.5058
  13.000       0.4597
  14.000       0.4092
  15.000       0.4896
  16.000       0.4964
  17.000       0.4491
  18.000       0.4946
  19.000       0.6021
  20.000       0.6100
  21.000       0.6691
  22.000       0.7840
  23.000       0.6701
  24.000       0.5045
  25.000       0.5517
  26.000       0.5847
  27.000       0.5799
  28.000       0.5826
  29.000       0.5399
  30.000       0.4276
  31.000       0.5122
  32.000       0.5330
  33.000       0.4794
  34.000       0.4074
  35.000       0.5041
  36.000       0.5437
  37.000       0.4742
  38.000       0.4914
  39.000       0.6342
  40.000       0.8289
  41.000       0.7046
  42.000       0.7092
  43.000       0.8115
  44.000       1.0920
  45.000       0.6906
  46.000       0.6773
  47.000       0.6707
  48.000       0.6806
  49.000       0.6873
  50.000       0.6443
  51.000       0.5063
  52.000       0.4421
  53.000       0.5081
  54.000       0.4920
  55.000       0.4034
  56.000       0.4440
  57.000       0.4568
  58.000       0.4318
  59.000       0.4627
  60.000       0.5023
  61.000       0.4685
  62.000       0.4570
  63.000       0.4414
  64.000       0.4051
  65.000       0.4505
  66.000       0.3588
  67.000       0.3346
  68.000       0.3838
  69.000       0.3686
  70.000       0.3440
  71.000       0.3559
  72.000       0.3885
  73.000       0.3861
  74.000       0.4042
  75.000       0.4389
  76.000       0.4860
  77.000       0.5534
  78.000       0.5557
  79.000       0.4680
  80.000       0.4954
  81.000       0.4024
  82.000       0.3638
  83.000       0.4420
  84.000       0.5329
  85.000       0.5297
  86.000       0.3983
  87.000       0.4319
  88.000       0.5402
  89.000       0.4436
  90.000       0.3991
  91.000       0.3781
  92.000       0.4420
  93.000       0.5383
  94.000       0.5544
  95.000       0.6267
  96.000       0.7232
  97.000       0.7815
