#Res             RMSF
 558.000       1.3532
 559.000       0.8323
 560.000       0.5660
 561.000       0.5149
 562.000       0.6671
 563.000       0.6861
 564.000       0.5473
 565.000       0.5929
 566.000       0.4503
 567.000       0.4842
 568.000       0.4112
 569.000       0.4606
 570.000       0.4067
 571.000       0.5222
 572.000       0.4843
 573.000       0.4142
 574.000       0.3944
 575.000       0.4776
 576.000       0.5069
 577.000       0.5098
 578.000       0.6333
 579.000       0.8857
 580.000       1.8922
 581.000       0.8186
 582.000       0.6074
 583.000       0.6095
 584.000       0.6542
 585.000       0.5253
 586.000       0.4829
 587.000       0.5292
 588.000       0.6219
 589.000       0.4689
 590.000       0.3738
 591.000       0.3602
 592.000       0.3640
 593.000       0.3681
 594.000       0.3625
 595.000       0.3561
 596.000       0.3774
 597.000       0.4023
 598.000       0.3797
 599.000       0.3808
 600.000       0.4132
 601.000       0.4278
 602.000       0.4107
 603.000       0.4457
 604.000       0.4799
 605.000       0.4366
 606.000       0.4256
 607.000       0.5104
 608.000       0.5131
 609.000       0.4577
 610.000       0.5085
 611.000       0.5982
 612.000       0.6196
 613.000       0.5658
 614.000       0.7344
 615.000       0.8477
 616.000       0.8243
 617.000       0.8676
 618.000       0.7084
 619.000       0.6800
 620.000       0.5697
 621.000       0.4549
 622.000       0.4861
 623.000       0.5211
 624.000       0.5465
 625.000       0.4872
 626.000       0.4881
 627.000       0.5857
 628.000       0.6289
 629.000       0.6346
 630.000       0.7355
 631.000       0.8772
 632.000       0.9021
 633.000       0.9319
 634.000       0.9689
 635.000       0.9221
 636.000       0.7468
 637.000       0.7541
 638.000       0.8642
 639.000       0.7381
 640.000       0.6424
 641.000       1.0919
 642.000       0.9668
 643.000       0.5594
 644.000       0.5811
 645.000       0.6586
 646.000       0.8859
 647.000       0.7566
 648.000       2.3088
 649.000       1.4803
 650.000       0.9745
 651.000       0.9510
 652.000       0.8917
 653.000       1.0195
 654.000       0.8958
 655.000       0.8975
 656.000       1.0621
 657.000       1.0317
 658.000       0.9275
 659.000       1.0991
 660.000       1.5046
 661.000       2.2421
