#Res             RMSF
 476.000       3.5961
 477.000       2.2778
 478.000       1.2910
 479.000       0.8966
 480.000       0.7530
 481.000       0.6259
 482.000       0.6969
 483.000       0.7869
 484.000       0.6601
 485.000       0.6276
 486.000       0.6464
 487.000       0.6439
 488.000       0.5624
 489.000       0.4018
 490.000       0.4111
 491.000       0.4308
 492.000       0.3778
 493.000       0.3254
 494.000       0.3724
 495.000       0.3937
 496.000       0.4083
 497.000       0.4205
 498.000       0.3631
 499.000       0.4226
 500.000       0.4200
 501.000       0.4514
 502.000       0.5304
 503.000       0.6367
 504.000       0.6567
 505.000       0.5027
 506.000       0.5480
 507.000       0.6655
 508.000       0.5606
 509.000       0.5243
 510.000       0.5653
 511.000       0.5294
 512.000       0.5031
 513.000       0.4684
 514.000       0.4924
 515.000       0.5193
 516.000       0.4815
 517.000       0.4974
 518.000       0.5111
 519.000       0.4845
 520.000       0.4007
 521.000       0.3638
 522.000       0.4002
 523.000       0.3528
 524.000       0.3281
 525.000       0.3771
 526.000       0.4089
 527.000       0.3857
 528.000       0.3910
 529.000       0.5457
 530.000       0.6154
 531.000       0.5714
 532.000       0.6453
 533.000       0.4913
 534.000       0.6338
 535.000       0.4685
 536.000       0.4231
 537.000       0.4372
 538.000       0.4256
 539.000       0.4133
 540.000       0.3484
 541.000       0.3518
 542.000       0.3632
 543.000       0.3642
 544.000       0.3430
 545.000       0.4058
 546.000       0.5006
 547.000       0.6158
 548.000       0.6744
 549.000       0.8223
 550.000       0.6879
 551.000       0.7913
 552.000       0.5162
 553.000       0.6298
 554.000       0.7375
 555.000       0.7052
 556.000       1.4111
 557.000       2.9390
