#Res             RMSF
 662.000       2.5115
 663.000       1.8595
 664.000       1.3589
 665.000       0.7551
 666.000       0.4675
 667.000       0.4697
 668.000       0.5020
 669.000       0.4517
 670.000       0.3925
 671.000       0.4082
 672.000       0.4748
 673.000       0.4149
 674.000       0.4330
 675.000       0.5886
 676.000       0.6597
 677.000       0.6265
 678.000       0.6038
 679.000       0.6898
 680.000       0.7868
 681.000       0.6007
 682.000       0.5314
 683.000       0.4580
 684.000       0.5012
 685.000       0.5808
 686.000       0.5969
 687.000       0.4678
 688.000       0.4255
 689.000       0.5134
 690.000       0.4642
 691.000       0.4178
 692.000       0.4537
 693.000       0.4338
 694.000       0.4049
 695.000       0.4468
 696.000       0.4332
 697.000       0.4186
 698.000       0.4158
 699.000       0.3948
 700.000       0.5069
 701.000       0.5283
 702.000       0.4070
 703.000       0.4612
 704.000       0.5426
 705.000       0.4709
 706.000       0.3647
 707.000       0.4264
 708.000       0.4781
 709.000       0.4641
 710.000       0.5207
 711.000       0.6196
 712.000       0.6889
 713.000       0.7817
 714.000       0.8434
 715.000       0.7685
 716.000       1.0597
 717.000       0.6096
 718.000       0.4400
 719.000       0.4472
 720.000       0.4577
 721.000       0.4674
 722.000       0.3824
 723.000       0.3579
 724.000       0.3790
 725.000       0.3458
 726.000       0.3544
 727.000       0.3766
 728.000       0.4293
 729.000       0.4194
 730.000       0.4331
 731.000       0.4442
 732.000       0.6125
 733.000       0.8390
 734.000       0.8079
 735.000       0.6191
 736.000       0.5068
 737.000       0.6017
 738.000       0.5530
 739.000       0.4673
 740.000       0.4613
 741.000       0.4933
 742.000       0.4495
 743.000       0.4316
 744.000       0.4562
 745.000       0.4779
 746.000       0.4497
 747.000       0.4900
 748.000       0.5606
 749.000       0.5883
 750.000       0.5973
 751.000       0.8287
 752.000       1.8998
 753.000       3.1590
