#Res             RMSF
 377.000       2.9952
 378.000       2.0334
 379.000       1.3749
 380.000       0.9086
 381.000       0.5765
 382.000       0.5260
 383.000       0.5392
 384.000       0.5646
 385.000       0.5051
 386.000       0.4701
 387.000       0.4573
 388.000       0.4948
 389.000       0.5345
 390.000       0.4633
 391.000       0.3814
 392.000       0.4860
 393.000       0.5109
 394.000       0.4669
 395.000       0.4791
 396.000       0.5593
 397.000       0.6038
 398.000       0.5979
 399.000       0.5946
 400.000       0.4852
 401.000       0.4130
 402.000       0.4275
 403.000       0.4935
 404.000       0.4695
 405.000       0.5263
 406.000       0.6042
 407.000       0.4462
 408.000       0.4505
 409.000       0.5572
 410.000       0.5179
 411.000       0.4022
 412.000       0.4651
 413.000       0.5193
 414.000       0.5006
 415.000       0.4810
 416.000       0.6315
 417.000       0.8342
 418.000       0.6952
 419.000       0.6235
 420.000       0.7186
 421.000       0.8783
 422.000       0.5384
 423.000       0.5280
 424.000       0.5188
 425.000       0.5707
 426.000       0.6145
 427.000       0.5240
 428.000       0.4384
 429.000       0.3798
 430.000       0.4386
 431.000       0.4400
 432.000       0.3579
 433.000       0.3148
 434.000       0.3795
 435.000       0.3981
 436.000       0.3882
 437.000       0.3785
 438.000       0.3958
 439.000       0.4033
 440.000       0.3900
 441.000       0.3867
 442.000       0.4063
 443.000       0.3607
 444.000       0.3574
 445.000       0.3995
 446.000       0.3903
 447.000       0.3727
 448.000       0.3809
 449.000       0.4274
 450.000       0.4115
 451.000       0.4252
 452.000       0.4620
 453.000       0.5024
 454.000       0.5509
 455.000       0.5670
 456.000       0.5036
 457.000       0.4830
 458.000       0.4112
 459.000       0.3785
 460.000       0.4553
 461.000       0.4969
 462.000       0.4800
 463.000       0.3917
 464.000       0.4608
 465.000       0.5306
 466.000       0.4700
 467.000       0.4892
 468.000       0.5586
 469.000       0.5766
 470.000       0.5757
 471.000       0.5698
 472.000       0.7566
 473.000       0.8742
 474.000       1.1653
 475.000       1.8799
