#Res             RMSF
   1.000       3.2309
   2.000       2.0172
   3.000       1.0495
   4.000       0.6190
   5.000       0.6034
   6.000       0.5509
   7.000       0.5348
   8.000       0.4924
   9.000       0.4913
  10.000       0.4547
  11.000       0.4715
  12.000       0.5226
  13.000       0.4666
  14.000       0.4235
  15.000       0.5177
  16.000       0.5314
  17.000       0.4707
  18.000       0.5237
  19.000       0.6558
  20.000       0.6461
  21.000       0.7112
  22.000       0.7822
  23.000       0.6565
  24.000       0.5113
  25.000       0.5327
  26.000       0.5417
  27.000       0.5428
  28.000       0.5430
  29.000       0.5131
  30.000       0.4339
  31.000       0.4877
  32.000       0.5145
  33.000       0.4736
  34.000       0.4159
  35.000       0.5297
  36.000       0.5735
  37.000       0.4839
  38.000       0.5066
  39.000       0.6709
  40.000       0.9329
  41.000       0.8746
  42.000       0.8539
  43.000       0.8886
  44.000       1.2499
  45.000       0.7451
  46.000       0.6837
  47.000       0.6778
  48.000       0.6803
  49.000       0.6920
  50.000       0.6318
  51.000       0.5028
  52.000       0.4512
  53.000       0.4980
  54.000       0.4900
  55.000       0.4078
  56.000       0.4319
  57.000       0.4358
  58.000       0.4362
  59.000       0.4295
  60.000       0.4662
  61.000       0.4888
  62.000       0.4463
  63.000       0.4149
  64.000       0.4022
  65.000       0.4424
  66.000       0.3595
  67.000       0.3304
  68.000       0.3887
  69.000       0.3635
  70.000       0.3374
  71.000       0.3499
  72.000       0.3944
  73.000       0.3829
  74.000       0.4014
  75.000       0.4397
  76.000       0.4708
  77.000       0.5272
  78.000       0.5527
  79.000       0.4555
  80.000       0.4932
  81.000       0.3928
  82.000       0.3551
  83.000       0.4219
  84.000       0.4856
  85.000       0.4824
  86.000       0.3730
  87.000       0.4235
  88.000       0.5348
  89.000       0.4469
  90.000       0.4070
  91.000       0.4075
  92.000       0.4791
  93.000       0.5672
  94.000       0.5761
  95.000       0.6736
  96.000       0.7705
  97.000       1.3524
