#Res             RMSF
 662.000       2.5112
 663.000       1.8602
 664.000       1.3592
 665.000       0.7554
 666.000       0.4678
 667.000       0.4700
 668.000       0.5020
 669.000       0.4519
 670.000       0.3929
 671.000       0.4085
 672.000       0.4749
 673.000       0.4153
 674.000       0.4335
 675.000       0.5891
 676.000       0.6601
 677.000       0.6267
 678.000       0.6038
 679.000       0.6904
 680.000       0.7868
 681.000       0.6006
 682.000       0.5316
 683.000       0.4576
 684.000       0.5008
 685.000       0.5814
 686.000       0.5972
 687.000       0.4678
 688.000       0.4260
 689.000       0.5137
 690.000       0.4645
 691.000       0.4182
 692.000       0.4541
 693.000       0.4343
 694.000       0.4050
 695.000       0.4471
 696.000       0.4331
 697.000       0.4184
 698.000       0.4162
 699.000       0.3949
 700.000       0.5074
 701.000       0.5288
 702.000       0.4072
 703.000       0.4614
 704.000       0.5426
 705.000       0.4713
 706.000       0.3649
 707.000       0.4267
 708.000       0.4786
 709.000       0.4646
 710.000       0.5210
 711.000       0.6202
 712.000       0.6891
 713.000       0.7825
 714.000       0.8444
 715.000       0.7694
 716.000       1.0601
 717.000       0.6101
 718.000       0.4398
 719.000       0.4473
 720.000       0.4578
 721.000       0.4674
 722.000       0.3827
 723.000       0.3583
 724.000       0.3791
 725.000       0.3460
 726.000       0.3545
 727.000       0.3764
 728.000       0.4290
 729.000       0.4198
 730.000       0.4329
 731.000       0.4444
 732.000       0.6131
 733.000       0.8395
 734.000       0.8080
 735.000       0.6198
 736.000       0.5071
 737.000       0.6024
 738.000       0.5533
 739.000       0.4678
 740.000       0.4617
 741.000       0.4938
 742.000       0.4498
 743.000       0.4317
 744.000       0.4564
 745.000       0.4783
 746.000       0.4494
 747.000       0.4897
 748.000       0.5610
 749.000       0.5887
 750.000       0.5972
 751.000       0.8288
 752.000       1.9012
 753.000       3.1611
