#Res             RMSF
 662.000       2.0621
 663.000       1.4449
 664.000       1.2358
 665.000       0.6720
 666.000       0.4564
 667.000       0.4729
 668.000       0.5108
 669.000       0.4471
 670.000       0.3864
 671.000       0.4099
 672.000       0.4784
 673.000       0.4019
 674.000       0.4243
 675.000       0.5737
 676.000       0.6476
 677.000       0.5971
 678.000       0.5713
 679.000       0.6633
 680.000       0.7278
 681.000       0.5777
 682.000       0.5246
 683.000       0.4401
 684.000       0.4994
 685.000       0.5832
 686.000       0.5788
 687.000       0.4427
 688.000       0.3969
 689.000       0.4763
 690.000       0.4397
 691.000       0.3993
 692.000       0.4242
 693.000       0.4263
 694.000       0.3847
 695.000       0.3996
 696.000       0.4239
 697.000       0.4023
 698.000       0.4031
 699.000       0.3838
 700.000       0.4979
 701.000       0.4875
 702.000       0.3735
 703.000       0.4140
 704.000       0.4781
 705.000       0.4181
 706.000       0.3451
 707.000       0.4105
 708.000       0.4221
 709.000       0.3779
 710.000       0.4421
 711.000       0.5613
 712.000       0.5976
 713.000       0.6702
 714.000       0.6787
 715.000       0.5641
 716.000       0.5648
 717.000       0.4800
 718.000       0.3963
 719.000       0.4150
 720.000       0.4460
 721.000       0.4387
 722.000       0.3571
 723.000       0.3426
 724.000       0.3506
 725.000       0.3241
 726.000       0.3272
 727.000       0.3582
 728.000       0.4128
 729.000       0.4075
 730.000       0.4089
 731.000       0.4212
 732.000       0.5706
 733.000       0.8542
 734.000       0.8122
 735.000       0.6103
 736.000       0.4828
 737.000       0.5768
 738.000       0.5219
 739.000       0.4333
 740.000       0.4230
 741.000       0.4886
 742.000       0.4493
 743.000       0.4181
 744.000       0.4368
 745.000       0.4752
 746.000       0.4346
 747.000       0.4598
 748.000       0.5159
 749.000       0.5533
 750.000       0.5898
 751.000       0.8110
 752.000       1.3809
 753.000       2.8498
