#Res             RMSF
   1.000       3.2324
   2.000       2.0176
   3.000       1.0471
   4.000       0.6192
   5.000       0.6035
   6.000       0.5514
   7.000       0.5352
   8.000       0.4928
   9.000       0.4919
  10.000       0.4551
  11.000       0.4717
  12.000       0.5232
  13.000       0.4672
  14.000       0.4239
  15.000       0.5183
  16.000       0.5321
  17.000       0.4712
  18.000       0.5241
  19.000       0.6555
  20.000       0.6454
  21.000       0.7112
  22.000       0.7822
  23.000       0.6567
  24.000       0.5116
  25.000       0.5331
  26.000       0.5418
  27.000       0.5432
  28.000       0.5433
  29.000       0.5129
  30.000       0.4342
  31.000       0.4880
  32.000       0.5143
  33.000       0.4737
  34.000       0.4164
  35.000       0.5298
  36.000       0.5726
  37.000       0.4845
  38.000       0.5059
  39.000       0.6702
  40.000       0.9320
  41.000       0.8736
  42.000       0.8532
  43.000       0.8890
  44.000       1.2512
  45.000       0.7453
  46.000       0.6833
  47.000       0.6776
  48.000       0.6805
  49.000       0.6916
  50.000       0.6307
  51.000       0.5017
  52.000       0.4517
  53.000       0.4977
  54.000       0.4886
  55.000       0.4071
  56.000       0.4319
  57.000       0.4360
  58.000       0.4361
  59.000       0.4297
  60.000       0.4664
  61.000       0.4891
  62.000       0.4466
  63.000       0.4154
  64.000       0.4026
  65.000       0.4430
  66.000       0.3599
  67.000       0.3308
  68.000       0.3892
  69.000       0.3639
  70.000       0.3377
  71.000       0.3498
  72.000       0.3941
  73.000       0.3828
  74.000       0.4018
  75.000       0.4402
  76.000       0.4713
  77.000       0.5277
  78.000       0.5530
  79.000       0.4550
  80.000       0.4935
  81.000       0.3933
  82.000       0.3554
  83.000       0.4223
  84.000       0.4860
  85.000       0.4828
  86.000       0.3733
  87.000       0.4234
  88.000       0.5345
  89.000       0.4466
  90.000       0.4072
  91.000       0.4075
  92.000       0.4794
  93.000       0.5676
  94.000       0.5767
  95.000       0.6744
  96.000       0.7704
  97.000       1.3289
