#Res             RMSF
 476.000       3.5991
 477.000       2.2757
 478.000       1.2896
 479.000       0.8956
 480.000       0.7521
 481.000       0.6256
 482.000       0.6965
 483.000       0.7860
 484.000       0.6595
 485.000       0.6269
 486.000       0.6463
 487.000       0.6437
 488.000       0.5622
 489.000       0.4014
 490.000       0.4111
 491.000       0.4307
 492.000       0.3774
 493.000       0.3251
 494.000       0.3720
 495.000       0.3932
 496.000       0.4080
 497.000       0.4205
 498.000       0.3627
 499.000       0.4224
 500.000       0.4197
 501.000       0.4508
 502.000       0.5299
 503.000       0.6369
 504.000       0.6578
 505.000       0.5025
 506.000       0.5485
 507.000       0.6659
 508.000       0.5606
 509.000       0.5240
 510.000       0.5650
 511.000       0.5291
 512.000       0.5035
 513.000       0.4688
 514.000       0.4928
 515.000       0.5196
 516.000       0.4826
 517.000       0.4992
 518.000       0.5119
 519.000       0.4840
 520.000       0.4003
 521.000       0.3644
 522.000       0.4006
 523.000       0.3532
 524.000       0.3283
 525.000       0.3773
 526.000       0.4093
 527.000       0.3855
 528.000       0.3910
 529.000       0.5454
 530.000       0.6148
 531.000       0.5711
 532.000       0.6464
 533.000       0.4909
 534.000       0.6335
 535.000       0.4680
 536.000       0.4233
 537.000       0.4372
 538.000       0.4256
 539.000       0.4130
 540.000       0.3483
 541.000       0.3518
 542.000       0.3633
 543.000       0.3640
 544.000       0.3429
 545.000       0.4060
 546.000       0.5017
 547.000       0.6178
 548.000       0.6754
 549.000       0.8231
 550.000       0.6879
 551.000       0.7913
 552.000       0.5166
 553.000       0.6300
 554.000       0.7380
 555.000       0.7056
 556.000       1.4097
 557.000       2.9375
