#Res             RMSF
 377.000       2.0758
 378.000       1.2915
 379.000       0.8861
 380.000       0.6297
 381.000       0.5359
 382.000       0.5213
 383.000       0.4578
 384.000       0.4866
 385.000       0.4865
 386.000       0.4381
 387.000       0.4113
 388.000       0.4508
 389.000       0.4566
 390.000       0.4161
 391.000       0.3565
 392.000       0.4209
 393.000       0.4398
 394.000       0.4099
 395.000       0.4268
 396.000       0.4992
 397.000       0.5284
 398.000       0.5395
 399.000       0.5314
 400.000       0.4445
 401.000       0.4115
 402.000       0.4059
 403.000       0.5197
 404.000       0.5189
 405.000       0.5460
 406.000       0.5075
 407.000       0.3919
 408.000       0.4407
 409.000       0.4648
 410.000       0.3956
 411.000       0.4089
 412.000       0.4466
 413.000       0.4376
 414.000       0.4837
 415.000       0.5216
 416.000       0.6098
 417.000       0.8559
 418.000       0.7967
 419.000       0.7285
 420.000       0.7676
 421.000       0.9627
 422.000       0.6221
 423.000       0.6132
 424.000       0.6201
 425.000       0.6470
 426.000       0.6527
 427.000       0.5555
 428.000       0.4763
 429.000       0.4600
 430.000       0.4953
 431.000       0.4778
 432.000       0.4259
 433.000       0.3734
 434.000       0.4275
 435.000       0.4542
 436.000       0.4094
 437.000       0.3600
 438.000       0.4178
 439.000       0.4252
 440.000       0.3666
 441.000       0.3606
 442.000       0.4066
 443.000       0.3500
 444.000       0.3215
 445.000       0.3933
 446.000       0.3927
 447.000       0.3556
 448.000       0.3499
 449.000       0.4063
 450.000       0.3778
 451.000       0.3852
 452.000       0.4232
 453.000       0.4259
 454.000       0.4959
 455.000       0.5639
 456.000       0.4628
 457.000       0.4903
 458.000       0.3918
 459.000       0.3510
 460.000       0.4268
 461.000       0.4673
 462.000       0.4282
 463.000       0.3412
 464.000       0.4168
 465.000       0.4813
 466.000       0.4477
 467.000       0.4472
 468.000       0.5490
 469.000       0.6021
 470.000       0.5645
 471.000       0.6121
 472.000       0.8531
 473.000       1.4875
 474.000       2.7426
 475.000       4.1898
