#Res             RMSF
 176.000       2.2694
 177.000       1.3095
 178.000       0.8489
 179.000       0.6225
 180.000       0.5564
 181.000       0.6915
 182.000       0.7086
 183.000       0.5419
 184.000       0.6350
 185.000       0.4732
 186.000       0.5094
 187.000       0.4557
 188.000       0.5241
 189.000       0.4863
 190.000       0.6583
 191.000       0.6308
 192.000       0.5014
 193.000       0.4882
 194.000       0.6443
 195.000       0.6433
 196.000       0.5637
 197.000       0.7120
 198.000       0.9276
 199.000       0.8529
 200.000       1.0638
 201.000       0.6364
 202.000       0.7007
 203.000       0.7375
 204.000       0.5736
 205.000       0.5750
 206.000       1.0291
 207.000       0.9865
 208.000       0.5724
 209.000       0.4342
 210.000       0.3851
 211.000       0.4001
 212.000       0.4105
 213.000       0.3842
 214.000       0.3874
 215.000       0.4056
 216.000       0.4178
 217.000       0.4237
 218.000       0.3876
 219.000       0.4100
 220.000       0.4431
 221.000       0.4218
 222.000       0.4507
 223.000       0.5068
 224.000       0.4289
 225.000       0.4274
 226.000       0.5083
 227.000       0.5048
 228.000       0.4430
 229.000       0.5401
 230.000       0.5985
 231.000       0.5606
 232.000       0.5070
 233.000       0.7106
 234.000       0.8314
 235.000       0.8353
 236.000       0.8416
 237.000       0.6524
 238.000       0.6808
 239.000       0.5416
 240.000       0.4454
 241.000       0.5120
 242.000       0.5015
 243.000       0.5060
 244.000       0.4620
 245.000       0.4924
 246.000       0.5161
 247.000       0.5227
 248.000       0.5739
 249.000       0.7278
 250.000       1.0978
 251.000       1.1762
 252.000       0.9126
 253.000       0.8727
 254.000       0.7369
 255.000       0.7006
 256.000       0.8347
 257.000       0.8414
 258.000       0.8111
 259.000       0.9500
 260.000       1.5976
 261.000       1.6636
 262.000       0.8407
 263.000       0.6006
 264.000       0.5351
 265.000       0.5497
 266.000       0.5388
 267.000       0.5463
 268.000       0.6455
 269.000       0.6367
 270.000       0.7359
 271.000       0.7769
 272.000       0.7925
 273.000       0.7979
 274.000       0.8313
 275.000       0.9615
 276.000       0.9878
 277.000       0.9163
 278.000       1.0370
 279.000       1.3355
 280.000       2.0377
