#Res             RMSF
   1.000       1.1798
   2.000       0.8412
   3.000       0.6450
   4.000       0.5379
   5.000       0.5040
   6.000       0.4413
   7.000       0.5303
   8.000       0.4943
   9.000       0.4082
  10.000       0.3953
  11.000       0.3930
  12.000       0.4152
  13.000       0.3951
  14.000       0.3299
  15.000       0.4311
  16.000       0.4357
  17.000       0.3924
  18.000       0.4121
  19.000       0.5084
  20.000       0.5538
  21.000       0.5564
  22.000       0.5377
  23.000       0.4759
  24.000       0.4206
  25.000       0.4770
  26.000       0.5443
  27.000       0.5381
  28.000       0.4881
  29.000       0.4408
  30.000       0.4196
  31.000       0.4788
  32.000       0.4998
  33.000       0.4670
  34.000       0.4168
  35.000       0.4359
  36.000       0.4936
  37.000       0.4705
  38.000       0.4621
  39.000       0.5664
  40.000       0.8445
  41.000       0.8619
  42.000       0.6977
  43.000       0.7008
  44.000       0.8526
  45.000       0.5463
  46.000       0.5462
  47.000       0.5123
  48.000       0.5270
  49.000       0.5713
  50.000       0.5119
  51.000       0.4366
  52.000       0.4018
  53.000       0.4112
  54.000       0.4128
  55.000       0.3834
  56.000       0.3757
  57.000       0.4006
  58.000       0.4329
  59.000       0.4176
  60.000       0.3871
  61.000       0.4319
  62.000       0.4575
  63.000       0.4032
  64.000       0.3730
  65.000       0.4170
  66.000       0.3557
  67.000       0.3242
  68.000       0.3555
  69.000       0.3483
  70.000       0.3072
  71.000       0.3392
  72.000       0.3836
  73.000       0.3696
  74.000       0.3817
  75.000       0.4564
  76.000       0.4575
  77.000       0.5110
  78.000       0.5653
  79.000       0.4540
  80.000       0.4598
  81.000       0.3734
  82.000       0.3301
  83.000       0.3992
  84.000       0.4392
  85.000       0.4365
  86.000       0.3542
  87.000       0.4456
  88.000       0.5312
  89.000       0.4529
  90.000       0.4430
  91.000       0.5950
  92.000       0.6650
  93.000       0.6365
  94.000       0.7265
  95.000       1.0023
  96.000       1.6411
  97.000       2.8670
