#Res             RMSF
 662.000       1.7601
 663.000       1.1644
 664.000       1.0536
 665.000       0.6427
 666.000       0.4275
 667.000       0.4361
 668.000       0.4925
 669.000       0.4514
 670.000       0.4086
 671.000       0.4055
 672.000       0.4616
 673.000       0.4319
 674.000       0.4344
 675.000       0.5830
 676.000       0.6854
 677.000       0.5881
 678.000       0.5339
 679.000       0.7316
 680.000       0.8048
 681.000       0.5773
 682.000       0.5362
 683.000       0.4498
 684.000       0.4676
 685.000       0.5718
 686.000       0.5830
 687.000       0.4120
 688.000       0.4066
 689.000       0.4602
 690.000       0.3837
 691.000       0.3652
 692.000       0.3993
 693.000       0.4041
 694.000       0.4010
 695.000       0.4004
 696.000       0.4347
 697.000       0.4274
 698.000       0.4008
 699.000       0.3476
 700.000       0.4000
 701.000       0.4080
 702.000       0.3774
 703.000       0.4248
 704.000       0.4807
 705.000       0.3959
 706.000       0.3490
 707.000       0.4216
 708.000       0.4193
 709.000       0.3619
 710.000       0.4262
 711.000       0.4949
 712.000       0.6109
 713.000       0.6660
 714.000       0.6735
 715.000       0.6199
 716.000       0.7696
 717.000       0.5473
 718.000       0.4055
 719.000       0.4221
 720.000       0.4471
 721.000       0.4199
 722.000       0.3473
 723.000       0.3767
 724.000       0.4345
 725.000       0.3789
 726.000       0.3604
 727.000       0.4322
 728.000       0.4881
 729.000       0.5013
 730.000       0.4845
 731.000       0.4786
 732.000       0.6778
 733.000       0.8135
 734.000       0.8770
 735.000       0.5830
 736.000       0.5160
 737.000       0.6192
 738.000       0.5345
 739.000       0.4622
 740.000       0.4409
 741.000       0.4898
 742.000       0.4506
 743.000       0.4453
 744.000       0.5049
 745.000       0.5305
 746.000       0.4462
 747.000       0.4875
 748.000       0.6213
 749.000       0.6230
 750.000       0.5580
 751.000       0.7803
 752.000       1.7919
 753.000       3.1317
