#Res             RMSF
   1.000       1.2711
   2.000       0.8762
   3.000       0.6667
   4.000       0.5527
   5.000       0.5242
   6.000       0.4500
   7.000       0.5213
   8.000       0.5125
   9.000       0.4616
  10.000       0.4283
  11.000       0.4442
  12.000       0.4562
  13.000       0.4084
  14.000       0.3614
  15.000       0.4479
  16.000       0.4354
  17.000       0.4072
  18.000       0.4199
  19.000       0.5081
  20.000       0.5505
  21.000       0.5575
  22.000       0.5327
  23.000       0.4754
  24.000       0.4082
  25.000       0.4442
  26.000       0.4960
  27.000       0.5047
  28.000       0.4919
  29.000       0.4472
  30.000       0.4309
  31.000       0.4810
  32.000       0.4958
  33.000       0.4862
  34.000       0.4216
  35.000       0.4379
  36.000       0.4978
  37.000       0.4728
  38.000       0.4553
  39.000       0.6163
  40.000       0.9423
  41.000       0.8924
  42.000       0.7039
  43.000       0.7353
  44.000       0.9258
  45.000       0.5577
  46.000       0.5484
  47.000       0.5157
  48.000       0.5409
  49.000       0.6086
  50.000       0.5070
  51.000       0.4112
  52.000       0.4015
  53.000       0.3987
  54.000       0.4092
  55.000       0.3823
  56.000       0.3630
  57.000       0.3923
  58.000       0.4300
  59.000       0.4100
  60.000       0.3872
  61.000       0.4290
  62.000       0.4438
  63.000       0.3967
  64.000       0.3733
  65.000       0.4275
  66.000       0.3546
  67.000       0.3260
  68.000       0.3691
  69.000       0.3563
  70.000       0.3242
  71.000       0.3529
  72.000       0.3957
  73.000       0.3686
  74.000       0.3864
  75.000       0.4594
  76.000       0.4743
  77.000       0.5194
  78.000       0.5646
  79.000       0.4647
  80.000       0.4395
  81.000       0.3764
  82.000       0.3399
  83.000       0.4085
  84.000       0.4431
  85.000       0.4462
  86.000       0.3608
  87.000       0.4512
  88.000       0.5522
  89.000       0.4776
  90.000       0.4580
  91.000       0.6180
  92.000       0.6814
  93.000       0.6482
  94.000       0.7415
  95.000       0.9934
  96.000       1.5270
  97.000       2.7321
