#Res             RMSF
 558.000       1.7657
 559.000       1.1475
 560.000       0.7835
 561.000       0.5907
 562.000       0.7911
 563.000       0.8146
 564.000       0.5980
 565.000       0.6704
 566.000       0.4815
 567.000       0.4754
 568.000       0.4038
 569.000       0.4658
 570.000       0.4191
 571.000       0.4936
 572.000       0.4624
 573.000       0.3849
 574.000       0.3948
 575.000       0.4787
 576.000       0.4889
 577.000       0.5041
 578.000       0.7165
 579.000       0.8349
 580.000       0.9912
 581.000       0.8503
 582.000       0.6211
 583.000       0.8449
 584.000       0.9992
 585.000       0.7843
 586.000       0.5872
 587.000       0.5603
 588.000       0.7055
 589.000       0.5404
 590.000       0.3947
 591.000       0.3641
 592.000       0.3719
 593.000       0.3888
 594.000       0.3728
 595.000       0.3630
 596.000       0.3641
 597.000       0.3856
 598.000       0.3766
 599.000       0.3677
 600.000       0.4025
 601.000       0.4332
 602.000       0.4225
 603.000       0.4645
 604.000       0.4921
 605.000       0.4302
 606.000       0.4303
 607.000       0.5114
 608.000       0.4762
 609.000       0.4122
 610.000       0.4478
 611.000       0.5532
 612.000       0.5452
 613.000       0.5388
 614.000       0.7414
 615.000       0.8246
 616.000       0.7873
 617.000       0.8579
 618.000       0.6646
 619.000       0.7146
 620.000       0.5657
 621.000       0.3830
 622.000       0.4110
 623.000       0.4150
 624.000       0.4188
 625.000       0.3969
 626.000       0.4150
 627.000       0.4867
 628.000       0.6688
 629.000       0.6923
 630.000       0.6955
 631.000       0.7945
 632.000       1.1643
 633.000       1.2036
 634.000       1.2978
 635.000       1.0815
 636.000       0.9675
 637.000       1.1063
 638.000       1.0323
 639.000       0.8527
 640.000       0.9132
 641.000       1.1240
 642.000       1.0411
 643.000       0.7060
 644.000       0.5691
 645.000       0.5438
 646.000       0.5112
 647.000       0.4779
 648.000       0.5124
 649.000       0.5870
 650.000       0.6184
 651.000       0.7399
 652.000       0.7799
 653.000       0.9104
 654.000       0.9289
 655.000       0.9495
 656.000       1.0248
 657.000       1.0037
 658.000       0.9281
 659.000       1.0436
 660.000       1.3840
 661.000       2.0226
