#Res             RMSF
 176.000       2.2101
 177.000       1.5101
 178.000       0.8796
 179.000       0.5710
 180.000       0.5143
 181.000       0.6555
 182.000       0.6675
 183.000       0.5310
 184.000       0.6114
 185.000       0.4618
 186.000       0.5019
 187.000       0.4577
 188.000       0.5020
 189.000       0.4669
 190.000       0.6767
 191.000       0.6562
 192.000       0.5152
 193.000       0.4977
 194.000       0.6362
 195.000       0.6434
 196.000       0.5736
 197.000       0.7406
 198.000       0.9394
 199.000       0.8691
 200.000       1.1455
 201.000       0.6523
 202.000       0.7993
 203.000       0.8808
 204.000       0.6260
 205.000       0.5704
 206.000       0.8645
 207.000       0.8419
 208.000       0.5298
 209.000       0.4007
 210.000       0.3863
 211.000       0.4028
 212.000       0.4158
 213.000       0.4045
 214.000       0.3912
 215.000       0.4018
 216.000       0.4307
 217.000       0.4409
 218.000       0.4024
 219.000       0.4244
 220.000       0.4616
 221.000       0.4407
 222.000       0.4722
 223.000       0.5196
 224.000       0.4293
 225.000       0.4255
 226.000       0.4938
 227.000       0.4877
 228.000       0.4250
 229.000       0.5095
 230.000       0.5688
 231.000       0.5608
 232.000       0.5212
 233.000       0.7262
 234.000       0.8663
 235.000       0.8555
 236.000       0.8844
 237.000       0.7075
 238.000       0.7663
 239.000       0.5590
 240.000       0.4187
 241.000       0.4663
 242.000       0.4609
 243.000       0.4632
 244.000       0.4266
 245.000       0.4537
 246.000       0.4687
 247.000       0.5013
 248.000       0.5739
 249.000       0.6528
 250.000       0.9390
 251.000       1.1060
 252.000       0.8814
 253.000       0.8869
 254.000       0.7495
 255.000       0.7069
 256.000       0.8306
 257.000       0.9051
 258.000       0.7812
 259.000       0.8781
 260.000       1.5076
 261.000       1.6724
 262.000       0.8591
 263.000       0.5934
 264.000       0.5238
 265.000       0.5565
 266.000       0.5144
 267.000       0.5282
 268.000       0.5997
 269.000       0.6541
 270.000       0.8215
 271.000       0.8150
 272.000       0.8118
 273.000       0.7770
 274.000       0.8044
 275.000       0.9284
 276.000       0.9272
 277.000       0.8488
 278.000       0.9673
 279.000       1.2813
 280.000       1.9699
