#Res             RMSF
 281.000       1.8919
 282.000       1.2702
 283.000       1.0980
 284.000       0.9542
 285.000       0.9501
 286.000       0.6995
 287.000       0.4993
 288.000       0.4706
 289.000       0.6025
 290.000       0.6891
 291.000       0.5837
 292.000       0.5428
 293.000       0.5094
 294.000       0.5139
 295.000       0.4400
 296.000       0.4350
 297.000       0.5440
 298.000       0.6625
 299.000       0.6057
 300.000       0.6125
 301.000       0.8527
 302.000       0.7805
 303.000       0.5742
 304.000       0.5623
 305.000       0.4918
 306.000       0.5590
 307.000       0.6306
 308.000       0.6552
 309.000       0.5144
 310.000       0.5084
 311.000       0.5799
 312.000       0.4642
 313.000       0.3832
 314.000       0.4003
 315.000       0.4298
 316.000       0.4123
 317.000       0.3873
 318.000       0.4216
 319.000       0.4226
 320.000       0.4100
 321.000       0.3644
 322.000       0.4217
 323.000       0.4433
 324.000       0.3958
 325.000       0.4298
 326.000       0.4972
 327.000       0.4165
 328.000       0.3785
 329.000       0.4359
 330.000       0.4782
 331.000       0.4778
 332.000       0.4556
 333.000       0.4843
 334.000       0.5300
 335.000       0.5912
 336.000       0.6113
 337.000       0.5316
 338.000       0.5878
 339.000       0.4981
 340.000       0.4080
 341.000       0.3844
 342.000       0.4361
 343.000       0.4506
 344.000       0.3561
 345.000       0.3571
 346.000       0.3989
 347.000       0.3708
 348.000       0.3498
 349.000       0.3752
 350.000       0.4342
 351.000       0.4315
 352.000       0.4403
 353.000       0.4284
 354.000       0.5673
 355.000       0.7452
 356.000       0.7558
 357.000       0.5520
 358.000       0.4587
 359.000       0.5777
 360.000       0.5220
 361.000       0.4368
 362.000       0.4149
 363.000       0.4673
 364.000       0.4479
 365.000       0.4158
 366.000       0.4609
 367.000       0.4923
 368.000       0.4339
 369.000       0.4702
 370.000       0.5677
 371.000       0.5400
 372.000       0.5156
 373.000       0.6814
 374.000       0.8436
 375.000       1.3057
 376.000       2.8131
