#Res             RMSF
 558.000       1.6275
 559.000       1.0459
 560.000       0.7758
 561.000       0.5524
 562.000       0.7494
 563.000       0.7626
 564.000       0.5667
 565.000       0.6373
 566.000       0.4659
 567.000       0.4692
 568.000       0.3945
 569.000       0.4475
 570.000       0.4148
 571.000       0.5055
 572.000       0.4849
 573.000       0.4015
 574.000       0.3952
 575.000       0.4865
 576.000       0.5235
 577.000       0.5289
 578.000       0.6854
 579.000       0.8676
 580.000       0.9160
 581.000       1.1065
 582.000       0.6020
 583.000       0.8051
 584.000       0.9337
 585.000       0.7145
 586.000       0.5766
 587.000       0.5658
 588.000       0.7460
 589.000       0.5573
 590.000       0.4194
 591.000       0.3791
 592.000       0.3857
 593.000       0.4002
 594.000       0.3796
 595.000       0.3706
 596.000       0.3766
 597.000       0.3992
 598.000       0.3839
 599.000       0.3719
 600.000       0.4001
 601.000       0.4381
 602.000       0.4336
 603.000       0.4667
 604.000       0.4914
 605.000       0.4304
 606.000       0.4392
 607.000       0.5128
 608.000       0.4887
 609.000       0.4553
 610.000       0.5355
 611.000       0.6819
 612.000       0.6681
 613.000       0.6205
 614.000       0.8433
 615.000       0.9499
 616.000       0.8873
 617.000       0.9306
 618.000       0.7183
 619.000       0.7947
 620.000       0.5515
 621.000       0.4251
 622.000       0.4648
 623.000       0.4791
 624.000       0.5027
 625.000       0.4452
 626.000       0.4535
 627.000       0.5585
 628.000       0.7400
 629.000       0.6825
 630.000       0.6794
 631.000       0.8073
 632.000       1.1547
 633.000       1.0966
 634.000       1.1744
 635.000       0.9673
 636.000       0.8628
 637.000       0.9959
 638.000       0.9690
 639.000       0.8096
 640.000       0.8504
 641.000       1.6252
 642.000       1.3255
 643.000       0.6990
 644.000       0.5818
 645.000       0.5451
 646.000       0.5361
 647.000       0.5028
 648.000       0.5412
 649.000       0.6008
 650.000       0.6489
 651.000       0.8277
 652.000       0.7819
 653.000       0.8670
 654.000       0.8719
 655.000       0.8984
 656.000       1.0067
 657.000       0.9858
 658.000       0.9029
 659.000       1.0491
 660.000       1.4072
 661.000       2.0693
