#Res             RMSF
   1.000       1.2817
   2.000       0.8358
   3.000       0.6389
   4.000       0.5402
   5.000       0.5336
   6.000       0.4487
   7.000       0.4797
   8.000       0.4991
   9.000       0.4641
  10.000       0.4125
  11.000       0.4469
  12.000       0.4498
  13.000       0.3783
  14.000       0.3496
  15.000       0.4480
  16.000       0.4214
  17.000       0.4084
  18.000       0.4267
  19.000       0.5072
  20.000       0.5440
  21.000       0.5409
  22.000       0.5028
  23.000       0.4471
  24.000       0.3918
  25.000       0.4106
  26.000       0.4404
  27.000       0.4598
  28.000       0.4928
  29.000       0.4464
  30.000       0.4279
  31.000       0.4686
  32.000       0.4781
  33.000       0.4509
  34.000       0.3869
  35.000       0.4208
  36.000       0.4779
  37.000       0.4441
  38.000       0.4386
  39.000       0.6032
  40.000       0.8015
  41.000       0.6827
  42.000       0.6474
  43.000       0.7623
  44.000       0.9572
  45.000       0.5360
  46.000       0.5323
  47.000       0.5179
  48.000       0.5540
  49.000       0.6412
  50.000       0.5005
  51.000       0.3854
  52.000       0.3970
  53.000       0.3872
  54.000       0.4064
  55.000       0.3809
  56.000       0.3448
  57.000       0.3810
  58.000       0.4251
  59.000       0.4004
  60.000       0.3832
  61.000       0.4235
  62.000       0.4269
  63.000       0.3891
  64.000       0.3679
  65.000       0.4312
  66.000       0.3524
  67.000       0.3225
  68.000       0.3770
  69.000       0.3627
  70.000       0.3388
  71.000       0.3634
  72.000       0.4036
  73.000       0.3638
  74.000       0.3820
  75.000       0.4485
  76.000       0.4791
  77.000       0.5159
  78.000       0.5546
  79.000       0.4630
  80.000       0.4072
  81.000       0.3649
  82.000       0.3416
  83.000       0.4066
  84.000       0.4273
  85.000       0.4422
  86.000       0.3609
  87.000       0.4469
  88.000       0.5560
  89.000       0.4858
  90.000       0.4626
  91.000       0.6309
  92.000       0.6810
  93.000       0.6430
  94.000       0.7510
  95.000       0.9661
  96.000       1.3602
  97.000       2.5315
