#Res             RMSF
 476.000       2.7547
 477.000       1.8240
 478.000       1.0036
 479.000       0.9491
 480.000       0.6154
 481.000       0.6222
 482.000       0.8817
 483.000       0.9240
 484.000       0.6510
 485.000       0.6276
 486.000       0.4960
 487.000       0.4969
 488.000       0.4972
 489.000       0.3840
 490.000       0.3478
 491.000       0.4074
 492.000       0.3864
 493.000       0.3436
 494.000       0.3713
 495.000       0.3912
 496.000       0.4219
 497.000       0.4406
 498.000       0.3831
 499.000       0.4314
 500.000       0.4091
 501.000       0.3935
 502.000       0.4448
 503.000       0.5186
 504.000       0.5032
 505.000       0.3937
 506.000       0.4294
 507.000       0.5526
 508.000       0.5075
 509.000       0.4155
 510.000       0.4377
 511.000       0.4984
 512.000       0.4912
 513.000       0.4304
 514.000       0.4771
 515.000       0.5115
 516.000       0.4810
 517.000       0.5061
 518.000       0.5120
 519.000       0.4640
 520.000       0.4039
 521.000       0.3483
 522.000       0.3833
 523.000       0.3310
 524.000       0.3221
 525.000       0.3496
 526.000       0.3729
 527.000       0.3518
 528.000       0.3778
 529.000       0.5091
 530.000       0.5600
 531.000       0.5283
 532.000       0.5957
 533.000       0.4916
 534.000       0.6216
 535.000       0.4440
 536.000       0.4072
 537.000       0.4461
 538.000       0.4494
 539.000       0.4286
 540.000       0.3512
 541.000       0.3743
 542.000       0.4082
 543.000       0.3656
 544.000       0.3415
 545.000       0.4253
 546.000       0.4815
 547.000       0.5207
 548.000       0.6112
 549.000       0.7181
 550.000       0.7576
 551.000       0.7495
 552.000       0.5186
 553.000       0.5417
 554.000       0.7013
 555.000       0.9324
 556.000       1.3699
 557.000       1.5652
