#Res             RMSF
 476.000       2.7524
 477.000       1.8218
 478.000       1.0027
 479.000       0.9484
 480.000       0.6154
 481.000       0.6224
 482.000       0.8817
 483.000       0.9245
 484.000       0.6520
 485.000       0.6278
 486.000       0.4955
 487.000       0.4973
 488.000       0.4979
 489.000       0.3842
 490.000       0.3481
 491.000       0.4081
 492.000       0.3871
 493.000       0.3442
 494.000       0.3721
 495.000       0.3919
 496.000       0.4221
 497.000       0.4411
 498.000       0.3839
 499.000       0.4319
 500.000       0.4098
 501.000       0.3937
 502.000       0.4447
 503.000       0.5186
 504.000       0.5031
 505.000       0.3940
 506.000       0.4290
 507.000       0.5526
 508.000       0.5075
 509.000       0.4154
 510.000       0.4384
 511.000       0.4984
 512.000       0.4912
 513.000       0.4327
 514.000       0.4774
 515.000       0.5114
 516.000       0.4809
 517.000       0.5057
 518.000       0.5118
 519.000       0.4637
 520.000       0.4034
 521.000       0.3488
 522.000       0.3838
 523.000       0.3312
 524.000       0.3218
 525.000       0.3500
 526.000       0.3732
 527.000       0.3517
 528.000       0.3774
 529.000       0.5088
 530.000       0.5596
 531.000       0.5282
 532.000       0.5951
 533.000       0.4913
 534.000       0.6208
 535.000       0.4435
 536.000       0.4069
 537.000       0.4457
 538.000       0.4490
 539.000       0.4288
 540.000       0.3519
 541.000       0.3742
 542.000       0.4079
 543.000       0.3652
 544.000       0.3411
 545.000       0.4250
 546.000       0.4812
 547.000       0.5205
 548.000       0.6105
 549.000       0.7172
 550.000       0.7568
 551.000       0.7489
 552.000       0.5180
 553.000       0.5413
 554.000       0.7006
 555.000       0.9321
 556.000       1.3720
 557.000       1.5683
