#Res             RMSF
 281.000       3.8461
 282.000       1.6951
 283.000       2.3947
 284.000       1.5632
 285.000       1.2847
 286.000       0.7533
 287.000       0.5581
 288.000       0.5239
 289.000       0.6245
 290.000       0.7139
 291.000       0.5932
 292.000       0.5398
 293.000       0.5412
 294.000       0.5421
 295.000       0.4493
 296.000       0.4604
 297.000       0.5905
 298.000       0.7295
 299.000       0.6930
 300.000       0.7699
 301.000       0.9222
 302.000       0.8466
 303.000       0.6365
 304.000       0.6041
 305.000       0.4986
 306.000       0.5802
 307.000       0.6910
 308.000       0.7113
 309.000       0.5359
 310.000       0.5367
 311.000       0.6233
 312.000       0.5085
 313.000       0.4197
 314.000       0.4427
 315.000       0.4743
 316.000       0.4509
 317.000       0.4181
 318.000       0.4701
 319.000       0.4831
 320.000       0.4477
 321.000       0.4163
 322.000       0.4782
 323.000       0.4801
 324.000       0.4149
 325.000       0.4641
 326.000       0.5257
 327.000       0.4302
 328.000       0.3774
 329.000       0.4367
 330.000       0.4759
 331.000       0.4667
 332.000       0.4620
 333.000       0.4896
 334.000       0.5490
 335.000       0.6382
 336.000       0.6606
 337.000       0.5822
 338.000       0.6150
 339.000       0.5285
 340.000       0.4361
 341.000       0.4218
 342.000       0.4611
 343.000       0.4786
 344.000       0.3802
 345.000       0.3738
 346.000       0.4046
 347.000       0.3735
 348.000       0.3628
 349.000       0.3993
 350.000       0.4710
 351.000       0.4520
 352.000       0.4820
 353.000       0.4525
 354.000       0.5885
 355.000       0.7712
 356.000       0.8437
 357.000       0.5780
 358.000       0.4601
 359.000       0.5743
 360.000       0.5175
 361.000       0.4325
 362.000       0.4140
 363.000       0.4669
 364.000       0.4491
 365.000       0.4249
 366.000       0.4762
 367.000       0.5097
 368.000       0.4514
 369.000       0.5209
 370.000       0.6060
 371.000       0.5744
 372.000       0.5733
 373.000       0.7347
 374.000       0.8640
 375.000       1.4894
 376.000       3.0607
