#Res             RMSF
   1.000       1.2691
   2.000       0.8767
   3.000       0.6666
   4.000       0.5530
   5.000       0.5247
   6.000       0.4505
   7.000       0.5215
   8.000       0.5129
   9.000       0.4621
  10.000       0.4286
  11.000       0.4446
  12.000       0.4564
  13.000       0.4085
  14.000       0.3614
  15.000       0.4476
  16.000       0.4357
  17.000       0.4071
  18.000       0.4202
  19.000       0.5086
  20.000       0.5497
  21.000       0.5572
  22.000       0.5331
  23.000       0.4758
  24.000       0.4084
  25.000       0.4447
  26.000       0.4961
  27.000       0.5048
  28.000       0.4919
  29.000       0.4474
  30.000       0.4309
  31.000       0.4809
  32.000       0.4956
  33.000       0.4860
  34.000       0.4215
  35.000       0.4380
  36.000       0.4978
  37.000       0.4727
  38.000       0.4554
  39.000       0.6169
  40.000       0.9432
  41.000       0.8923
  42.000       0.7041
  43.000       0.7348
  44.000       0.9218
  45.000       0.5563
  46.000       0.5475
  47.000       0.5157
  48.000       0.5401
  49.000       0.6074
  50.000       0.5065
  51.000       0.4113
  52.000       0.4011
  53.000       0.3988
  54.000       0.4092
  55.000       0.3820
  56.000       0.3629
  57.000       0.3924
  58.000       0.4294
  59.000       0.4093
  60.000       0.3872
  61.000       0.4292
  62.000       0.4438
  63.000       0.3965
  64.000       0.3733
  65.000       0.4277
  66.000       0.3550
  67.000       0.3262
  68.000       0.3690
  69.000       0.3564
  70.000       0.3245
  71.000       0.3531
  72.000       0.3959
  73.000       0.3689
  74.000       0.3867
  75.000       0.4598
  76.000       0.4748
  77.000       0.5193
  78.000       0.5644
  79.000       0.4648
  80.000       0.4399
  81.000       0.3767
  82.000       0.3399
  83.000       0.4083
  84.000       0.4415
  85.000       0.4450
  86.000       0.3607
  87.000       0.4512
  88.000       0.5523
  89.000       0.4777
  90.000       0.4585
  91.000       0.6183
  92.000       0.6821
  93.000       0.6484
  94.000       0.7421
  95.000       0.9919
  96.000       1.5261
  97.000       2.7310
