#Res             RMSF
 281.000       3.4005
 282.000       1.7059
 283.000       1.9854
 284.000       1.3089
 285.000       1.0290
 286.000       0.6850
 287.000       0.5645
 288.000       0.5003
 289.000       0.6348
 290.000       0.7116
 291.000       0.5719
 292.000       0.5163
 293.000       0.5684
 294.000       0.5665
 295.000       0.4501
 296.000       0.4731
 297.000       0.6203
 298.000       0.7747
 299.000       0.7545
 300.000       0.8204
 301.000       0.9130
 302.000       0.9029
 303.000       0.6159
 304.000       0.5899
 305.000       0.4868
 306.000       0.5773
 307.000       0.7186
 308.000       0.7392
 309.000       0.5364
 310.000       0.5292
 311.000       0.5961
 312.000       0.4779
 313.000       0.4195
 314.000       0.4253
 315.000       0.4306
 316.000       0.4288
 317.000       0.4101
 318.000       0.4497
 319.000       0.4653
 320.000       0.4401
 321.000       0.4129
 322.000       0.4649
 323.000       0.4642
 324.000       0.4078
 325.000       0.4376
 326.000       0.4851
 327.000       0.3965
 328.000       0.3747
 329.000       0.4216
 330.000       0.4162
 331.000       0.4079
 332.000       0.4617
 333.000       0.4875
 334.000       0.5446
 335.000       0.6572
 336.000       0.6855
 337.000       0.6004
 338.000       0.6245
 339.000       0.5524
 340.000       0.4610
 341.000       0.4547
 342.000       0.4782
 343.000       0.4932
 344.000       0.3901
 345.000       0.3767
 346.000       0.4044
 347.000       0.3740
 348.000       0.3694
 349.000       0.4115
 350.000       0.4921
 351.000       0.4700
 352.000       0.4805
 353.000       0.4399
 354.000       0.5557
 355.000       0.7589
 356.000       0.8500
 357.000       0.5685
 358.000       0.4516
 359.000       0.5522
 360.000       0.4986
 361.000       0.4280
 362.000       0.4065
 363.000       0.4572
 364.000       0.4496
 365.000       0.4197
 366.000       0.4532
 367.000       0.4932
 368.000       0.4335
 369.000       0.4928
 370.000       0.5631
 371.000       0.5490
 372.000       0.5482
 373.000       0.6776
 374.000       0.8102
 375.000       1.6318
 376.000       3.2665
