#Res             RMSF
  98.000       1.2610
  99.000       0.8337
 100.000       0.9500
 101.000       0.9935
 102.000       0.6364
 103.000       0.4892
 104.000       0.4310
 105.000       0.4198
 106.000       0.4292
 107.000       0.3535
 108.000       0.3006
 109.000       0.3637
 110.000       0.3859
 111.000       0.3110
 112.000       0.3322
 113.000       0.3770
 114.000       0.4171
 115.000       0.4090
 116.000       0.3640
 117.000       0.4092
 118.000       0.3787
 119.000       0.3674
 120.000       0.3985
 121.000       0.4381
 122.000       0.4386
 123.000       0.3649
 124.000       0.3699
 125.000       0.4910
 126.000       0.4832
 127.000       0.3798
 128.000       0.3983
 129.000       0.4929
 130.000       0.4901
 131.000       0.4482
 132.000       0.4179
 133.000       0.4678
 134.000       0.4695
 135.000       0.4608
 136.000       0.4795
 137.000       0.4685
 138.000       0.4027
 139.000       0.3858
 140.000       0.4081
 141.000       0.3383
 142.000       0.3150
 143.000       0.3427
 144.000       0.3633
 145.000       0.3291
 146.000       0.3291
 147.000       0.4672
 148.000       0.5404
 149.000       0.5258
 150.000       0.5821
 151.000       0.4858
 152.000       0.6223
 153.000       0.4592
 154.000       0.3855
 155.000       0.3934
 156.000       0.4016
 157.000       0.3936
 158.000       0.3365
 159.000       0.3359
 160.000       0.3372
 161.000       0.3216
 162.000       0.3271
 163.000       0.3670
 164.000       0.4158
 165.000       0.4462
 166.000       0.5051
 167.000       0.6266
 168.000       0.6674
 169.000       0.6042
 170.000       0.4853
 171.000       0.4524
 172.000       0.5613
 173.000       0.7573
 174.000       1.5094
 175.000       2.9701
