#Res             RMSF
 662.000       1.6645
 663.000       1.0591
 664.000       0.9105
 665.000       0.6117
 666.000       0.4434
 667.000       0.4394
 668.000       0.4751
 669.000       0.4529
 670.000       0.4133
 671.000       0.4249
 672.000       0.4711
 673.000       0.4383
 674.000       0.4351
 675.000       0.5659
 676.000       0.6725
 677.000       0.5967
 678.000       0.7098
 679.000       0.8495
 680.000       0.8015
 681.000       0.6042
 682.000       0.5757
 683.000       0.4557
 684.000       0.5000
 685.000       0.6101
 686.000       0.6062
 687.000       0.4346
 688.000       0.4496
 689.000       0.4972
 690.000       0.4004
 691.000       0.3752
 692.000       0.4186
 693.000       0.4266
 694.000       0.3976
 695.000       0.3900
 696.000       0.4326
 697.000       0.4260
 698.000       0.4077
 699.000       0.3514
 700.000       0.4018
 701.000       0.4205
 702.000       0.3881
 703.000       0.4150
 704.000       0.4736
 705.000       0.3995
 706.000       0.3684
 707.000       0.4367
 708.000       0.4319
 709.000       0.3556
 710.000       0.4250
 711.000       0.5278
 712.000       0.6367
 713.000       0.6819
 714.000       0.6871
 715.000       0.6351
 716.000       0.7408
 717.000       0.5444
 718.000       0.4091
 719.000       0.4230
 720.000       0.4493
 721.000       0.4282
 722.000       0.3564
 723.000       0.3741
 724.000       0.4101
 725.000       0.3612
 726.000       0.3473
 727.000       0.4068
 728.000       0.4800
 729.000       0.4903
 730.000       0.4896
 731.000       0.4731
 732.000       0.6405
 733.000       0.8259
 734.000       0.8346
 735.000       0.5617
 736.000       0.5045
 737.000       0.6115
 738.000       0.5332
 739.000       0.4460
 740.000       0.4384
 741.000       0.4797
 742.000       0.4529
 743.000       0.4396
 744.000       0.4897
 745.000       0.4963
 746.000       0.4344
 747.000       0.4713
 748.000       0.5653
 749.000       0.5730
 750.000       0.5346
 751.000       0.7808
 752.000       1.6357
 753.000       2.9469
