#Res             RMSF
  98.000       2.1661
  99.000       1.6067
 100.000       1.8153
 101.000       1.4834
 102.000       0.5575
 103.000       0.5489
 104.000       0.4911
 105.000       0.5228
 106.000       0.5041
 107.000       0.3805
 108.000       0.3419
 109.000       0.3930
 110.000       0.4220
 111.000       0.3565
 112.000       0.3464
 113.000       0.3692
 114.000       0.4042
 115.000       0.3951
 116.000       0.3693
 117.000       0.4108
 118.000       0.4055
 119.000       0.4158
 120.000       0.4603
 121.000       0.5129
 122.000       0.4873
 123.000       0.3822
 124.000       0.4198
 125.000       0.4840
 126.000       0.4638
 127.000       0.3694
 128.000       0.4028
 129.000       0.5119
 130.000       0.4704
 131.000       0.4332
 132.000       0.4752
 133.000       0.5027
 134.000       0.4499
 135.000       0.5396
 136.000       0.5717
 137.000       0.4599
 138.000       0.4075
 139.000       0.3916
 140.000       0.4359
 141.000       0.3327
 142.000       0.3194
 143.000       0.3438
 144.000       0.3830
 145.000       0.3910
 146.000       0.3907
 147.000       0.5855
 148.000       0.6837
 149.000       0.6014
 150.000       0.6560
 151.000       0.4831
 152.000       0.6390
 153.000       0.4405
 154.000       0.3720
 155.000       0.4079
 156.000       0.4030
 157.000       0.4107
 158.000       0.3421
 159.000       0.3362
 160.000       0.3594
 161.000       0.3543
 162.000       0.3323
 163.000       0.3638
 164.000       0.4582
 165.000       0.6204
 166.000       0.6441
 167.000       0.7303
 168.000       0.7042
 169.000       0.5276
 170.000       0.4465
 171.000       0.4762
 172.000       0.6908
 173.000       0.7681
 174.000       1.6961
 175.000       3.2157
