#Res             RMSF
 377.000       2.1496
 378.000       1.2992
 379.000       0.8350
 380.000       0.6372
 381.000       0.5403
 382.000       0.5263
 383.000       0.4417
 384.000       0.4587
 385.000       0.4594
 386.000       0.4465
 387.000       0.4116
 388.000       0.4205
 389.000       0.4656
 390.000       0.4355
 391.000       0.3922
 392.000       0.4723
 393.000       0.4910
 394.000       0.4366
 395.000       0.4571
 396.000       0.5389
 397.000       0.5870
 398.000       0.6200
 399.000       0.5953
 400.000       0.5054
 401.000       0.4004
 402.000       0.4301
 403.000       0.5409
 404.000       0.5016
 405.000       0.4741
 406.000       0.5184
 407.000       0.4277
 408.000       0.4074
 409.000       0.4418
 410.000       0.4421
 411.000       0.3774
 412.000       0.4310
 413.000       0.4871
 414.000       0.4904
 415.000       0.5249
 416.000       0.6494
 417.000       0.9912
 418.000       1.0161
 419.000       0.7972
 420.000       0.8440
 421.000       1.0752
 422.000       0.5518
 423.000       0.5083
 424.000       0.4816
 425.000       0.5394
 426.000       0.6191
 427.000       0.5005
 428.000       0.4356
 429.000       0.3760
 430.000       0.4341
 431.000       0.4867
 432.000       0.4285
 433.000       0.3471
 434.000       0.3941
 435.000       0.4228
 436.000       0.4005
 437.000       0.3717
 438.000       0.4077
 439.000       0.4297
 440.000       0.3896
 441.000       0.3681
 442.000       0.4076
 443.000       0.3472
 444.000       0.3328
 445.000       0.3878
 446.000       0.3842
 447.000       0.3483
 448.000       0.3638
 449.000       0.4040
 450.000       0.3767
 451.000       0.4068
 452.000       0.4666
 453.000       0.4585
 454.000       0.5314
 455.000       0.5914
 456.000       0.5043
 457.000       0.5111
 458.000       0.4047
 459.000       0.3754
 460.000       0.4466
 461.000       0.4651
 462.000       0.4607
 463.000       0.3812
 464.000       0.4381
 465.000       0.5327
 466.000       0.4778
 467.000       0.4790
 468.000       0.5538
 469.000       0.6254
 470.000       0.6056
 471.000       0.6102
 472.000       0.7629
 473.000       1.0775
 474.000       1.8828
 475.000       3.1047
