#Res             RMSF
 662.000       1.3152
 663.000       0.8423
 664.000       0.6310
 665.000       0.5562
 666.000       0.4515
 667.000       0.4390
 668.000       0.4530
 669.000       0.4495
 670.000       0.4113
 671.000       0.4351
 672.000       0.4705
 673.000       0.4354
 674.000       0.4194
 675.000       0.5310
 676.000       0.6394
 677.000       0.5928
 678.000       0.6622
 679.000       0.8490
 680.000       0.7937
 681.000       0.5800
 682.000       0.5688
 683.000       0.4377
 684.000       0.4995
 685.000       0.5847
 686.000       0.5932
 687.000       0.4451
 688.000       0.4765
 689.000       0.5323
 690.000       0.4149
 691.000       0.3827
 692.000       0.4311
 693.000       0.4442
 694.000       0.3913
 695.000       0.3713
 696.000       0.4176
 697.000       0.4187
 698.000       0.4064
 699.000       0.3448
 700.000       0.3953
 701.000       0.4244
 702.000       0.3806
 703.000       0.3935
 704.000       0.4488
 705.000       0.3797
 706.000       0.3604
 707.000       0.4166
 708.000       0.4217
 709.000       0.3541
 710.000       0.4184
 711.000       0.5179
 712.000       0.6421
 713.000       0.6673
 714.000       0.6411
 715.000       0.5447
 716.000       0.5512
 717.000       0.4783
 718.000       0.4062
 719.000       0.4242
 720.000       0.4460
 721.000       0.4378
 722.000       0.3669
 723.000       0.3634
 724.000       0.3746
 725.000       0.3407
 726.000       0.3287
 727.000       0.3803
 728.000       0.4729
 729.000       0.4736
 730.000       0.4885
 731.000       0.4500
 732.000       0.5699
 733.000       0.8115
 734.000       0.7825
 735.000       0.5298
 736.000       0.4861
 737.000       0.6013
 738.000       0.5341
 739.000       0.4303
 740.000       0.4332
 741.000       0.4676
 742.000       0.4537
 743.000       0.4283
 744.000       0.4660
 745.000       0.4512
 746.000       0.4031
 747.000       0.4453
 748.000       0.4968
 749.000       0.5110
 750.000       0.5076
 751.000       0.7700
 752.000       1.4248
 753.000       2.6789
