#Res             RMSF
 558.000       1.4073
 559.000       0.8943
 560.000       0.7631
 561.000       0.5067
 562.000       0.6846
 563.000       0.6988
 564.000       0.5204
 565.000       0.5767
 566.000       0.4222
 567.000       0.4437
 568.000       0.3774
 569.000       0.4239
 570.000       0.3956
 571.000       0.4898
 572.000       0.4598
 573.000       0.3894
 574.000       0.3796
 575.000       0.4241
 576.000       0.4794
 577.000       0.4766
 578.000       0.5700
 579.000       0.7373
 580.000       0.7039
 581.000       0.8754
 582.000       0.5579
 583.000       0.6136
 584.000       0.6616
 585.000       0.5388
 586.000       0.5044
 587.000       0.5448
 588.000       0.7291
 589.000       0.5370
 590.000       0.4118
 591.000       0.3884
 592.000       0.3880
 593.000       0.3914
 594.000       0.3725
 595.000       0.3719
 596.000       0.3740
 597.000       0.4013
 598.000       0.3868
 599.000       0.3683
 600.000       0.3894
 601.000       0.4394
 602.000       0.4401
 603.000       0.4621
 604.000       0.4864
 605.000       0.4233
 606.000       0.4364
 607.000       0.4901
 608.000       0.4703
 609.000       0.4537
 610.000       0.5500
 611.000       0.7068
 612.000       0.6920
 613.000       0.6148
 614.000       0.8654
 615.000       1.0012
 616.000       0.9153
 617.000       0.9336
 618.000       0.7364
 619.000       0.7887
 620.000       0.5142
 621.000       0.4451
 622.000       0.4734
 623.000       0.4454
 624.000       0.4603
 625.000       0.4403
 626.000       0.4649
 627.000       0.4676
 628.000       0.5702
 629.000       0.5973
 630.000       0.6471
 631.000       0.8093
 632.000       1.1403
 633.000       0.9589
 634.000       0.9908
 635.000       0.8051
 636.000       0.7235
 637.000       0.8294
 638.000       0.8778
 639.000       0.7363
 640.000       0.6949
 641.000       1.6106
 642.000       1.3927
 643.000       0.6186
 644.000       0.5295
 645.000       0.5111
 646.000       0.5400
 647.000       0.4923
 648.000       0.5122
 649.000       0.5937
 650.000       0.5652
 651.000       0.6490
 652.000       0.6847
 653.000       0.8011
 654.000       0.7988
 655.000       0.8343
 656.000       0.9722
 657.000       0.9483
 658.000       0.8520
 659.000       1.0174
 660.000       1.3714
 661.000       2.0739
