#Res             RMSF
 377.000       2.1327
 378.000       1.2997
 379.000       0.8668
 380.000       0.6395
 381.000       0.5479
 382.000       0.5318
 383.000       0.4574
 384.000       0.4800
 385.000       0.4843
 386.000       0.4516
 387.000       0.4139
 388.000       0.4395
 389.000       0.4659
 390.000       0.4284
 391.000       0.3762
 392.000       0.4489
 393.000       0.4693
 394.000       0.4255
 395.000       0.4435
 396.000       0.5224
 397.000       0.5661
 398.000       0.5986
 399.000       0.5690
 400.000       0.4832
 401.000       0.4119
 402.000       0.4263
 403.000       0.5460
 404.000       0.5334
 405.000       0.5449
 406.000       0.5319
 407.000       0.4173
 408.000       0.4331
 409.000       0.4612
 410.000       0.4322
 411.000       0.4062
 412.000       0.4495
 413.000       0.4964
 414.000       0.5467
 415.000       0.5869
 416.000       0.6632
 417.000       0.9485
 418.000       0.9414
 419.000       0.7736
 420.000       0.8141
 421.000       1.0269
 422.000       0.6104
 423.000       0.5733
 424.000       0.5650
 425.000       0.6109
 426.000       0.6464
 427.000       0.5434
 428.000       0.4710
 429.000       0.4390
 430.000       0.4749
 431.000       0.4876
 432.000       0.4361
 433.000       0.3679
 434.000       0.4307
 435.000       0.4561
 436.000       0.4112
 437.000       0.3712
 438.000       0.4220
 439.000       0.4342
 440.000       0.3826
 441.000       0.3694
 442.000       0.4124
 443.000       0.3565
 444.000       0.3337
 445.000       0.4044
 446.000       0.4097
 447.000       0.3658
 448.000       0.3659
 449.000       0.4089
 450.000       0.3814
 451.000       0.4012
 452.000       0.4463
 453.000       0.4440
 454.000       0.5182
 455.000       0.5811
 456.000       0.4912
 457.000       0.5058
 458.000       0.4072
 459.000       0.3744
 460.000       0.4416
 461.000       0.4705
 462.000       0.4531
 463.000       0.3679
 464.000       0.4347
 465.000       0.5185
 466.000       0.4732
 467.000       0.4715
 468.000       0.5585
 469.000       0.6201
 470.000       0.6019
 471.000       0.6283
 472.000       0.8114
 473.000       1.4192
 474.000       2.5257
 475.000       4.3967
