#Res             RMSF
 476.000       2.9031
 477.000       2.1607
 478.000       1.0542
 479.000       0.9065
 480.000       0.5983
 481.000       0.6319
 482.000       0.8791
 483.000       0.8914
 484.000       0.6043
 485.000       0.5588
 486.000       0.4789
 487.000       0.4599
 488.000       0.4646
 489.000       0.3745
 490.000       0.3453
 491.000       0.4112
 492.000       0.3785
 493.000       0.3287
 494.000       0.3672
 495.000       0.3680
 496.000       0.4118
 497.000       0.4301
 498.000       0.3806
 499.000       0.4273
 500.000       0.4061
 501.000       0.3914
 502.000       0.4315
 503.000       0.5001
 504.000       0.4833
 505.000       0.3838
 506.000       0.4283
 507.000       0.5128
 508.000       0.4737
 509.000       0.4057
 510.000       0.3957
 511.000       0.4746
 512.000       0.4970
 513.000       0.4226
 514.000       0.4739
 515.000       0.4882
 516.000       0.4705
 517.000       0.5335
 518.000       0.5472
 519.000       0.4926
 520.000       0.4142
 521.000       0.3535
 522.000       0.3846
 523.000       0.3257
 524.000       0.3184
 525.000       0.3341
 526.000       0.3638
 527.000       0.3454
 528.000       0.3646
 529.000       0.5103
 530.000       0.6001
 531.000       0.5564
 532.000       0.5957
 533.000       0.4631
 534.000       0.6067
 535.000       0.4382
 536.000       0.3992
 537.000       0.4462
 538.000       0.4578
 539.000       0.4454
 540.000       0.3623
 541.000       0.3875
 542.000       0.4101
 543.000       0.3883
 544.000       0.3585
 545.000       0.4416
 546.000       0.4937
 547.000       0.5458
 548.000       0.6860
 549.000       0.7782
 550.000       0.7703
 551.000       0.7285
 552.000       0.5316
 553.000       0.5861
 554.000       0.6904
 555.000       0.8040
 556.000       1.0113
 557.000       1.3025
