#Res             RMSF
  98.000       1.8222
  99.000       1.3561
 100.000       1.5446
 101.000       1.3177
 102.000       0.6135
 103.000       0.5372
 104.000       0.4717
 105.000       0.5017
 106.000       0.4898
 107.000       0.3756
 108.000       0.3350
 109.000       0.3954
 110.000       0.4193
 111.000       0.3411
 112.000       0.3567
 113.000       0.3982
 114.000       0.4209
 115.000       0.4052
 116.000       0.3680
 117.000       0.4104
 118.000       0.3930
 119.000       0.4008
 120.000       0.4480
 121.000       0.4962
 122.000       0.4771
 123.000       0.3838
 124.000       0.4051
 125.000       0.5008
 126.000       0.4820
 127.000       0.3767
 128.000       0.4028
 129.000       0.5066
 130.000       0.4885
 131.000       0.4436
 132.000       0.4524
 133.000       0.4919
 134.000       0.4780
 135.000       0.5427
 136.000       0.5761
 137.000       0.4764
 138.000       0.4074
 139.000       0.3967
 140.000       0.4559
 141.000       0.3433
 142.000       0.3209
 143.000       0.3644
 144.000       0.4020
 145.000       0.3764
 146.000       0.3671
 147.000       0.5617
 148.000       0.6469
 149.000       0.5745
 150.000       0.6332
 151.000       0.4910
 152.000       0.6409
 153.000       0.4591
 154.000       0.3853
 155.000       0.4088
 156.000       0.4086
 157.000       0.4148
 158.000       0.3470
 159.000       0.3431
 160.000       0.3582
 161.000       0.3486
 162.000       0.3337
 163.000       0.3706
 164.000       0.4560
 165.000       0.5790
 166.000       0.5958
 167.000       0.7210
 168.000       0.7105
 169.000       0.6037
 170.000       0.4903
 171.000       0.4920
 172.000       0.6479
 173.000       0.7611
 174.000       1.6459
 175.000       3.1378
