#Res             RMSF
 476.000       2.0322
 477.000       1.2379
 478.000       0.8777
 479.000       0.8331
 480.000       0.5494
 481.000       0.5660
 482.000       0.7797
 483.000       0.8230
 484.000       0.6041
 485.000       0.6185
 486.000       0.5050
 487.000       0.4976
 488.000       0.4917
 489.000       0.3774
 490.000       0.3453
 491.000       0.3850
 492.000       0.3799
 493.000       0.3443
 494.000       0.3544
 495.000       0.3898
 496.000       0.4130
 497.000       0.4309
 498.000       0.3698
 499.000       0.4105
 500.000       0.3894
 501.000       0.3762
 502.000       0.4344
 503.000       0.5041
 504.000       0.4897
 505.000       0.3907
 506.000       0.4216
 507.000       0.5657
 508.000       0.5154
 509.000       0.4034
 510.000       0.4478
 511.000       0.5123
 512.000       0.4792
 513.000       0.4256
 514.000       0.4778
 515.000       0.5328
 516.000       0.4898
 517.000       0.4771
 518.000       0.4730
 519.000       0.4329
 520.000       0.3922
 521.000       0.3413
 522.000       0.3791
 523.000       0.3351
 524.000       0.3233
 525.000       0.3508
 526.000       0.3670
 527.000       0.3520
 528.000       0.3831
 529.000       0.4939
 530.000       0.5093
 531.000       0.4918
 532.000       0.5884
 533.000       0.4974
 534.000       0.6157
 535.000       0.4389
 536.000       0.4045
 537.000       0.4360
 538.000       0.4271
 539.000       0.3990
 540.000       0.3296
 541.000       0.3389
 542.000       0.3864
 543.000       0.3316
 544.000       0.3205
 545.000       0.3927
 546.000       0.4366
 547.000       0.4538
 548.000       0.4928
 549.000       0.6267
 550.000       0.7090
 551.000       0.6407
 552.000       0.4907
 553.000       0.4717
 554.000       0.6724
 555.000       0.9859
 556.000       1.5799
 557.000       1.7609
