#Res             RMSF
 176.000       1.3357
 177.000       1.1936
 178.000       0.7498
 179.000       0.4943
 180.000       0.4535
 181.000       0.5809
 182.000       0.6004
 183.000       0.5110
 184.000       0.5583
 185.000       0.4313
 186.000       0.4829
 187.000       0.4576
 188.000       0.4782
 189.000       0.4080
 190.000       0.5466
 191.000       0.5286
 192.000       0.4301
 193.000       0.3888
 194.000       0.4714
 195.000       0.5370
 196.000       0.4961
 197.000       0.5417
 198.000       0.7464
 199.000       0.7520
 200.000       1.1381
 201.000       0.6194
 202.000       0.7982
 203.000       0.9300
 204.000       0.5765
 205.000       0.4961
 206.000       0.5362
 207.000       0.5870
 208.000       0.4644
 209.000       0.3621
 210.000       0.3689
 211.000       0.3849
 212.000       0.4163
 213.000       0.4170
 214.000       0.3818
 215.000       0.3854
 216.000       0.4329
 217.000       0.4447
 218.000       0.4047
 219.000       0.4328
 220.000       0.4755
 221.000       0.4567
 222.000       0.4865
 223.000       0.5254
 224.000       0.4274
 225.000       0.4237
 226.000       0.4779
 227.000       0.4615
 228.000       0.3907
 229.000       0.4636
 230.000       0.5173
 231.000       0.5204
 232.000       0.4821
 233.000       0.7088
 234.000       0.8453
 235.000       0.8020
 236.000       0.8454
 237.000       0.6771
 238.000       0.7604
 239.000       0.5217
 240.000       0.3769
 241.000       0.4074
 242.000       0.4129
 243.000       0.4074
 244.000       0.3821
 245.000       0.4087
 246.000       0.4029
 247.000       0.4715
 248.000       0.5564
 249.000       0.5643
 250.000       0.7052
 251.000       0.9226
 252.000       0.7937
 253.000       0.8735
 254.000       0.7311
 255.000       0.6802
 256.000       0.8015
 257.000       0.9385
 258.000       0.6998
 259.000       0.6715
 260.000       0.9012
 261.000       1.5431
 262.000       0.8670
 263.000       0.5797
 264.000       0.5033
 265.000       0.5453
 266.000       0.4820
 267.000       0.4831
 268.000       0.5160
 269.000       0.5784
 270.000       0.6950
 271.000       0.7280
 272.000       0.7822
 273.000       0.7377
 274.000       0.7508
 275.000       0.8731
 276.000       0.8497
 277.000       0.7606
 278.000       0.8817
 279.000       1.2138
 280.000       1.8960
