0 2
1 4
2 0
3 2
4 1
5 2
6 0
7 2
8 2
9 1
10 1
11 0
12 0
13 2
14 1
15 3
16 1
17 2
18 1
19 1
20 1
21 2
22 1
23 2
24 2
25 2
26 2
27 3
28 2
29 2
30 2
31 3
32 2
33 2
34 1
35 1
36 2
37 1
38 2
39 2
40 2
41 1
42 2
43 3
44 1
45 1
46 3
47 2
48 2
49 1
50 1
51 2
52 2
53 1
54 1
55 1
56 0
57 2
58 2
59 1
60 1
61 1
62 2
63 1
64 1
65 1
66 1
67 2
68 1
69 2
70 1
71 3
72 1
73 1
74 3
75 2
76 1
77 1
78 0
79 4
80 1
81 1
82 2
83 1
84 1
85 2
86 1
87 0
88 2
89 2
90 2
91 0
92 2
93 1
94 2
95 0
96 0
97 1
98 2
99 2
100 2
101 2
102 2
103 0
104 0
105 1
106 0
107 1
108 2
109 2
110 1
111 2
112 1
113 1
114 2
115 2
116 2
117 1
118 2
119 2
120 1
121 2
122 1
123 2
124 2
125 5
126 1
127 2
128 2
129 1
130 2
131 2
132 3
133 4
134 2
135 3
136 2
137 3
138 2
139 1
140 3
141 3
142 2
143 1
144 1
145 3
146 1
147 0
148 1
149 1
150 0
151 1
152 1
153 1
154 2
155 1
156 1
157 1
158 1
159 1
160 1
161 1
162 1
163 2
164 1
165 1
166 0
167 1
168 2
169 1
170 1
171 1
172 1
173 1
174 1
175 1
176 2
177 0
178 0
179 1
180 1
181 2
182 1
183 1
184 1
185 3
186 1
187 1
188 1
189 1
190 2
191 2
192 1
193 1
194 2
195 1
196 1
197 1
198 1
199 1
200 1
201 1
202 3
203 2
204 2
205 3
206 2
207 2
208 0
209 2
210 2
211 3
212 3
213 4
214 2
215 2
216 2
217 2
218 4
219 1
220 4
221 2
222 2
223 2
224 2
225 3
226 2
227 3
228 2
229 1
230 3
231 1
232 1
233 2
234 2
235 2
236 3
237 3
238 3
239 2
240 2
241 4
242 2
243 2
244 0
245 1
246 0
247 0
248 2
249 3
250 3
251 1
252 2
253 3
254 1
255 0
256 1
257 1
258 1
259 3
260 2
261 1
262 1
263 1
264 1
265 2
266 2
267 3
268 2
269 2
270 2
271 3
272 2
273 2
274 3
275 2
276 1
277 2
278 2
279 0
280 1
281 1
282 2
283 1
284 1
285 2
286 2
287 2
288 2
289 3
290 2
291 2
292 1
293 2
294 1
295 0
296 1
297 2
298 1
299 2
300 1
301 2
302 1
303 1
304 1
305 0
306 1
307 1
308 2
309 1
310 2
311 2
312 2
313 0
314 1
315 2
316 1
317 1
318 1
319 1
320 1
321 2
322 1
323 1
324 1
325 2
326 2
327 2
328 2
329 0
330 2
331 0
332 1
333 2
334 1
335 4
336 1
337 1
338 1
339 1
340 1
341 0
342 2
343 1
344 3
345 1
346 1
347 1
348 1
349 1
350 2
351 1
352 1
353 2
354 1
355 1
356 2
357 3
358 2
359 2
360 1
361 1
362 1
363 0
364 3
365 1
366 2
367 2
368 1
369 1
370 1
371 1
372 2
373 3
374 3
375 1
376 0
377 1
378 0
379 2
380 1
381 0
382 1
383 1
384 2
385 1
386 1
387 2
388 3
389 3
390 2
391 1
392 1
393 3
394 2
395 2
396 2
397 0
398 2
399 1
400 2
