#Frame      end1_rmsd
       1       0.0000
       2       1.5776
       3       3.6309
       4       2.3635
       5       2.3023
       6       2.1895
       7       2.2666
       8       2.0564
       9       2.3084
      10       1.7720
      11       2.1759
      12       2.4631
      13       3.1994
      14       4.1921
      15       3.4443
      16       3.4058
      17       2.6472
      18       2.5317
      19       2.9203
      20       2.1219
      21       2.5323
      22       3.7167
      23       3.9442
      24       3.8046
      25       3.8670
      26       3.4732
      27       4.5399
      28       3.8755
      29       3.4888
      30       3.7479
      31       4.0226
      32       3.6322
      33       3.6431
      34       4.3834
      35       4.3697
      36       3.9746
      37       4.3346
      38       4.3147
      39       4.6474
      40       5.6111
      41       5.1095
      42       4.4251
      43       5.0188
      44       4.6680
      45       3.6929
      46       3.5574
      47       3.8128
      48       4.4735
      49       4.4024
      50       3.8633
      51       3.3350
      52       3.9758
      53       4.3702
      54       4.9268
      55       4.0818
      56       4.0878
      57       4.1045
      58       3.3390
      59       3.8413
      60       4.0487
      61       3.6709
      62       4.1628
      63       4.6550
      64       2.8059
      65       3.5571
      66       2.6764
      67       4.0200
      68       3.3090
      69       5.9356
      70       5.0580
      71       3.9822
      72       4.8995
      73       2.9540
      74       2.9208
      75       2.4589
      76       1.1542
      77       2.0088
      78       2.6480
      79       2.4447
      80       2.4459
      81       3.0440
      82       3.0773
      83       3.9436
      84       1.8987
      85       2.3974
      86       3.3251
      87       2.3070
      88       2.0748
      89       2.1283
      90       3.6661
      91       3.5779
      92       2.6596
      93       2.4030
      94       2.5455
      95       2.4366
      96       2.3009
      97       2.3252
      98       2.1511
      99       2.4453
     100       1.8621
     101       2.3276
     102       1.6350
     103       2.9820
     104       4.1881
     105       2.3382
     106       3.6964
     107       1.7530
     108       3.4238
     109       2.5454
     110       2.4891
     111       2.5852
     112       2.6473
     113       2.6294
     114       3.1020
     115       2.1965
     116       2.1123
     117       3.5222
     118       3.2660
     119       2.3231
     120       2.9016
     121       1.9701
     122       1.5558
     123       2.6412
     124       2.7370
     125       2.2759
     126       3.2807
     127       2.3394
     128       3.0890
     129       2.2300
     130       1.6672
     131       2.1336
     132       2.7898
     133       2.5932
     134       2.4235
     135       1.9422
     136       1.9648
     137       1.4365
     138       2.1033
     139       2.5900
     140       2.4974
     141       3.3033
     142       2.3403
     143       2.6924
     144       1.9539
     145       3.1493
     146       3.4993
     147       2.1262
     148       1.6465
     149       2.0030
     150       1.5718
     151       2.4655
     152       2.2466
     153       2.6489
     154       2.5211
     155       2.7262
     156       3.0727
     157       2.2783
     158       2.8328
     159       1.9448
     160       2.6502
     161       2.5211
     162       2.3543
     163       2.7475
     164       2.4507
     165       2.4861
     166       2.1500
     167       1.8249
     168       1.7710
     169       2.6756
     170       2.0470
     171       2.1480
     172       4.7462
     173       3.1228
     174       3.2935
     175       3.4297
     176       2.4622
     177       2.4042
     178       1.3147
     179       1.9903
     180       2.1286
     181       1.5725
     182       2.2782
     183       2.2640
     184       1.5827
     185       2.8553
     186       1.9719
     187       3.2446
     188       2.2323
     189       1.5029
     190       3.2016
     191       3.6843
     192       2.3634
     193       1.8179
     194       3.2721
     195       2.2189
     196       2.0041
     197       2.2583
     198       2.8761
     199       2.3785
     200       2.1509
     201       2.3386
     202       2.4164
     203       2.8398
     204       2.3094
     205       4.7301
     206       2.7487
     207       2.5619
     208       2.4526
     209       2.3367
     210       2.8562
     211       3.1866
     212       1.8580
     213       2.1288
     214       1.7143
     215       2.0188
     216       1.7108
     217       3.2757
     218       2.8445
     219       3.4925
     220       3.4333
     221       2.0258
     222       3.2622
     223       2.8741
     224       3.7709
     225       2.6906
     226       3.6027
     227       3.0176
     228       2.0730
     229       2.7718
     230       2.6574
     231       2.7080
     232       2.2895
     233       2.8292
     234       2.4162
     235       2.7856
     236       2.5121
     237       2.7758
     238       3.3899
     239       1.3615
     240       1.7430
     241       2.3686
     242       3.2594
     243       2.4531
     244       2.1384
     245       2.8407
     246       3.0006
     247       2.5782
     248       3.2436
     249       3.0781
     250       4.0851
     251       3.4817
     252       3.3864
     253       3.5321
     254       3.4949
     255       2.4077
     256       2.9862
     257       3.2872
     258       3.7313
     259       3.9019
     260       2.7686
     261       2.4765
     262       3.3037
     263       3.0194
     264       2.7310
     265       3.4465
     266       3.0098
     267       2.7671
     268       1.4285
     269       2.0688
     270       2.2747
     271       2.2960
     272       2.5448
     273       1.8781
     274       3.7011
     275       3.3679
     276       2.1967
     277       1.8298
     278       2.0021
     279       2.2347
     280       1.9441
     281       3.3771
     282       3.1814
     283       3.1731
     284       3.4598
     285       3.5785
     286       4.0763
     287       3.6345
     288       5.1693
     289       4.1422
     290       3.4545
     291       3.9181
     292       3.8410
     293       4.3618
     294       3.7341
     295       3.6207
     296       3.9330
     297       3.6529
     298       3.4795
     299       2.7696
     300       3.0426
     301       4.7745
     302       4.3387
     303       4.2011
     304       4.2045
     305       3.6838
     306       3.3379
     307       2.6321
     308       2.0605
     309       2.1976
     310       3.2613
     311       3.7681
     312       3.5552
     313       3.6126
     314       3.8048
     315       4.0209
     316       4.1292
     317       3.7588
     318       3.7630
     319       3.5388
     320       5.0160
     321       4.8714
     322       4.7110
     323       4.8822
     324       3.2560
     325       4.6069
     326       3.1327
     327       4.6139
     328       3.4551
     329       2.5940
     330       3.9875
     331       3.3940
     332       3.9085
     333       3.8160
     334       3.6435
     335       3.8683
     336       3.7102
     337       3.8756
     338       3.1600
     339       3.2105
     340       3.8681
     341       3.7620
     342       2.9491
     343       2.8176
     344       3.0208
     345       3.6517
     346       3.2063
     347       4.5201
     348       3.5296
     349       3.0756
     350       1.9077
     351       2.4193
     352       1.6894
     353       1.9643
     354       1.8588
     355       2.4150
     356       1.8679
     357       4.1218
     358       4.2859
     359       3.1076
     360       3.3357
     361       2.2448
     362       2.4341
     363       2.6073
     364       1.8795
     365       2.4627
     366       1.2568
     367       2.2604
     368       2.2468
     369       3.2209
     370       3.0008
     371       2.2121
     372       2.1490
     373       2.7947
     374       2.5812
     375       2.4220
     376       3.0573
     377       2.1932
     378       2.0680
     379       2.1575
     380       2.6625
     381       2.4986
     382       3.3051
     383       3.5318
     384       3.0758
     385       3.0072
     386       3.0455
     387       3.9666
     388       3.5716
     389       2.8025
     390       2.4124
     391       2.7376
     392       4.3455
     393       4.6885
     394       5.3497
     395       3.5148
     396       2.7034
     397       3.4292
     398       4.6132
     399       3.0039
     400       3.4009
