#Frame      end2_rmsd
       1       0.0000
       2       2.3578
       3       2.6347
       4       3.3413
       5       2.1693
       6       2.6493
       7       2.5473
       8       2.7099
       9       3.1059
      10       2.1050
      11       1.6897
      12       2.5804
      13       3.1178
      14       2.0334
      15       2.5601
      16       2.7865
      17       2.2510
      18       2.9146
      19       3.6410
      20       2.3755
      21       3.1482
      22       3.2434
      23       3.0624
      24       2.7000
      25       3.1888
      26       1.9374
      27       3.2567
      28       3.7825
      29       3.4622
      30       1.9119
      31       1.6832
      32       3.6483
      33       2.6666
      34       3.4639
      35       3.1229
      36       4.3106
      37       2.5235
      38       2.2826
      39       2.2907
      40       2.1929
      41       1.9117
      42       3.0283
      43       2.3480
      44       2.3813
      45       2.4192
      46       1.6959
      47       2.3428
      48       2.1207
      49       2.2216
      50       2.2342
      51       2.1396
      52       1.7281
      53       1.5896
      54       1.7476
      55       2.2778
      56       2.6098
      57       2.5466
      58       2.5549
      59       1.5470
      60       3.0153
      61       2.0056
      62       2.3133
      63       4.1545
      64       2.2926
      65       2.5315
      66       3.2100
      67       2.8468
      68       2.5988
      69       2.9387
      70       2.0672
      71       2.5268
      72       2.5630
      73       2.7759
      74       3.9806
      75       2.7979
      76       3.8397
      77       2.3054
      78       2.2718
      79       2.1716
      80       2.4633
      81       2.8519
      82       2.1202
      83       1.5996
      84       2.7377
      85       4.2554
      86       3.5078
      87       3.0753
      88       3.0441
      89       2.8442
      90       3.5484
      91       2.1169
      92       2.5632
      93       2.6359
      94       3.8068
      95       2.7311
      96       3.4240
      97       1.6924
      98       2.2307
      99       3.1708
     100       3.3231
     101       3.6822
     102       2.7511
     103       2.9728
     104       1.8949
     105       3.3167
     106       2.8788
     107       3.1976
     108       4.6621
     109       3.5412
     110       3.3008
     111       3.1714
     112       4.3530
     113       4.4233
     114       3.1142
     115       3.8798
     116       3.0870
     117       3.2947
     118       3.0153
     119       3.4053
     120       2.3733
     121       3.5859
     122       3.2147
     123       1.6552
     124       2.2204
     125       3.9612
     126       2.4411
     127       2.5897
     128       2.5160
     129       2.2018
     130       4.3111
     131       3.5209
     132       2.5469
     133       2.9408
     134       2.7627
     135       2.0319
     136       2.9180
     137       1.7564
     138       1.9752
     139       2.5574
     140       2.8369
     141       3.3190
     142       2.4729
     143       3.3726
     144       2.4337
     145       3.6952
     146       4.3913
     147       2.4872
     148       3.1397
     149       4.7289
     150       3.7476
     151       3.7247
     152       2.8423
     153       3.6682
     154       3.1091
     155       4.6764
     156       3.0010
     157       3.0127
     158       2.0260
     159       2.0263
     160       3.1449
     161       2.0019
     162       3.4690
     163       6.1361
     164       2.3544
     165       2.9164
     166       3.6821
     167       4.0538
     168       3.4247
     169       3.8817
     170       2.9643
     171       3.4492
     172       2.9327
     173       2.0177
     174       2.7412
     175       3.3500
     176       2.8642
     177       3.9203
     178       3.6326
     179       3.1794
     180       2.9932
     181       5.1788
     182       3.4706
     183       2.9787
     184       4.0179
     185       3.6156
     186       3.1925
     187       3.0991
     188       3.1129
     189       2.0801
     190       2.8550
     191       3.7561
     192       2.4517
     193       3.3276
     194       3.0228
     195       2.7172
     196       3.6171
     197       3.2338
     198       2.2027
     199       2.4332
     200       2.7762
     201       2.4445
     202       1.7918
     203       2.4037
     204       2.3560
     205       2.6385
     206       2.2447
     207       3.6059
     208       4.4623
     209       4.3342
     210       2.9242
     211       4.0936
     212       4.3404
     213       3.6418
     214       3.7534
     215       3.4554
     216       2.7206
     217       3.8124
     218       3.0277
     219       3.3869
     220       2.8827
     221       2.9764
     222       2.6638
     223       2.8641
     224       1.9555
     225       2.8647
     226       2.4145
     227       2.2009
     228       2.9769
     229       3.0310
     230       2.0208
     231       2.7585
     232       3.3086
     233       2.5774
     234       4.8016
     235       4.0126
     236       2.6155
     237       3.6499
     238       2.6678
     239       3.6461
     240       3.4067
     241       2.7054
     242       2.8533
     243       2.7124
     244       3.5750
     245       2.4771
     246       2.1247
     247       1.9497
     248       3.4886
     249       3.4176
     250       3.5142
     251       3.3485
     252       2.8146
     253       3.1889
     254       3.8683
     255       2.2902
     256       2.0810
     257       2.0857
     258       3.1783
     259       1.5893
     260       3.9019
     261       3.0253
     262       3.6552
     263       4.9397
     264       3.7750
     265       3.2168
     266       3.3995
     267       2.3714
     268       2.8282
     269       3.4343
     270       4.3898
     271       4.2729
     272       3.9477
     273       4.4206
     274       2.7253
     275       3.4517
     276       4.1925
     277       2.8744
     278       2.8776
     279       2.2450
     280       1.6719
     281       3.1874
     282       2.0790
     283       3.5216
     284       3.3343
     285       2.5105
     286       2.9965
     287       3.0474
     288       2.6176
     289       2.6244
     290       2.7973
     291       2.7228
     292       3.4804
     293       2.5996
     294       2.8004
     295       2.7711
     296       2.8804
     297       2.6752
     298       2.6965
     299       3.7267
     300       3.2166
     301       2.6255
     302       3.6020
     303       2.4543
     304       2.1018
     305       2.4479
     306       2.7006
     307       3.9461
     308       2.9957
     309       3.1282
     310       4.1588
     311       4.6290
     312       3.4988
     313       4.0970
     314       3.0582
     315       2.4023
     316       2.6685
     317       3.5703
     318       2.9242
     319       4.0170
     320       5.6094
     321       3.4196
     322       5.1487
     323       3.2051
     324       2.9734
     325       2.8836
     326       2.8509
     327       3.4930
     328       3.6847
     329       2.3098
     330       2.9991
     331       3.5608
     332       3.0021
     333       2.9855
     334       3.4122
     335       2.9548
     336       2.8309
     337       2.6199
     338       3.9027
     339       3.3335
     340       2.2633
     341       2.7176
     342       4.1146
     343       3.8860
     344       4.7769
     345       3.4768
     346       3.6340
     347       3.7595
     348       3.6267
     349       5.3684
     350       3.5673
     351       2.5267
     352       3.1060
     353       3.0394
     354       3.4177
     355       2.3716
     356       3.1950
     357       3.1933
     358       3.9333
     359       4.7054
     360       4.9223
     361       3.9138
     362       2.4902
     363       2.8662
     364       3.1631
     365       3.2652
     366       2.9770
     367       6.6852
     368       4.7856
     369       3.6414
     370       3.5709
     371       2.5702
     372       3.3992
     373       3.7963
     374       5.4575
     375       4.6011
     376       4.5959
     377       3.8396
     378       4.6804
     379       3.3561
     380       2.4389
     381       3.0731
     382       2.7110
     383       2.5828
     384       3.0906
     385       2.4653
     386       3.6873
     387       2.7705
     388       2.0435
     389       2.3848
     390       2.7123
     391       2.9264
     392       3.1413
     393       2.3294
     394       2.4221
     395       2.1388
     396       1.9643
     397       2.9775
     398       3.4087
     399       2.8517
     400       3.2527
