#Frame      end1_rmsd
       1       0.0000
       2       2.4953
       3       2.3540
       4       2.1400
       5       2.1055
       6       3.2759
       7       3.0976
       8       3.4419
       9       3.1238
      10       2.4091
      11       1.8074
      12       2.5969
      13       1.9669
      14       2.2399
      15       2.9771
      16       2.4234
      17       2.5187
      18       2.8301
      19       4.2424
      20       4.6880
      21       2.1457
      22       2.8166
      23       2.3819
      24       2.6945
      25       2.3797
      26       2.1972
      27       3.1550
      28       2.7975
      29       2.4400
      30       2.6264
      31       3.3995
      32       2.0273
      33       1.7066
      34       2.4060
      35       2.6417
      36       2.7590
      37       3.4156
      38       2.2274
      39       2.3167
      40       2.8218
      41       3.3174
      42       3.8218
      43       3.2666
      44       2.7309
      45       3.5426
      46       3.2283
      47       2.9340
      48       2.5775
      49       4.1257
      50       5.3908
      51       4.8427
      52       4.4496
      53       2.7855
      54       3.3153
      55       3.3558
      56       2.9052
      57       2.4668
      58       3.9421
      59       2.7129
      60       4.5444
      61       3.1370
      62       2.9363
      63       3.3356
      64       2.7410
      65       3.3926
      66       2.9515
      67       3.9746
      68       3.0826
      69       4.1843
      70       3.2024
      71       3.6040
      72       2.8072
      73       2.9305
      74       3.1172
      75       2.9648
      76       2.4228
      77       2.7347
      78       2.6801
      79       2.6437
      80       2.7583
      81       3.4347
      82       2.2332
      83       4.4884
      84       3.1091
      85       3.8680
      86       3.4813
      87       2.3949
      88       4.1018
      89       3.7919
      90       3.2610
      91       2.8836
      92       3.1948
      93       3.3432
      94       2.3600
      95       3.3006
      96       3.7964
      97       3.0506
      98       3.4080
      99       3.2721
     100       3.8893
     101       2.9508
     102       3.4807
     103       3.7208
     104       2.9296
     105       3.4278
     106       2.8991
     107       3.0907
     108       2.8807
     109       2.4506
     110       3.1184
     111       3.2338
     112       3.6419
     113       2.9839
     114       2.8463
     115       2.6112
     116       3.0144
     117       3.2526
     118       3.4517
     119       3.6091
     120       2.2753
     121       2.5561
     122       3.1686
     123       3.4700
     124       3.9362
     125       2.9051
     126       3.6216
     127       3.9359
     128       4.2321
     129       4.9928
     130       6.4847
     131       4.9521
     132       4.5783
     133       6.4849
     134       3.9465
     135       3.5952
     136       3.7968
     137       3.8208
     138       4.0496
     139       4.3977
     140       3.4550
     141       3.3274
     142       3.1125
     143       3.1745
     144       3.1279
     145       4.1754
     146       3.2812
     147       2.6947
     148       2.0362
     149       2.3963
     150       3.2118
     151       3.0393
     152       2.1090
     153       2.4121
     154       2.2561
     155       2.0968
     156       3.0462
     157       2.4627
     158       2.5953
     159       2.8366
     160       2.0241
     161       2.7151
     162       2.3523
     163       2.8845
     164       2.2260
     165       2.9545
     166       2.8076
     167       2.9469
     168       2.5080
     169       2.9320
     170       2.9272
     171       2.2998
     172       2.7761
     173       2.3181
     174       2.5973
     175       2.8183
     176       2.3475
     177       2.9139
     178       2.6034
     179       2.4432
     180       3.0274
     181       2.7978
     182       2.4450
     183       2.7614
     184       3.3659
     185       3.2328
     186       2.7719
     187       3.3791
     188       2.8822
     189       3.8522
     190       3.2450
     191       3.0193
     192       3.0799
     193       2.5885
     194       3.0287
     195       2.6844
     196       3.1409
     197       3.3009
     198       2.5634
     199       2.5214
     200       3.7537
     201       3.3361
     202       2.8668
     203       3.0776
     204       2.9868
     205       2.8299
     206       2.9095
     207       2.5814
     208       3.1636
     209       3.1999
     210       2.2327
     211       2.4650
     212       3.5159
     213       2.9558
     214       2.6031
     215       2.3103
     216       3.3920
     217       2.5446
     218       2.1392
     219       3.1972
     220       2.5700
     221       2.9011
     222       2.5176
     223       2.6398
     224       2.7029
     225       2.6257
     226       2.3940
     227       2.6554
     228       2.7815
     229       2.8876
     230       2.9531
     231       2.0599
     232       2.3228
     233       2.9062
     234       2.9865
     235       3.1812
     236       2.4568
     237       2.6259
     238       2.3315
     239       2.3016
     240       3.0027
     241       3.2082
     242       2.2472
     243       3.1592
     244       3.2102
     245       2.9061
     246       2.9049
     247       3.1928
     248       2.6565
     249       3.0173
     250       2.6394
     251       2.5196
     252       3.3240
     253       2.8294
     254       3.1601
     255       2.9138
     256       3.2878
     257       2.6561
     258       3.0499
     259       3.3647
     260       4.1283
     261       3.0864
     262       2.7695
     263       3.2544
     264       3.0630
     265       3.3556
     266       3.2803
     267       2.9953
     268       2.8568
     269       2.5276
     270       2.4692
     271       3.0101
     272       2.4672
     273       2.9571
     274       3.0489
     275       2.4931
     276       2.4838
     277       3.9365
     278       3.6317
     279       2.7012
     280       3.4561
     281       3.0093
     282       3.4991
     283       3.3468
     284       2.8459
     285       3.0233
     286       3.8251
     287       3.1479
     288       2.9173
     289       3.4462
     290       1.8869
     291       3.1133
     292       2.6042
     293       3.4091
     294       4.0408
     295       4.0375
     296       4.0660
     297       2.8438
     298       2.3190
     299       3.1643
     300       5.5412
     301       3.2818
     302       2.8842
     303       2.8847
     304       3.5697
     305       3.1716
     306       3.3155
     307       3.2012
     308       2.6262
     309       2.4899
     310       2.7363
     311       2.5151
     312       3.0472
     313       3.1988
     314       3.8201
     315       2.7927
     316       3.8915
     317       3.3321
     318       2.7441
     319       4.1224
     320       2.9859
     321       2.8014
     322       3.1035
     323       3.9386
     324       3.0711
     325       2.4520
     326       2.9466
     327       3.4078
     328       2.4987
     329       2.8143
     330       2.2576
     331       3.0852
     332       1.9226
     333       2.5628
     334       2.1277
     335       2.5875
     336       1.9671
     337       2.7143
     338       3.1180
     339       3.0696
     340       2.2697
     341       3.2353
     342       3.1180
     343       3.2370
     344       2.2233
     345       2.6234
     346       3.6470
     347       2.4773
     348       1.8764
     349       2.5806
     350       3.2051
     351       1.7312
     352       3.1024
     353       1.8837
     354       2.6378
     355       2.1369
     356       3.2436
     357       4.4711
     358       4.0103
     359       2.7934
     360       2.9819
     361       2.4155
     362       2.7200
     363       2.8528
     364       3.6911
     365       2.6587
     366       3.3154
     367       2.2034
     368       2.6103
     369       2.4437
     370       2.0817
     371       3.5328
     372       2.5008
     373       2.6761
     374       2.6005
     375       2.1372
     376       2.6256
     377       3.0580
     378       3.4839
     379       2.6847
     380       3.3833
     381       2.5241
     382       2.6454
     383       3.2357
     384       4.1897
     385       4.2351
     386       3.9353
     387       2.7981
     388       2.4572
     389       2.4499
     390       3.7700
     391       2.8460
     392       2.3515
     393       3.0134
     394       2.2286
     395       3.8476
     396       1.9022
     397       2.5457
     398       2.5940
     399       2.6390
     400       2.7370
