#Frame      end2_rmsd
       1       0.0000
       2       2.0665
       3       3.3065
       4       2.1804
       5       2.7292
       6       2.5267
       7       3.0876
       8       2.9649
       9       3.7989
      10       3.8520
      11       4.0332
      12       4.3469
      13       4.2002
      14       2.5719
      15       1.4072
      16       2.5264
      17       1.9091
      18       2.1892
      19       2.3668
      20       2.4171
      21       2.7983
      22       2.7735
      23       2.6891
      24       2.2609
      25       1.8896
      26       3.0900
      27       3.4261
      28       2.4304
      29       4.8351
      30       3.8683
      31       2.7006
      32       1.5485
      33       2.3665
      34       3.7159
      35       2.6575
      36       2.4103
      37       2.9362
      38       2.1578
      39       2.5248
      40       2.0683
      41       2.3701
      42       3.1061
      43       2.4426
      44       3.5709
      45       2.6464
      46       2.3133
      47       1.6549
      48       2.9985
      49       2.5281
      50       2.6762
      51       2.3829
      52       2.5011
      53       2.3845
      54       1.9358
      55       2.5533
      56       3.0019
      57       2.4574
      58       3.3510
      59       2.0796
      60       2.3031
      61       2.1605
      62       2.7219
      63       1.9486
      64       2.9115
      65       2.2830
      66       2.7514
      67       2.9408
      68       2.9757
      69       2.7755
      70       3.1356
      71       2.8560
      72       2.2729
      73       3.1097
      74       2.3512
      75       2.0151
      76       2.3809
      77       2.9877
      78       3.4634
      79       2.2843
      80       4.5774
      81       4.2743
      82       2.9332
      83       3.2128
      84       3.0564
      85       2.7114
      86       2.5782
      87       1.8812
      88       1.9592
      89       2.1086
      90       2.7769
      91       2.9182
      92       2.8784
      93       2.6831
      94       2.1298
      95       3.2801
      96       2.7464
      97       3.4809
      98       3.8224
      99       3.7733
     100       4.0551
     101       4.2244
     102       3.7187
     103       3.3265
     104       2.1430
     105       2.8677
     106       2.7454
     107       2.3010
     108       2.5568
     109       2.9434
     110       3.2996
     111       2.9418
     112       2.6795
     113       3.0051
     114       2.9215
     115       2.6158
     116       2.3910
     117       2.4401
     118       3.0080
     119       3.2404
     120       3.1375
     121       2.5931
     122       2.4816
     123       3.6846
     124       3.5953
     125       4.8499
     126       3.2853
     127       3.0815
     128       3.3837
     129       3.3133
     130       3.5473
     131       3.1513
     132       3.6689
     133       2.7494
     134       2.9542
     135       3.2469
     136       3.1228
     137       3.5362
     138       2.9804
     139       3.6201
     140       4.6175
     141       3.9156
     142       5.5149
     143       4.5368
     144       3.2717
     145       6.0019
     146       5.4187
     147       5.2097
     148       4.5097
     149       5.1154
     150       4.7615
     151       4.4630
     152       6.4716
     153       4.8236
     154       5.2084
     155       5.2562
     156       6.0937
     157       5.5312
     158       5.6263
     159       4.4301
     160       4.5366
     161       3.5538
     162       4.5715
     163       3.6240
     164       4.4242
     165       3.6388
     166       3.1892
     167       3.7736
     168       2.7032
     169       3.4420
     170       3.6652
     171       3.8184
     172       3.8262
     173       4.0052
     174       3.9508
     175       3.4284
     176       3.2588
     177       4.0089
     178       3.5729
     179       3.2638
     180       3.3247
     181       3.5964
     182       4.7345
     183       4.0756
     184       4.1634
     185       3.8836
     186       3.4230
     187       2.8064
     188       3.0670
     189       3.9180
     190       2.9293
     191       2.4956
     192       3.3527
     193       3.0140
     194       3.3957
     195       2.9335
     196       3.3008
     197       2.8839
     198       2.6143
     199       3.0925
     200       2.5872
     201       3.7993
     202       3.5382
     203       4.7841
     204       3.0794
     205       3.4028
     206       4.2658
     207       4.5189
     208       2.9291
     209       4.0890
     210       3.7660
     211       3.8260
     212       3.8529
     213       3.4430
     214       4.6310
     215       3.7596
     216       4.0256
     217       3.8457
     218       2.9722
     219       3.3306
     220       3.2122
     221       3.1177
     222       4.8221
     223       2.9297
     224       2.2970
     225       2.6239
     226       3.7556
     227       2.9218
     228       2.1440
     229       2.6623
     230       2.1716
     231       3.7412
     232       3.3690
     233       3.2257
     234       2.9179
     235       3.6047
     236       2.3289
     237       2.4669
     238       3.1077
     239       2.1522
     240       2.8199
     241       2.4543
     242       2.7275
     243       3.3057
     244       2.3327
     245       3.3766
     246       3.8291
     247       3.0392
     248       3.5440
     249       3.3577
     250       3.5547
     251       3.9624
     252       2.6350
     253       2.7899
     254       4.1960
     255       3.2857
     256       4.5052
     257       3.5705
     258       4.4304
     259       3.6515
     260       4.5317
     261       3.9764
     262       3.4472
     263       4.1067
     264       4.4066
     265       3.9813
     266       3.7536
     267       4.0528
     268       4.5218
     269       4.4823
     270       4.3945
     271       3.6198
     272       4.8462
     273       4.0395
     274       3.2440
     275       3.2625
     276       3.9669
     277       3.1083
     278       3.3804
     279       3.7899
     280       4.7389
     281       3.7417
     282       3.5235
     283       4.8107
     284       3.6086
     285       4.3911
     286       3.0279
     287       3.7828
     288       3.5875
     289       3.9957
     290       4.5608
     291       3.8607
     292       3.9484
     293       3.6179
     294       3.3099
     295       3.6199
     296       4.9420
     297       5.3166
     298       4.1749
     299       4.4050
     300       4.1592
     301       4.6575
     302       3.7895
     303       3.9709
     304       3.9260
     305       4.8890
     306       3.8721
     307       4.6026
     308       4.2480
     309       4.3963
     310       5.4322
     311       4.1792
     312       4.5178
     313       6.3736
     314       4.7677
     315       5.6072
     316       4.9773
     317       5.9181
     318       4.1563
     319       3.6935
     320       3.9624
     321       3.9202
     322       4.6791
     323       3.2594
     324       4.5401
     325       4.3163
     326       3.5093
     327       4.9492
     328       3.5502
     329       3.8345
     330       4.2061
     331       3.7751
     332       4.5296
     333       5.0031
     334       4.7472
     335       4.8111
     336       4.2937
     337       4.1750
     338       5.2699
     339       5.4485
     340       4.7674
     341       3.1056
     342       4.5536
     343       4.2691
     344       3.7510
     345       4.0167
     346       4.4405
     347       4.0156
     348       3.6749
     349       4.1566
     350       4.0612
     351       3.8227
     352       4.4480
     353       4.1041
     354       3.6884
     355       3.7697
     356       3.4882
     357       2.9535
     358       3.0594
     359       3.5005
     360       3.6846
     361       3.5907
     362       3.9320
     363       3.9020
     364       3.5924
     365       3.5180
     366       4.0901
     367       3.9884
     368       3.4245
     369       4.1734
     370       4.9408
     371       3.9714
     372       5.9430
     373       4.6845
     374       5.4574
     375       5.1678
     376       6.3412
     377       4.1444
     378       4.5131
     379       5.4830
     380       3.7446
     381       7.5490
     382       4.9570
     383       5.4037
     384       4.3406
     385       4.1391
     386       6.4565
     387       4.5038
     388       3.4030
     389       4.7559
     390       4.4735
     391       5.9199
     392       6.6118
     393       6.4932
     394       6.2555
     395       6.0457
     396       5.3575
     397       5.3739
     398       5.2811
     399       7.7816
     400       6.2195
