#Res             RMSF
   1.000       2.5865
   2.000       1.7000
   3.000       0.9653
   4.000       0.5780
   5.000       0.5876
   6.000       0.5450
   7.000       0.5215
   8.000       0.5096
   9.000       0.4575
  10.000       0.4231
  11.000       0.4388
  12.000       0.4642
  13.000       0.4157
  14.000       0.3669
  15.000       0.4425
  16.000       0.4543
  17.000       0.4149
  18.000       0.4256
  19.000       0.5168
  20.000       0.5095
  21.000       0.5592
  22.000       0.5648
  23.000       0.4757
  24.000       0.4488
  25.000       0.5050
  26.000       0.5835
  27.000       0.5413
  28.000       0.5122
  29.000       0.4882
  30.000       0.4233
  31.000       0.4252
  32.000       0.4264
  33.000       0.3957
  34.000       0.3999
  35.000       0.4454
  36.000       0.4656
  37.000       0.4455
  38.000       0.4680
  39.000       0.6168
  40.000       0.8514
  41.000       0.7380
  42.000       0.6595
  43.000       0.7018
  44.000       0.8576
  45.000       0.5551
  46.000       0.5442
  47.000       0.4986
  48.000       0.4881
  49.000       0.5158
  50.000       0.4408
  51.000       0.3612
  52.000       0.3277
  53.000       0.3693
  54.000       0.3413
  55.000       0.2965
  56.000       0.3068
  57.000       0.3390
  58.000       0.3505
  59.000       0.3662
  60.000       0.3974
  61.000       0.4298
  62.000       0.4356
  63.000       0.4058
  64.000       0.3480
  65.000       0.3916
  66.000       0.3504
  67.000       0.3210
  68.000       0.3792
  69.000       0.3725
  70.000       0.3092
  71.000       0.3128
  72.000       0.3600
  73.000       0.3715
  74.000       0.3765
  75.000       0.4076
  76.000       0.4390
  77.000       0.5059
  78.000       0.5601
  79.000       0.4291
  80.000       0.4886
  81.000       0.3630
  82.000       0.3221
  83.000       0.4000
  84.000       0.4392
  85.000       0.4417
  86.000       0.3398
  87.000       0.4152
  88.000       0.4764
  89.000       0.4213
  90.000       0.4087
  91.000       0.4109
  92.000       0.4700
  93.000       0.5131
  94.000       0.5435
  95.000       0.6677
  96.000       0.8408
  97.000       1.0008
