#Res             RMSF
 281.000       1.0661
 282.000       0.9420
 283.000       1.0012
 284.000       0.6857
 285.000       0.6988
 286.000       0.4924
 287.000       0.5252
 288.000       0.4650
 289.000       0.4942
 290.000       0.5999
 291.000       0.4859
 292.000       0.4569
 293.000       0.4691
 294.000       0.4920
 295.000       0.4449
 296.000       0.4409
 297.000       0.5622
 298.000       0.6455
 299.000       0.6549
 300.000       0.7311
 301.000       0.8475
 302.000       0.8331
 303.000       0.6470
 304.000       0.6438
 305.000       0.5245
 306.000       0.5248
 307.000       0.6139
 308.000       0.6590
 309.000       0.5207
 310.000       0.4959
 311.000       0.5224
 312.000       0.4250
 313.000       0.4067
 314.000       0.4034
 315.000       0.4091
 316.000       0.3782
 317.000       0.3915
 318.000       0.4266
 319.000       0.4220
 320.000       0.4066
 321.000       0.3524
 322.000       0.4056
 323.000       0.4297
 324.000       0.3555
 325.000       0.4045
 326.000       0.4388
 327.000       0.3684
 328.000       0.3351
 329.000       0.4153
 330.000       0.4719
 331.000       0.4496
 332.000       0.4931
 333.000       0.5313
 334.000       0.5571
 335.000       0.6152
 336.000       0.6565
 337.000       0.6528
 338.000       0.6752
 339.000       0.5758
 340.000       0.4868
 341.000       0.4718
 342.000       0.4760
 343.000       0.4682
 344.000       0.4060
 345.000       0.3739
 346.000       0.4159
 347.000       0.3850
 348.000       0.3770
 349.000       0.4216
 350.000       0.4842
 351.000       0.4584
 352.000       0.4518
 353.000       0.4718
 354.000       0.6694
 355.000       0.9128
 356.000       0.9944
 357.000       0.6474
 358.000       0.5086
 359.000       0.6316
 360.000       0.5201
 361.000       0.4313
 362.000       0.4248
 363.000       0.4437
 364.000       0.4341
 365.000       0.4302
 366.000       0.4804
 367.000       0.4853
 368.000       0.4289
 369.000       0.4836
 370.000       0.5483
 371.000       0.5509
 372.000       0.5203
 373.000       0.7238
 374.000       0.9442
 375.000       1.4840
 376.000       2.9914
