#Res             RMSF
 176.000       3.7289
 177.000       1.0518
 178.000       0.6485
 179.000       0.5138
 180.000       0.4746
 181.000       0.5666
 182.000       0.6024
 183.000       0.5211
 184.000       0.6025
 185.000       0.4545
 186.000       0.4837
 187.000       0.4278
 188.000       0.4346
 189.000       0.3689
 190.000       0.4886
 191.000       0.4405
 192.000       0.3801
 193.000       0.3800
 194.000       0.4320
 195.000       0.4729
 196.000       0.4797
 197.000       0.5482
 198.000       0.6179
 199.000       0.5998
 200.000       0.5929
 201.000       0.5454
 202.000       0.6058
 203.000       0.6485
 204.000       0.5674
 205.000       0.5002
 206.000       0.5447
 207.000       0.6825
 208.000       0.5033
 209.000       0.3978
 210.000       0.3611
 211.000       0.3798
 212.000       0.4181
 213.000       0.4007
 214.000       0.3755
 215.000       0.4119
 216.000       0.4473
 217.000       0.4304
 218.000       0.4120
 219.000       0.4329
 220.000       0.4630
 221.000       0.4821
 222.000       0.4966
 223.000       0.5151
 224.000       0.4762
 225.000       0.4730
 226.000       0.5134
 227.000       0.5100
 228.000       0.4638
 229.000       0.5125
 230.000       0.5941
 231.000       0.5751
 232.000       0.5192
 233.000       0.6855
 234.000       0.8140
 235.000       0.7991
 236.000       0.8409
 237.000       0.6318
 238.000       0.6665
 239.000       0.5057
 240.000       0.4356
 241.000       0.4652
 242.000       0.4754
 243.000       0.4437
 244.000       0.4675
 245.000       0.4670
 246.000       0.5125
 247.000       0.6278
 248.000       0.6125
 249.000       0.8340
 250.000       1.2894
 251.000       1.3903
 252.000       1.1376
 253.000       1.1658
 254.000       0.8784
 255.000       0.9211
 256.000       1.0718
 257.000       0.9671
 258.000       0.8714
 259.000       0.9717
 260.000       1.4773
 261.000       0.9329
 262.000       0.6483
 263.000       0.5176
 264.000       0.5429
 265.000       0.5673
 266.000       0.5093
 267.000       0.5755
 268.000       0.5064
 269.000       0.5504
 270.000       0.6457
 271.000       0.6470
 272.000       0.7323
 273.000       0.7873
 274.000       0.8050
 275.000       0.9200
 276.000       0.8970
 277.000       0.7922
 278.000       0.9448
 279.000       1.3037
 280.000       2.0466
