#Res             RMSF
 281.000       1.8101
 282.000       1.2778
 283.000       1.4510
 284.000       1.6001
 285.000       1.1533
 286.000       0.9508
 287.000       0.5588
 288.000       0.4976
 289.000       0.5391
 290.000       0.6432
 291.000       0.5509
 292.000       0.5000
 293.000       0.5320
 294.000       0.5850
 295.000       0.5298
 296.000       0.5102
 297.000       0.6436
 298.000       0.7355
 299.000       0.7301
 300.000       0.7738
 301.000       0.9508
 302.000       0.8975
 303.000       0.7084
 304.000       0.6889
 305.000       0.5564
 306.000       0.5864
 307.000       0.6469
 308.000       0.6896
 309.000       0.5397
 310.000       0.5178
 311.000       0.5477
 312.000       0.4578
 313.000       0.4299
 314.000       0.4224
 315.000       0.4438
 316.000       0.4174
 317.000       0.4009
 318.000       0.4341
 319.000       0.4517
 320.000       0.4238
 321.000       0.3699
 322.000       0.4145
 323.000       0.4206
 324.000       0.3494
 325.000       0.4138
 326.000       0.4503
 327.000       0.3873
 328.000       0.3707
 329.000       0.4399
 330.000       0.4686
 331.000       0.4534
 332.000       0.4966
 333.000       0.5453
 334.000       0.5895
 335.000       0.6473
 336.000       0.7003
 337.000       0.6645
 338.000       0.6885
 339.000       0.5945
 340.000       0.4956
 341.000       0.4938
 342.000       0.5189
 343.000       0.5092
 344.000       0.4226
 345.000       0.4070
 346.000       0.4514
 347.000       0.4216
 348.000       0.3882
 349.000       0.4410
 350.000       0.4976
 351.000       0.4567
 352.000       0.4494
 353.000       0.4734
 354.000       0.6579
 355.000       0.8606
 356.000       0.9339
 357.000       0.6365
 358.000       0.5053
 359.000       0.6140
 360.000       0.5394
 361.000       0.4709
 362.000       0.4453
 363.000       0.4890
 364.000       0.4783
 365.000       0.4730
 366.000       0.5263
 367.000       0.5366
 368.000       0.4757
 369.000       0.5351
 370.000       0.6142
 371.000       0.6105
 372.000       0.5916
 373.000       0.8205
 374.000       1.7844
 375.000       3.1160
 376.000       4.4157
