#Res             RMSF
 476.000       3.4047
 477.000       1.4101
 478.000       0.9853
 479.000       0.7907
 480.000       0.4896
 481.000       0.5232
 482.000       0.6268
 483.000       0.7347
 484.000       0.6264
 485.000       0.5658
 486.000       0.4639
 487.000       0.4385
 488.000       0.4760
 489.000       0.3661
 490.000       0.3488
 491.000       0.3740
 492.000       0.3622
 493.000       0.3438
 494.000       0.3539
 495.000       0.3960
 496.000       0.4225
 497.000       0.4432
 498.000       0.3901
 499.000       0.4370
 500.000       0.4292
 501.000       0.4113
 502.000       0.4491
 503.000       0.5266
 504.000       0.5155
 505.000       0.3875
 506.000       0.4134
 507.000       0.5377
 508.000       0.5037
 509.000       0.4262
 510.000       0.5046
 511.000       0.5327
 512.000       0.4901
 513.000       0.4476
 514.000       0.4945
 515.000       0.5110
 516.000       0.4968
 517.000       0.5232
 518.000       0.5180
 519.000       0.4742
 520.000       0.3815
 521.000       0.3565
 522.000       0.3929
 523.000       0.3308
 524.000       0.3315
 525.000       0.3724
 526.000       0.4074
 527.000       0.4069
 528.000       0.3890
 529.000       0.5508
 530.000       0.6809
 531.000       0.6255
 532.000       0.6841
 533.000       0.5531
 534.000       0.6654
 535.000       0.4689
 536.000       0.4068
 537.000       0.4533
 538.000       0.4215
 539.000       0.4364
 540.000       0.3497
 541.000       0.3488
 542.000       0.4021
 543.000       0.4111
 544.000       0.3648
 545.000       0.4144
 546.000       0.5752
 547.000       0.6998
 548.000       0.7546
 549.000       0.8762
 550.000       0.6212
 551.000       0.5915
 552.000       0.4821
 553.000       0.5659
 554.000       0.7609
 555.000       0.6976
 556.000       1.3797
 557.000       2.4212
