#Res             RMSF
 662.000       1.1629
 663.000       0.9615
 664.000       0.7227
 665.000       0.5085
 666.000       0.4580
 667.000       0.4636
 668.000       0.4539
 669.000       0.4562
 670.000       0.4274
 671.000       0.4017
 672.000       0.4588
 673.000       0.4121
 674.000       0.4164
 675.000       0.5610
 676.000       0.6743
 677.000       0.5720
 678.000       0.5242
 679.000       0.6548
 680.000       0.8040
 681.000       0.5534
 682.000       0.5373
 683.000       0.4632
 684.000       0.5168
 685.000       0.6139
 686.000       0.6038
 687.000       0.4650
 688.000       0.4804
 689.000       0.5532
 690.000       0.4408
 691.000       0.3731
 692.000       0.4135
 693.000       0.4393
 694.000       0.3816
 695.000       0.3786
 696.000       0.4094
 697.000       0.4011
 698.000       0.4131
 699.000       0.3777
 700.000       0.4390
 701.000       0.4375
 702.000       0.3577
 703.000       0.4499
 704.000       0.5496
 705.000       0.4765
 706.000       0.4085
 707.000       0.4436
 708.000       0.4350
 709.000       0.4111
 710.000       0.4501
 711.000       0.5059
 712.000       0.5887
 713.000       0.7303
 714.000       0.7528
 715.000       0.6324
 716.000       0.6383
 717.000       0.5306
 718.000       0.4460
 719.000       0.4335
 720.000       0.4486
 721.000       0.4817
 722.000       0.3999
 723.000       0.3730
 724.000       0.3955
 725.000       0.3787
 726.000       0.3827
 727.000       0.3943
 728.000       0.4464
 729.000       0.4631
 730.000       0.4847
 731.000       0.5060
 732.000       0.6038
 733.000       0.7583
 734.000       0.7927
 735.000       0.6049
 736.000       0.4961
 737.000       0.5927
 738.000       0.5311
 739.000       0.4627
 740.000       0.4413
 741.000       0.4789
 742.000       0.4428
 743.000       0.4402
 744.000       0.4808
 745.000       0.5048
 746.000       0.4502
 747.000       0.4852
 748.000       0.5680
 749.000       0.5807
 750.000       0.5373
 751.000       0.7796
 752.000       1.2997
 753.000       3.0934
