#Res             RMSF
 281.000       2.1070
 282.000       1.4985
 283.000       1.7314
 284.000       2.0310
 285.000       1.4433
 286.000       1.1348
 287.000       0.5806
 288.000       0.5210
 289.000       0.5597
 290.000       0.6585
 291.000       0.5953
 292.000       0.5279
 293.000       0.5743
 294.000       0.6452
 295.000       0.5875
 296.000       0.5592
 297.000       0.7003
 298.000       0.7894
 299.000       0.7673
 300.000       0.7505
 301.000       1.0166
 302.000       0.9307
 303.000       0.7342
 304.000       0.6961
 305.000       0.5609
 306.000       0.6196
 307.000       0.6519
 308.000       0.6945
 309.000       0.5390
 310.000       0.5232
 311.000       0.5623
 312.000       0.4789
 313.000       0.4431
 314.000       0.4345
 315.000       0.4605
 316.000       0.4224
 317.000       0.3992
 318.000       0.4360
 319.000       0.4453
 320.000       0.4113
 321.000       0.3811
 322.000       0.4163
 323.000       0.4083
 324.000       0.3378
 325.000       0.4114
 326.000       0.4459
 327.000       0.3867
 328.000       0.3673
 329.000       0.4261
 330.000       0.4083
 331.000       0.3884
 332.000       0.4438
 333.000       0.5059
 334.000       0.5785
 335.000       0.6391
 336.000       0.6939
 337.000       0.6228
 338.000       0.6439
 339.000       0.5929
 340.000       0.4881
 341.000       0.5070
 342.000       0.5508
 343.000       0.5373
 344.000       0.4156
 345.000       0.4117
 346.000       0.4683
 347.000       0.4295
 348.000       0.3760
 349.000       0.4129
 350.000       0.4756
 351.000       0.4438
 352.000       0.4374
 353.000       0.4485
 354.000       0.6121
 355.000       0.7934
 356.000       0.8496
 357.000       0.6084
 358.000       0.4923
 359.000       0.5872
 360.000       0.5482
 361.000       0.4999
 362.000       0.4615
 363.000       0.5173
 364.000       0.5095
 365.000       0.5066
 366.000       0.5588
 367.000       0.5684
 368.000       0.5073
 369.000       0.5715
 370.000       0.6696
 371.000       0.6553
 372.000       0.6419
 373.000       0.9052
 374.000       2.2015
 375.000       3.7235
 376.000       5.1392
