#Res             RMSF
 176.000       1.1681
 177.000       0.8879
 178.000       0.6242
 179.000       0.5456
 180.000       0.5209
 181.000       0.6176
 182.000       0.6411
 183.000       0.5281
 184.000       0.5694
 185.000       0.4656
 186.000       0.5359
 187.000       0.4774
 188.000       0.5184
 189.000       0.4427
 190.000       0.5013
 191.000       0.4725
 192.000       0.4292
 193.000       0.4003
 194.000       0.4190
 195.000       0.4887
 196.000       0.5095
 197.000       0.5763
 198.000       0.6778
 199.000       0.7176
 200.000       0.6482
 201.000       0.6014
 202.000       0.7569
 203.000       0.6579
 204.000       0.5384
 205.000       0.4839
 206.000       0.5258
 207.000       0.6122
 208.000       0.4928
 209.000       0.3958
 210.000       0.3923
 211.000       0.3946
 212.000       0.4080
 213.000       0.4105
 214.000       0.4158
 215.000       0.4001
 216.000       0.4159
 217.000       0.4516
 218.000       0.4447
 219.000       0.4510
 220.000       0.4895
 221.000       0.5225
 222.000       0.5214
 223.000       0.5752
 224.000       0.5056
 225.000       0.4865
 226.000       0.5549
 227.000       0.5987
 228.000       0.5052
 229.000       0.5565
 230.000       0.6455
 231.000       0.6182
 232.000       0.5400
 233.000       0.6992
 234.000       0.8362
 235.000       0.7775
 236.000       0.7859
 237.000       0.6197
 238.000       0.6768
 239.000       0.5126
 240.000       0.4439
 241.000       0.5047
 242.000       0.5116
 243.000       0.5162
 244.000       0.5235
 245.000       0.5499
 246.000       0.6300
 247.000       0.6833
 248.000       0.6418
 249.000       1.0358
 250.000       1.5877
 251.000       1.2399
 252.000       1.1798
 253.000       1.1925
 254.000       1.0605
 255.000       0.9252
 256.000       1.0724
 257.000       1.0940
 258.000       0.8789
 259.000       0.9186
 260.000       1.5808
 261.000       1.9075
 262.000       0.9666
 263.000       0.7393
 264.000       0.7234
 265.000       0.8414
 266.000       0.7462
 267.000       0.7224
 268.000       0.6354
 269.000       0.7138
 270.000       0.8202
 271.000       0.8314
 272.000       0.8740
 273.000       0.9351
 274.000       0.9461
 275.000       0.9847
 276.000       0.9324
 277.000       0.8499
 278.000       0.9853
 279.000       1.2756
 280.000       1.9291
