#Res             RMSF
  98.000       1.2061
  99.000       0.6492
 100.000       0.7279
 101.000       0.7130
 102.000       0.5491
 103.000       0.4501
 104.000       0.4270
 105.000       0.4418
 106.000       0.4619
 107.000       0.3662
 108.000       0.3370
 109.000       0.4361
 110.000       0.4200
 111.000       0.3316
 112.000       0.3485
 113.000       0.3802
 114.000       0.4005
 115.000       0.3979
 116.000       0.3496
 117.000       0.4072
 118.000       0.3831
 119.000       0.4013
 120.000       0.4169
 121.000       0.4789
 122.000       0.4599
 123.000       0.3909
 124.000       0.3921
 125.000       0.4967
 126.000       0.4512
 127.000       0.3847
 128.000       0.3913
 129.000       0.4491
 130.000       0.4354
 131.000       0.4141
 132.000       0.4364
 133.000       0.4660
 134.000       0.4521
 135.000       0.4441
 136.000       0.4753
 137.000       0.4882
 138.000       0.3691
 139.000       0.3361
 140.000       0.3815
 141.000       0.3121
 142.000       0.2916
 143.000       0.3116
 144.000       0.3296
 145.000       0.3196
 146.000       0.3259
 147.000       0.4234
 148.000       0.4822
 149.000       0.5008
 150.000       0.5236
 151.000       0.4814
 152.000       0.5914
 153.000       0.4377
 154.000       0.3622
 155.000       0.3833
 156.000       0.3896
 157.000       0.4151
 158.000       0.3500
 159.000       0.3475
 160.000       0.3990
 161.000       0.3969
 162.000       0.3497
 163.000       0.4884
 164.000       0.6248
 165.000       0.6425
 166.000       1.1218
 167.000       1.2134
 168.000       0.7935
 169.000       0.5281
 170.000       0.4153
 171.000       0.4275
 172.000       0.5597
 173.000       0.6634
 174.000       1.4103
 175.000       2.4986
