#Res             RMSF
 662.000       1.8966
 663.000       1.3378
 664.000       1.1087
 665.000       0.5438
 666.000       0.4629
 667.000       0.4700
 668.000       0.4829
 669.000       0.4725
 670.000       0.4261
 671.000       0.4075
 672.000       0.4723
 673.000       0.4179
 674.000       0.4237
 675.000       0.5708
 676.000       0.6608
 677.000       0.5723
 678.000       0.5354
 679.000       0.6683
 680.000       0.7756
 681.000       0.5648
 682.000       0.5308
 683.000       0.4483
 684.000       0.4987
 685.000       0.6192
 686.000       0.6299
 687.000       0.4708
 688.000       0.4771
 689.000       0.5721
 690.000       0.4790
 691.000       0.3909
 692.000       0.4151
 693.000       0.4668
 694.000       0.4247
 695.000       0.3909
 696.000       0.4281
 697.000       0.4338
 698.000       0.4396
 699.000       0.3879
 700.000       0.4368
 701.000       0.4419
 702.000       0.3717
 703.000       0.4456
 704.000       0.5280
 705.000       0.4742
 706.000       0.3976
 707.000       0.4547
 708.000       0.5263
 709.000       0.4613
 710.000       0.5107
 711.000       0.6048
 712.000       0.7083
 713.000       0.8024
 714.000       0.8124
 715.000       0.7087
 716.000       0.8073
 717.000       0.5524
 718.000       0.4533
 719.000       0.4675
 720.000       0.4989
 721.000       0.5308
 722.000       0.4525
 723.000       0.4026
 724.000       0.4316
 725.000       0.4385
 726.000       0.4299
 727.000       0.4235
 728.000       0.4854
 729.000       0.5464
 730.000       0.5321
 731.000       0.5352
 732.000       0.6405
 733.000       0.8770
 734.000       0.8614
 735.000       0.6139
 736.000       0.5080
 737.000       0.5959
 738.000       0.5315
 739.000       0.4501
 740.000       0.4440
 741.000       0.4986
 742.000       0.4451
 743.000       0.4212
 744.000       0.4745
 745.000       0.4943
 746.000       0.4424
 747.000       0.4911
 748.000       0.5823
 749.000       0.5856
 750.000       0.5574
 751.000       0.7816
 752.000       1.2020
 753.000       2.7130
