#Res             RMSF
 558.000       1.2028
 559.000       0.7679
 560.000       0.5536
 561.000       0.5047
 562.000       0.6383
 563.000       0.6667
 564.000       0.5733
 565.000       0.6237
 566.000       0.4874
 567.000       0.5069
 568.000       0.4184
 569.000       0.4582
 570.000       0.3901
 571.000       0.4959
 572.000       0.4759
 573.000       0.3931
 574.000       0.3723
 575.000       0.4238
 576.000       0.4680
 577.000       0.4771
 578.000       0.5106
 579.000       0.5657
 580.000       0.5880
 581.000       0.6156
 582.000       0.5838
 583.000       0.6261
 584.000       0.6711
 585.000       0.5776
 586.000       0.5492
 587.000       0.5740
 588.000       0.7140
 589.000       0.5001
 590.000       0.4058
 591.000       0.3689
 592.000       0.3744
 593.000       0.3945
 594.000       0.3838
 595.000       0.3554
 596.000       0.3725
 597.000       0.4053
 598.000       0.4011
 599.000       0.3801
 600.000       0.4047
 601.000       0.4253
 602.000       0.4260
 603.000       0.4767
 604.000       0.5043
 605.000       0.4333
 606.000       0.4406
 607.000       0.5070
 608.000       0.4806
 609.000       0.4286
 610.000       0.5085
 611.000       0.6017
 612.000       0.5842
 613.000       0.5327
 614.000       0.7128
 615.000       0.8434
 616.000       0.8194
 617.000       0.8488
 618.000       0.6842
 619.000       0.6922
 620.000       0.5380
 621.000       0.4057
 622.000       0.4148
 623.000       0.4371
 624.000       0.4385
 625.000       0.4121
 626.000       0.4258
 627.000       0.4592
 628.000       0.5294
 629.000       0.6428
 630.000       0.6839
 631.000       1.0355
 632.000       1.3086
 633.000       1.0225
 634.000       1.0310
 635.000       0.8084
 636.000       0.7274
 637.000       0.8207
 638.000       0.7974
 639.000       0.7706
 640.000       0.8619
 641.000       1.1089
 642.000       1.0963
 643.000       0.5416
 644.000       0.4877
 645.000       0.5559
 646.000       0.5848
 647.000       0.5153
 648.000       0.5398
 649.000       0.5499
 650.000       0.5545
 651.000       0.7363
 652.000       0.8190
 653.000       0.9011
 654.000       0.8896
 655.000       0.8848
 656.000       1.0109
 657.000       1.0099
 658.000       0.9190
 659.000       1.0847
 660.000       1.4436
 661.000       2.1541
