#Res             RMSF
 176.000       3.4801
 177.000       0.9844
 178.000       0.6520
 179.000       0.5388
 180.000       0.5090
 181.000       0.6007
 182.000       0.6225
 183.000       0.5279
 184.000       0.5903
 185.000       0.4658
 186.000       0.5176
 187.000       0.4608
 188.000       0.4913
 189.000       0.4122
 190.000       0.5023
 191.000       0.4618
 192.000       0.4130
 193.000       0.4010
 194.000       0.4413
 195.000       0.4914
 196.000       0.5133
 197.000       0.5842
 198.000       0.6662
 199.000       0.6802
 200.000       0.6314
 201.000       0.5783
 202.000       0.6957
 203.000       0.6616
 204.000       0.5571
 205.000       0.4953
 206.000       0.5472
 207.000       0.6673
 208.000       0.5031
 209.000       0.4027
 210.000       0.3911
 211.000       0.3990
 212.000       0.4243
 213.000       0.4207
 214.000       0.4122
 215.000       0.4188
 216.000       0.4448
 217.000       0.4605
 218.000       0.4504
 219.000       0.4572
 220.000       0.4930
 221.000       0.5246
 222.000       0.5217
 223.000       0.5594
 224.000       0.5066
 225.000       0.4898
 226.000       0.5449
 227.000       0.5763
 228.000       0.5020
 229.000       0.5550
 230.000       0.6361
 231.000       0.6038
 232.000       0.5410
 233.000       0.7118
 234.000       0.8405
 235.000       0.7951
 236.000       0.8199
 237.000       0.6375
 238.000       0.6993
 239.000       0.5224
 240.000       0.4552
 241.000       0.4963
 242.000       0.5027
 243.000       0.4923
 244.000       0.5140
 245.000       0.5302
 246.000       0.5836
 247.000       0.6590
 248.000       0.6301
 249.000       1.0280
 250.000       1.5933
 251.000       1.3688
 252.000       1.2097
 253.000       1.2642
 254.000       1.0268
 255.000       0.9489
 256.000       1.0909
 257.000       1.0853
 258.000       0.8943
 259.000       0.9623
 260.000       1.6006
 261.000       1.9330
 262.000       0.9725
 263.000       0.6698
 264.000       0.6538
 265.000       0.7438
 266.000       0.6429
 267.000       0.6650
 268.000       0.5750
 269.000       0.6407
 270.000       0.7401
 271.000       0.7458
 272.000       0.8129
 273.000       0.8760
 274.000       0.8908
 275.000       0.9653
 276.000       0.9254
 277.000       0.8244
 278.000       0.9665
 279.000       1.2923
 280.000       1.9972
