#Res             RMSF
  98.000       1.4855
  99.000       0.6570
 100.000       0.7208
 101.000       0.7200
 102.000       0.5234
 103.000       0.4509
 104.000       0.4348
 105.000       0.4224
 106.000       0.4440
 107.000       0.3563
 108.000       0.3184
 109.000       0.4022
 110.000       0.4017
 111.000       0.3232
 112.000       0.3358
 113.000       0.3490
 114.000       0.3690
 115.000       0.3735
 116.000       0.3362
 117.000       0.3970
 118.000       0.3744
 119.000       0.4180
 120.000       0.4178
 121.000       0.4626
 122.000       0.4638
 123.000       0.4130
 124.000       0.3929
 125.000       0.4846
 126.000       0.4699
 127.000       0.3701
 128.000       0.3998
 129.000       0.4510
 130.000       0.4335
 131.000       0.4084
 132.000       0.4464
 133.000       0.4765
 134.000       0.4573
 135.000       0.4446
 136.000       0.4885
 137.000       0.5074
 138.000       0.3672
 139.000       0.3322
 140.000       0.3842
 141.000       0.3159
 142.000       0.2921
 143.000       0.2992
 144.000       0.3245
 145.000       0.3237
 146.000       0.3186
 147.000       0.3996
 148.000       0.4616
 149.000       0.5029
 150.000       0.5154
 151.000       0.4507
 152.000       0.5496
 153.000       0.4241
 154.000       0.3421
 155.000       0.3537
 156.000       0.3455
 157.000       0.3780
 158.000       0.3242
 159.000       0.3353
 160.000       0.3644
 161.000       0.3849
 162.000       0.3581
 163.000       0.4617
 164.000       0.6126
 165.000       0.7244
 166.000       1.3738
 167.000       1.1884
 168.000       0.8666
 169.000       0.5688
 170.000       0.4300
 171.000       0.4484
 172.000       0.5333
 173.000       0.5765
 174.000       1.2453
 175.000       2.1973
