#Res             RMSF
   1.000       2.8480
   2.000       1.8555
   3.000       0.9658
   4.000       0.6181
   5.000       0.6423
   6.000       0.5420
   7.000       0.5520
   8.000       0.5475
   9.000       0.5422
  10.000       0.4876
  11.000       0.5055
  12.000       0.5416
  13.000       0.4583
  14.000       0.4017
  15.000       0.4941
  16.000       0.4777
  17.000       0.4182
  18.000       0.4314
  19.000       0.5441
  20.000       0.5591
  21.000       0.5684
  22.000       0.6016
  23.000       0.5135
  24.000       0.4643
  25.000       0.5593
  26.000       0.6164
  27.000       0.5612
  28.000       0.5230
  29.000       0.4859
  30.000       0.4128
  31.000       0.4243
  32.000       0.4239
  33.000       0.4005
  34.000       0.3854
  35.000       0.4320
  36.000       0.4692
  37.000       0.4550
  38.000       0.4700
  39.000       0.6102
  40.000       0.8042
  41.000       0.6923
  42.000       0.6297
  43.000       0.6682
  44.000       0.8262
  45.000       0.5473
  46.000       0.5420
  47.000       0.5124
  48.000       0.5129
  49.000       0.5385
  50.000       0.4779
  51.000       0.3857
  52.000       0.3594
  53.000       0.3960
  54.000       0.3657
  55.000       0.3198
  56.000       0.3260
  57.000       0.3465
  58.000       0.3596
  59.000       0.3663
  60.000       0.3893
  61.000       0.4181
  62.000       0.4257
  63.000       0.3881
  64.000       0.3483
  65.000       0.4048
  66.000       0.3399
  67.000       0.3224
  68.000       0.3789
  69.000       0.3743
  70.000       0.3204
  71.000       0.3316
  72.000       0.3824
  73.000       0.3751
  74.000       0.3703
  75.000       0.4171
  76.000       0.4537
  77.000       0.5135
  78.000       0.5556
  79.000       0.4533
  80.000       0.5004
  81.000       0.3995
  82.000       0.3525
  83.000       0.4345
  84.000       0.4577
  85.000       0.4537
  86.000       0.3543
  87.000       0.4277
  88.000       0.5046
  89.000       0.4542
  90.000       0.4269
  91.000       0.4421
  92.000       0.5504
  93.000       0.6196
  94.000       0.6007
  95.000       0.7257
  96.000       0.8131
  97.000       0.9719
