#Res             RMSF
  98.000       0.6420
  99.000       0.6242
 100.000       0.7252
 101.000       0.6906
 102.000       0.5700
 103.000       0.4485
 104.000       0.4172
 105.000       0.4538
 106.000       0.4656
 107.000       0.3664
 108.000       0.3482
 109.000       0.4537
 110.000       0.4302
 111.000       0.3373
 112.000       0.3587
 113.000       0.4082
 114.000       0.4287
 115.000       0.4205
 116.000       0.3623
 117.000       0.4100
 118.000       0.3820
 119.000       0.3667
 120.000       0.3947
 121.000       0.4745
 122.000       0.4337
 123.000       0.3600
 124.000       0.3721
 125.000       0.4809
 126.000       0.4079
 127.000       0.3639
 128.000       0.3745
 129.000       0.4458
 130.000       0.4344
 131.000       0.4172
 132.000       0.4262
 133.000       0.4508
 134.000       0.4380
 135.000       0.4389
 136.000       0.4504
 137.000       0.4605
 138.000       0.3668
 139.000       0.3369
 140.000       0.3767
 141.000       0.3035
 142.000       0.2904
 143.000       0.3148
 144.000       0.3300
 145.000       0.3117
 146.000       0.3195
 147.000       0.4283
 148.000       0.5006
 149.000       0.4867
 150.000       0.5221
 151.000       0.4779
 152.000       0.6025
 153.000       0.4286
 154.000       0.3709
 155.000       0.3958
 156.000       0.4093
 157.000       0.4341
 158.000       0.3645
 159.000       0.3536
 160.000       0.4103
 161.000       0.4004
 162.000       0.3319
 163.000       0.4933
 164.000       0.6206
 165.000       0.5065
 166.000       0.6630
 167.000       1.1014
 168.000       0.6469
 169.000       0.4682
 170.000       0.4024
 171.000       0.4029
 172.000       0.5802
 173.000       0.7285
 174.000       1.5002
 175.000       2.6376
