#Res             RMSF
 377.000       3.3054
 378.000       2.7605
 379.000       1.2204
 380.000       0.9289
 381.000       0.7301
 382.000       0.6620
 383.000       0.5980
 384.000       0.5283
 385.000       0.5464
 386.000       0.5023
 387.000       0.4324
 388.000       0.4502
 389.000       0.4861
 390.000       0.4295
 391.000       0.3532
 392.000       0.4620
 393.000       0.4801
 394.000       0.4141
 395.000       0.4022
 396.000       0.4806
 397.000       0.5379
 398.000       0.5206
 399.000       0.5658
 400.000       0.5118
 401.000       0.4237
 402.000       0.4384
 403.000       0.4957
 404.000       0.5323
 405.000       0.5387
 406.000       0.5259
 407.000       0.4025
 408.000       0.4199
 409.000       0.4312
 410.000       0.3999
 411.000       0.3813
 412.000       0.4265
 413.000       0.4564
 414.000       0.4644
 415.000       0.5006
 416.000       0.6614
 417.000       0.9103
 418.000       0.8164
 419.000       0.7917
 420.000       0.8059
 421.000       1.0014
 422.000       0.6202
 423.000       0.5727
 424.000       0.5591
 425.000       0.6488
 426.000       0.7866
 427.000       0.5648
 428.000       0.4622
 429.000       0.4207
 430.000       0.4639
 431.000       0.4769
 432.000       0.4346
 433.000       0.3705
 434.000       0.4031
 435.000       0.4147
 436.000       0.3868
 437.000       0.3845
 438.000       0.4027
 439.000       0.4112
 440.000       0.3737
 441.000       0.3621
 442.000       0.4030
 443.000       0.3560
 444.000       0.3326
 445.000       0.3775
 446.000       0.4059
 447.000       0.4019
 448.000       0.4038
 449.000       0.4578
 450.000       0.4950
 451.000       0.4979
 452.000       0.5392
 453.000       0.6243
 454.000       0.6834
 455.000       0.6853
 456.000       0.5449
 457.000       0.5283
 458.000       0.4422
 459.000       0.4087
 460.000       0.5165
 461.000       0.5972
 462.000       0.5665
 463.000       0.4853
 464.000       0.5151
 465.000       0.6008
 466.000       0.5747
 467.000       0.6250
 468.000       0.6451
 469.000       0.7444
 470.000       0.7120
 471.000       0.6976
 472.000       1.0796
 473.000       2.1738
 474.000       3.0548
 475.000       3.8760
