#Res             RMSF
   1.000       1.9948
   2.000       1.3552
   3.000       0.8912
   4.000       0.5531
   5.000       0.5538
   6.000       0.4777
   7.000       0.5178
   8.000       0.5058
   9.000       0.5207
  10.000       0.4735
  11.000       0.5028
  12.000       0.5530
  13.000       0.4567
  14.000       0.3791
  15.000       0.4948
  16.000       0.4592
  17.000       0.4079
  18.000       0.4234
  19.000       0.5450
  20.000       0.5829
  21.000       0.5625
  22.000       0.5977
  23.000       0.5241
  24.000       0.4641
  25.000       0.5946
  26.000       0.6337
  27.000       0.5759
  28.000       0.5267
  29.000       0.4727
  30.000       0.3901
  31.000       0.4130
  32.000       0.4153
  33.000       0.3931
  34.000       0.3561
  35.000       0.4082
  36.000       0.4617
  37.000       0.4562
  38.000       0.4635
  39.000       0.5952
  40.000       0.7515
  41.000       0.6398
  42.000       0.5930
  43.000       0.6303
  44.000       0.7814
  45.000       0.5208
  46.000       0.5164
  47.000       0.5115
  48.000       0.5136
  49.000       0.5431
  50.000       0.4954
  51.000       0.3915
  52.000       0.3712
  53.000       0.4088
  54.000       0.3789
  55.000       0.3282
  56.000       0.3310
  57.000       0.3430
  58.000       0.3593
  59.000       0.3600
  60.000       0.3707
  61.000       0.3963
  62.000       0.4100
  63.000       0.3621
  64.000       0.3393
  65.000       0.4160
  66.000       0.3279
  67.000       0.3151
  68.000       0.3626
  69.000       0.3570
  70.000       0.3189
  71.000       0.3353
  72.000       0.3909
  73.000       0.3656
  74.000       0.3459
  75.000       0.4103
  76.000       0.4629
  77.000       0.5034
  78.000       0.5351
  79.000       0.4305
  80.000       0.4396
  81.000       0.3637
  82.000       0.3328
  83.000       0.4192
  84.000       0.4275
  85.000       0.4185
  86.000       0.3440
  87.000       0.4131
  88.000       0.4727
  89.000       0.4243
  90.000       0.4141
  91.000       0.4385
  92.000       0.5320
  93.000       0.6139
  94.000       0.5869
  95.000       0.6981
  96.000       0.7624
  97.000       0.9167
