#Res             RMSF
 558.000       1.2030
 559.000       0.7673
 560.000       0.5530
 561.000       0.5042
 562.000       0.6380
 563.000       0.6663
 564.000       0.5733
 565.000       0.6232
 566.000       0.4872
 567.000       0.5066
 568.000       0.4179
 569.000       0.4578
 570.000       0.3899
 571.000       0.4969
 572.000       0.4769
 573.000       0.3931
 574.000       0.3728
 575.000       0.4251
 576.000       0.4691
 577.000       0.4777
 578.000       0.5110
 579.000       0.5670
 580.000       0.5886
 581.000       0.6156
 582.000       0.5836
 583.000       0.6256
 584.000       0.6705
 585.000       0.5771
 586.000       0.5488
 587.000       0.5735
 588.000       0.7137
 589.000       0.5000
 590.000       0.4058
 591.000       0.3692
 592.000       0.3746
 593.000       0.3947
 594.000       0.3845
 595.000       0.3561
 596.000       0.3736
 597.000       0.4063
 598.000       0.4016
 599.000       0.3804
 600.000       0.4056
 601.000       0.4261
 602.000       0.4260
 603.000       0.4772
 604.000       0.5043
 605.000       0.4334
 606.000       0.4405
 607.000       0.5069
 608.000       0.4810
 609.000       0.4294
 610.000       0.5082
 611.000       0.6013
 612.000       0.5846
 613.000       0.5327
 614.000       0.7120
 615.000       0.8429
 616.000       0.8193
 617.000       0.8489
 618.000       0.6839
 619.000       0.6919
 620.000       0.5377
 621.000       0.4058
 622.000       0.4149
 623.000       0.4370
 624.000       0.4382
 625.000       0.4118
 626.000       0.4261
 627.000       0.4589
 628.000       0.5288
 629.000       0.6423
 630.000       0.6840
 631.000       1.0344
 632.000       1.3074
 633.000       1.0268
 634.000       1.0381
 635.000       0.8144
 636.000       0.7323
 637.000       0.8261
 638.000       0.8018
 639.000       0.7716
 640.000       0.8618
 641.000       1.1083
 642.000       1.0959
 643.000       0.5415
 644.000       0.4877
 645.000       0.5556
 646.000       0.5844
 647.000       0.5150
 648.000       0.5394
 649.000       0.5494
 650.000       0.5539
 651.000       0.7354
 652.000       0.8195
 653.000       0.9018
 654.000       0.8902
 655.000       0.8849
 656.000       1.0108
 657.000       1.0097
 658.000       0.9202
 659.000       1.0880
 660.000       1.4527
 661.000       2.1652
