#Res             RMSF
 558.000       1.1545
 559.000       0.7685
 560.000       0.5664
 561.000       0.4868
 562.000       0.6062
 563.000       0.6449
 564.000       0.5521
 565.000       0.5852
 566.000       0.4704
 567.000       0.4870
 568.000       0.4109
 569.000       0.4334
 570.000       0.3756
 571.000       0.4809
 572.000       0.4659
 573.000       0.3907
 574.000       0.3598
 575.000       0.3955
 576.000       0.4504
 577.000       0.4607
 578.000       0.4777
 579.000       0.5409
 580.000       0.5664
 581.000       0.5840
 582.000       0.5681
 583.000       0.6219
 584.000       0.6754
 585.000       0.5797
 586.000       0.5375
 587.000       0.5991
 588.000       0.7337
 589.000       0.5119
 590.000       0.3857
 591.000       0.3646
 592.000       0.3760
 593.000       0.3892
 594.000       0.3854
 595.000       0.3623
 596.000       0.3737
 597.000       0.4176
 598.000       0.4128
 599.000       0.3854
 600.000       0.3964
 601.000       0.4051
 602.000       0.4122
 603.000       0.4531
 604.000       0.4759
 605.000       0.4029
 606.000       0.4116
 607.000       0.4792
 608.000       0.4582
 609.000       0.3923
 610.000       0.4870
 611.000       0.5984
 612.000       0.5690
 613.000       0.4997
 614.000       0.6958
 615.000       0.8545
 616.000       0.8122
 617.000       0.8258
 618.000       0.6269
 619.000       0.6745
 620.000       0.5200
 621.000       0.3776
 622.000       0.3986
 623.000       0.4386
 624.000       0.4358
 625.000       0.4088
 626.000       0.4239
 627.000       0.4668
 628.000       0.5444
 629.000       0.5899
 630.000       0.7355
 631.000       1.0707
 632.000       1.1147
 633.000       1.0116
 634.000       1.0215
 635.000       0.8095
 636.000       0.7792
 637.000       0.9265
 638.000       0.8681
 639.000       0.8345
 640.000       0.9995
 641.000       1.3881
 642.000       1.2645
 643.000       0.5596
 644.000       0.4932
 645.000       0.5514
 646.000       0.5860
 647.000       0.5211
 648.000       0.5325
 649.000       0.5633
 650.000       0.5704
 651.000       0.8044
 652.000       0.8215
 653.000       0.8961
 654.000       0.8449
 655.000       0.8002
 656.000       0.9022
 657.000       0.8742
 658.000       0.7860
 659.000       0.9441
 660.000       1.3226
 661.000       2.1270
