#Res             RMSF
 662.000       1.9723
 663.000       1.2905
 664.000       1.1962
 665.000       0.5548
 666.000       0.4309
 667.000       0.4453
 668.000       0.4744
 669.000       0.4558
 670.000       0.4112
 671.000       0.4039
 672.000       0.4642
 673.000       0.4142
 674.000       0.4245
 675.000       0.5616
 676.000       0.6322
 677.000       0.5551
 678.000       0.5312
 679.000       0.6690
 680.000       0.7392
 681.000       0.5736
 682.000       0.5211
 683.000       0.4221
 684.000       0.4625
 685.000       0.5950
 686.000       0.6341
 687.000       0.4616
 688.000       0.4399
 689.000       0.5720
 690.000       0.5071
 691.000       0.3870
 692.000       0.4052
 693.000       0.4911
 694.000       0.4540
 695.000       0.3909
 696.000       0.4397
 697.000       0.4609
 698.000       0.4593
 699.000       0.3897
 700.000       0.4311
 701.000       0.4427
 702.000       0.3776
 703.000       0.4387
 704.000       0.4950
 705.000       0.4309
 706.000       0.3591
 707.000       0.4424
 708.000       0.5433
 709.000       0.4507
 710.000       0.5103
 711.000       0.5951
 712.000       0.6720
 713.000       0.7461
 714.000       0.7337
 715.000       0.6416
 716.000       0.8012
 717.000       0.5505
 718.000       0.4552
 719.000       0.4693
 720.000       0.5056
 721.000       0.5037
 722.000       0.4261
 723.000       0.3967
 724.000       0.4193
 725.000       0.4257
 726.000       0.4101
 727.000       0.4140
 728.000       0.4840
 729.000       0.5266
 730.000       0.5222
 731.000       0.5260
 732.000       0.6259
 733.000       0.9610
 734.000       0.8484
 735.000       0.5970
 736.000       0.5014
 737.000       0.5842
 738.000       0.5264
 739.000       0.4335
 740.000       0.4391
 741.000       0.5021
 742.000       0.4408
 743.000       0.3982
 744.000       0.4618
 745.000       0.4798
 746.000       0.4295
 747.000       0.4931
 748.000       0.5875
 749.000       0.5812
 750.000       0.5705
 751.000       0.7773
 752.000       1.0622
 753.000       2.2191
