#Res             RMSF
 558.000       1.2452
 559.000       0.7606
 560.000       0.5215
 561.000       0.5141
 562.000       0.6621
 563.000       0.6670
 564.000       0.5775
 565.000       0.6485
 566.000       0.4971
 567.000       0.5164
 568.000       0.4216
 569.000       0.4783
 570.000       0.3975
 571.000       0.4988
 572.000       0.4799
 573.000       0.3914
 574.000       0.3780
 575.000       0.4262
 576.000       0.4717
 577.000       0.4418
 578.000       0.4774
 579.000       0.5676
 580.000       0.5664
 581.000       0.5999
 582.000       0.5331
 583.000       0.5590
 584.000       0.5497
 585.000       0.4933
 586.000       0.5066
 587.000       0.5198
 588.000       0.6573
 589.000       0.4723
 590.000       0.4131
 591.000       0.3601
 592.000       0.3674
 593.000       0.3957
 594.000       0.3758
 595.000       0.3462
 596.000       0.3647
 597.000       0.3777
 598.000       0.3840
 599.000       0.3700
 600.000       0.3998
 601.000       0.4329
 602.000       0.4265
 603.000       0.4857
 604.000       0.5180
 605.000       0.4485
 606.000       0.4554
 607.000       0.5256
 608.000       0.4864
 609.000       0.4106
 610.000       0.4916
 611.000       0.5743
 612.000       0.5427
 613.000       0.4862
 614.000       0.6693
 615.000       0.7699
 616.000       0.7064
 617.000       0.7422
 618.000       0.6566
 619.000       0.6471
 620.000       0.5212
 621.000       0.4038
 622.000       0.4005
 623.000       0.3973
 624.000       0.3845
 625.000       0.3920
 626.000       0.4199
 627.000       0.4301
 628.000       0.4786
 629.000       0.6174
 630.000       0.6130
 631.000       0.5431
 632.000       0.7393
 633.000       0.7185
 634.000       0.9838
 635.000       0.7271
 636.000       0.5982
 637.000       0.6450
 638.000       0.7152
 639.000       0.6797
 640.000       0.6617
 641.000       0.6638
 642.000       0.6990
 643.000       0.5028
 644.000       0.4654
 645.000       0.4928
 646.000       0.5289
 647.000       0.4849
 648.000       0.4720
 649.000       0.4999
 650.000       0.4794
 651.000       0.5516
 652.000       0.6854
 653.000       0.7566
 654.000       0.7732
 655.000       0.7847
 656.000       0.9414
 657.000       0.9554
 658.000       0.8466
 659.000       1.0143
 660.000       1.3783
 661.000       2.0813
