#Res             RMSF
 377.000       2.2693
 378.000       1.6147
 379.000       1.1808
 380.000       0.7833
 381.000       0.5254
 382.000       0.5429
 383.000       0.5128
 384.000       0.5270
 385.000       0.4620
 386.000       0.4256
 387.000       0.4013
 388.000       0.4304
 389.000       0.4735
 390.000       0.4263
 391.000       0.3918
 392.000       0.4805
 393.000       0.5042
 394.000       0.4583
 395.000       0.4602
 396.000       0.5327
 397.000       0.5646
 398.000       0.5389
 399.000       0.5685
 400.000       0.4752
 401.000       0.4280
 402.000       0.4039
 403.000       0.5094
 404.000       0.4883
 405.000       0.4725
 406.000       0.4523
 407.000       0.3935
 408.000       0.4317
 409.000       0.4288
 410.000       0.4163
 411.000       0.4087
 412.000       0.4221
 413.000       0.4615
 414.000       0.4848
 415.000       0.4857
 416.000       0.6067
 417.000       0.8383
 418.000       0.7444
 419.000       0.6969
 420.000       0.7405
 421.000       0.9622
 422.000       0.6062
 423.000       0.5764
 424.000       0.5867
 425.000       0.6226
 426.000       0.7390
 427.000       0.5498
 428.000       0.4322
 429.000       0.4160
 430.000       0.4429
 431.000       0.4615
 432.000       0.3963
 433.000       0.3563
 434.000       0.4272
 435.000       0.4424
 436.000       0.4020
 437.000       0.3662
 438.000       0.4003
 439.000       0.4161
 440.000       0.3868
 441.000       0.3944
 442.000       0.4499
 443.000       0.3901
 444.000       0.3608
 445.000       0.4164
 446.000       0.4345
 447.000       0.3671
 448.000       0.3777
 449.000       0.4504
 450.000       0.4259
 451.000       0.4289
 452.000       0.4629
 453.000       0.4909
 454.000       0.5245
 455.000       0.5759
 456.000       0.4944
 457.000       0.5070
 458.000       0.3819
 459.000       0.3505
 460.000       0.4220
 461.000       0.4782
 462.000       0.4385
 463.000       0.3877
 464.000       0.4529
 465.000       0.4785
 466.000       0.4391
 467.000       0.5479
 468.000       0.5547
 469.000       0.6541
 470.000       0.7617
 471.000       0.9145
 472.000       1.0586
 473.000       1.0027
 474.000       1.1910
 475.000       1.7304
