#Res             RMSF
 662.000       1.8971
 663.000       1.3383
 664.000       1.1098
 665.000       0.5440
 666.000       0.4634
 667.000       0.4705
 668.000       0.4834
 669.000       0.4730
 670.000       0.4265
 671.000       0.4077
 672.000       0.4721
 673.000       0.4181
 674.000       0.4239
 675.000       0.5707
 676.000       0.6612
 677.000       0.5724
 678.000       0.5357
 679.000       0.6680
 680.000       0.7763
 681.000       0.5650
 682.000       0.5309
 683.000       0.4485
 684.000       0.4991
 685.000       0.6200
 686.000       0.6303
 687.000       0.4713
 688.000       0.4775
 689.000       0.5724
 690.000       0.4792
 691.000       0.3911
 692.000       0.4155
 693.000       0.4672
 694.000       0.4249
 695.000       0.3910
 696.000       0.4283
 697.000       0.4339
 698.000       0.4397
 699.000       0.3881
 700.000       0.4371
 701.000       0.4421
 702.000       0.3719
 703.000       0.4456
 704.000       0.5275
 705.000       0.4744
 706.000       0.3980
 707.000       0.4547
 708.000       0.5262
 709.000       0.4611
 710.000       0.5104
 711.000       0.6049
 712.000       0.7087
 713.000       0.8026
 714.000       0.8127
 715.000       0.7086
 716.000       0.8074
 717.000       0.5530
 718.000       0.4538
 719.000       0.4670
 720.000       0.4987
 721.000       0.5307
 722.000       0.4524
 723.000       0.4027
 724.000       0.4315
 725.000       0.4387
 726.000       0.4302
 727.000       0.4227
 728.000       0.4845
 729.000       0.5462
 730.000       0.5318
 731.000       0.5348
 732.000       0.6395
 733.000       0.8768
 734.000       0.8605
 735.000       0.6131
 736.000       0.5071
 737.000       0.5955
 738.000       0.5316
 739.000       0.4495
 740.000       0.4444
 741.000       0.4986
 742.000       0.4449
 743.000       0.4214
 744.000       0.4750
 745.000       0.4949
 746.000       0.4429
 747.000       0.4916
 748.000       0.5830
 749.000       0.5861
 750.000       0.5579
 751.000       0.7822
 752.000       1.2032
 753.000       2.7103
