#Res             RMSF
 377.000       3.2724
 378.000       2.7280
 379.000       1.5418
 380.000       1.0951
 381.000       0.7304
 382.000       0.6506
 383.000       0.6583
 384.000       0.5744
 385.000       0.5273
 386.000       0.4962
 387.000       0.4585
 388.000       0.4559
 389.000       0.4949
 390.000       0.4464
 391.000       0.3857
 392.000       0.4798
 393.000       0.5049
 394.000       0.4425
 395.000       0.4531
 396.000       0.5286
 397.000       0.5704
 398.000       0.5604
 399.000       0.5914
 400.000       0.5093
 401.000       0.4381
 402.000       0.4346
 403.000       0.5375
 404.000       0.5365
 405.000       0.5483
 406.000       0.5324
 407.000       0.4149
 408.000       0.4408
 409.000       0.4542
 410.000       0.4324
 411.000       0.4042
 412.000       0.4290
 413.000       0.4716
 414.000       0.5003
 415.000       0.5095
 416.000       0.6459
 417.000       0.8908
 418.000       0.8223
 419.000       0.7957
 420.000       0.8030
 421.000       1.0173
 422.000       0.6548
 423.000       0.6256
 424.000       0.6144
 425.000       0.6996
 426.000       0.8108
 427.000       0.6245
 428.000       0.5138
 429.000       0.4498
 430.000       0.4816
 431.000       0.5088
 432.000       0.4471
 433.000       0.3870
 434.000       0.4457
 435.000       0.4672
 436.000       0.4280
 437.000       0.4103
 438.000       0.4494
 439.000       0.4683
 440.000       0.4339
 441.000       0.4188
 442.000       0.4772
 443.000       0.4412
 444.000       0.4095
 445.000       0.4575
 446.000       0.4943
 447.000       0.4596
 448.000       0.4640
 449.000       0.5489
 450.000       0.5771
 451.000       0.5698
 452.000       0.6037
 453.000       0.6828
 454.000       0.7295
 455.000       0.7306
 456.000       0.6128
 457.000       0.5721
 458.000       0.4997
 459.000       0.4778
 460.000       0.5793
 461.000       0.6480
 462.000       0.6136
 463.000       0.5754
 464.000       0.6126
 465.000       0.6143
 466.000       0.6041
 467.000       0.7678
 468.000       0.7053
 469.000       0.7661
 470.000       0.8617
 471.000       1.0266
 472.000       1.3515
 473.000       2.4777
 474.000       3.3751
 475.000       3.7109
