#Res             RMSF
 281.000       1.7999
 282.000       1.2758
 283.000       1.4440
 284.000       1.5913
 285.000       1.1430
 286.000       0.9471
 287.000       0.5587
 288.000       0.4975
 289.000       0.5390
 290.000       0.6436
 291.000       0.5506
 292.000       0.5004
 293.000       0.5325
 294.000       0.5848
 295.000       0.5302
 296.000       0.5107
 297.000       0.6442
 298.000       0.7360
 299.000       0.7306
 300.000       0.7740
 301.000       0.9510
 302.000       0.8981
 303.000       0.7085
 304.000       0.6891
 305.000       0.5565
 306.000       0.5869
 307.000       0.6476
 308.000       0.6899
 309.000       0.5393
 310.000       0.5180
 311.000       0.5481
 312.000       0.4581
 313.000       0.4301
 314.000       0.4223
 315.000       0.4433
 316.000       0.4172
 317.000       0.4007
 318.000       0.4344
 319.000       0.4520
 320.000       0.4242
 321.000       0.3699
 322.000       0.4147
 323.000       0.4211
 324.000       0.3496
 325.000       0.4137
 326.000       0.4502
 327.000       0.3875
 328.000       0.3710
 329.000       0.4402
 330.000       0.4690
 331.000       0.4539
 332.000       0.4965
 333.000       0.5447
 334.000       0.5890
 335.000       0.6465
 336.000       0.7001
 337.000       0.6651
 338.000       0.6889
 339.000       0.5948
 340.000       0.4957
 341.000       0.4943
 342.000       0.5191
 343.000       0.5093
 344.000       0.4228
 345.000       0.4070
 346.000       0.4514
 347.000       0.4218
 348.000       0.3885
 349.000       0.4415
 350.000       0.4979
 351.000       0.4569
 352.000       0.4496
 353.000       0.4722
 354.000       0.6563
 355.000       0.8600
 356.000       0.9336
 357.000       0.6364
 358.000       0.5055
 359.000       0.6143
 360.000       0.5390
 361.000       0.4702
 362.000       0.4453
 363.000       0.4886
 364.000       0.4781
 365.000       0.4727
 366.000       0.5265
 367.000       0.5372
 368.000       0.4761
 369.000       0.5357
 370.000       0.6148
 371.000       0.6110
 372.000       0.5921
 373.000       0.8210
 374.000       1.7865
 375.000       3.1165
 376.000       4.4150
