#Frame      end1_rmsd
       1       0.0000
       2       1.8736
       3       3.1274
       4       2.2868
       5       2.9236
       6       2.8348
       7       4.2783
       8       4.2896
       9       2.6749
      10       2.2570
      11       3.0466
      12       2.0294
      13       3.4937
      14       3.0729
      15       2.1420
      16       1.6705
      17       2.8381
      18       2.9244
      19       2.8969
      20       2.3439
      21       2.2885
      22       3.2746
      23       2.3172
      24       2.3637
      25       2.1556
      26       3.5362
      27       2.9006
      28       3.4157
      29       3.1136
      30       3.9232
      31       3.6149
      32       3.9634
      33       3.6475
      34       3.8322
      35       3.9645
      36       3.5848
      37       2.3969
      38       2.1976
      39       3.8138
      40       4.1261
      41       3.2780
      42       3.4409
      43       3.5698
      44       3.4022
      45       2.3983
      46       2.9556
      47       2.4836
      48       2.8125
      49       3.6294
      50       2.1535
      51       4.4727
      52       3.9873
      53       3.7773
      54       2.8554
      55       3.6715
      56       5.0491
      57       2.9841
      58       3.7720
      59       4.7485
      60       4.4837
      61       4.5585
      62       4.8865
      63       3.3994
      64       5.1355
      65       4.4793
      66       4.5638
      67       4.0199
      68       4.0652
      69       4.3918
      70       5.3671
      71       4.2411
      72       2.4497
      73       2.3077
      74       3.4422
      75       3.2114
      76       5.4431
      77       3.7746
      78       3.8854
      79       5.0855
      80       4.1013
      81       3.6179
      82       3.2270
      83       4.3689
      84       4.4949
      85       4.0584
      86       4.2681
      87       4.5260
      88       5.1881
      89       3.5806
      90       4.4764
      91       3.7185
      92       3.4672
      93       4.7815
      94       4.7535
      95       5.1060
      96       5.3055
      97       4.4692
      98       2.5401
      99       4.0987
     100       3.6562
     101       3.2561
     102       3.9862
     103       5.0525
     104       4.0966
     105       5.0806
     106       4.6176
     107       4.2438
     108       3.8546
     109       4.4738
     110       4.4092
     111       3.9948
     112       4.2400
     113       3.5065
     114       3.8885
     115       4.8431
     116       4.7073
     117       4.3134
     118       3.4093
     119       2.8706
     120       3.5439
     121       4.0040
     122       4.8051
     123       4.3990
     124       4.0558
     125       3.9820
     126       3.8373
     127       3.1879
     128       3.6249
     129       3.5209
     130       3.4371
     131       4.4522
     132       3.6668
     133       3.6592
     134       4.5855
     135       3.5505
     136       3.7910
     137       3.9713
     138       3.2623
     139       3.6420
     140       3.3766
     141       3.7760
     142       3.1163
     143       3.9456
     144       3.8331
     145       3.6264
     146       3.3475
     147       2.4729
     148       2.5773
     149       2.9463
     150       3.3696
     151       3.0551
     152       3.4612
     153       3.5817
     154       3.7149
     155       2.7622
     156       3.9870
     157       2.7128
     158       3.4324
     159       4.3655
     160       4.1898
     161       3.9915
     162       3.5142
     163       3.2156
     164       3.8396
     165       3.6603
     166       3.8611
     167       4.5835
     168       3.9888
     169       4.1004
     170       3.9394
     171       4.4430
     172       3.7684
     173       3.4062
     174       3.7255
     175       3.2339
     176       4.0441
     177       4.4301
     178       4.4939
     179       3.2660
     180       4.7739
     181       5.0305
     182       4.2015
     183       3.0728
     184       3.3201
     185       3.1815
     186       4.6156
     187       3.5667
     188       3.6025
     189       4.3316
     190       4.4222
     191       4.3708
     192       4.2198
     193       2.9880
     194       3.0360
     195       3.1122
     196       3.9471
     197       3.9576
     198       3.2021
     199       3.3140
     200       3.3357
     201       3.4794
     202       4.2821
     203       2.8268
     204       3.8687
     205       4.4000
     206       4.4829
     207       4.3584
     208       4.5559
     209       5.4710
     210       3.8825
     211       3.5999
     212       4.1254
     213       4.2182
     214       4.2184
     215       4.3284
     216       3.3930
     217       4.0766
     218       3.6606
     219       4.2448
     220       4.1710
     221       3.9110
     222       5.0528
     223       5.0557
     224       4.2104
     225       3.7990
     226       3.9963
     227       4.4258
     228       4.4312
     229       3.6625
     230       4.5096
     231       4.3195
     232       3.3861
     233       3.8523
     234       4.4237
     235       5.5180
     236       3.5102
     237       3.9266
     238       4.2544
     239       4.4661
     240       3.4614
     241       3.0338
     242       2.7533
     243       4.0344
     244       3.0731
     245       3.2169
     246       3.8794
     247       3.5453
     248       2.9654
     249       3.8089
     250       3.9224
     251       4.6125
     252       5.6751
     253       3.7061
     254       3.5553
     255       4.0452
     256       3.2438
     257       4.5556
     258       3.4442
     259       3.0099
     260       3.0930
     261       3.0878
     262       4.4967
     263       4.5413
     264       4.2537
     265       3.6341
     266       3.4474
     267       3.1724
     268       3.6710
     269       4.4767
     270       4.2635
     271       5.4626
     272       4.6556
     273       3.8456
     274       3.4439
     275       3.7660
     276       3.3763
     277       3.9567
     278       4.2430
     279       2.1723
     280       3.4451
     281       2.7870
     282       2.7776
     283       3.0955
     284       4.5115
     285       4.6034
     286       2.6965
     287       2.4570
     288       2.6272
     289       2.5237
     290       2.5738
     291       2.9759
     292       2.6044
     293       1.8159
     294       3.6596
     295       1.5367
     296       2.6508
     297       2.4383
     298       2.3485
     299       2.2882
     300       2.3898
     301       2.5408
     302       2.8190
     303       2.8232
     304       2.4194
     305       2.6540
     306       3.1050
     307       2.8822
     308       3.0742
     309       5.0620
     310       3.9666
     311       2.4739
     312       2.8483
     313       3.1680
     314       3.5491
     315       2.6110
     316       2.9501
     317       3.0782
     318       3.2787
     319       2.6016
     320       2.5257
     321       2.8170
     322       3.8574
     323       2.8763
     324       2.7903
     325       2.1414
     326       3.4456
     327       2.5277
     328       3.7541
     329       3.2811
     330       2.8788
     331       4.5761
     332       4.8854
     333       3.8769
     334       3.8118
     335       3.7135
     336       3.0413
     337       2.6918
     338       3.6153
     339       3.7164
     340       3.1433
     341       1.7132
     342       3.2723
     343       1.7769
     344       2.0201
     345       3.2405
     346       1.9809
     347       2.4497
     348       3.2463
     349       3.1782
     350       3.8903
     351       3.7592
     352       4.1424
     353       3.8417
     354       3.1360
     355       2.3355
     356       3.3051
     357       3.4847
     358       3.5294
     359       2.7653
     360       3.1726
     361       3.0309
     362       3.1150
     363       2.5944
     364       2.6479
     365       3.7632
     366       3.5127
     367       3.2778
     368       2.9579
     369       2.9370
     370       3.2453
     371       2.7982
     372       2.9514
     373       4.1811
     374       3.5758
     375       3.1882
     376       3.3549
     377       2.5678
     378       2.6862
     379       5.3820
     380       3.5440
     381       3.2788
     382       3.7024
     383       3.8364
     384       3.8693
     385       3.6435
     386       3.0324
     387       2.6148
     388       3.6023
     389       3.7722
     390       3.7147
     391       2.7849
     392       4.0349
     393       3.9054
     394       3.7641
     395       3.4810
     396       3.2124
     397       4.5377
     398       3.3827
     399       4.4842
     400       3.3741
