#Frame      end2_rmsd
       1       0.0000
       2       2.0604
       3       2.3595
       4       2.7104
       5       3.3793
       6       4.1845
       7       2.8595
       8       2.4112
       9       3.2597
      10       2.6909
      11       3.0565
      12       3.7562
      13       4.2083
      14       3.4473
      15       3.9764
      16       3.7201
      17       4.2178
      18       3.8046
      19       3.1805
      20       3.2670
      21       3.7165
      22       4.9800
      23       4.2668
      24       4.4109
      25       4.1333
      26       4.9692
      27       4.2770
      28       3.2658
      29       3.8507
      30       3.7619
      31       2.9985
      32       4.2958
      33       3.7841
      34       3.7921
      35       4.7918
      36       2.9307
      37       4.1762
      38       3.5566
      39       3.5433
      40       4.4068
      41       3.6521
      42       3.5237
      43       3.6237
      44       2.2643
      45       3.8526
      46       3.4836
      47       3.0255
      48       2.8110
      49       4.1926
      50       5.4984
      51       3.9891
      52       4.4174
      53       3.2365
      54       3.8889
      55       3.5013
      56       4.0413
      57       4.4829
      58       4.4748
      59       4.3869
      60       5.1520
      61       5.6274
      62       4.6921
      63       5.1232
      64       4.9809
      65       4.6491
      66       4.1848
      67       4.3648
      68       3.4399
      69       3.9585
      70       4.9495
      71       4.1809
      72       4.5068
      73       3.5030
      74       5.6411
      75       4.7995
      76       5.6800
      77       3.4706
      78       4.4717
      79       5.9624
      80       3.7197
      81       4.8516
      82       5.0601
      83       4.9707
      84       4.2469
      85       5.0612
      86       5.6317
      87       5.0765
      88       5.8636
      89       5.3745
      90       4.6923
      91       6.1749
      92       5.9207
      93       4.4933
      94       4.6102
      95       5.6564
      96       5.8222
      97       5.1443
      98       4.2690
      99       3.8452
     100       4.5502
     101       5.6243
     102       5.3323
     103       5.7816
     104       4.8281
     105       4.1562
     106       3.9505
     107       4.6870
     108       4.7034
     109       4.5988
     110       5.2395
     111       4.6239
     112       5.7498
     113       3.8144
     114       4.9929
     115       4.7487
     116       5.6887
     117       5.2577
     118       4.5682
     119       5.2904
     120       6.5155
     121       5.2765
     122       5.1469
     123       4.3063
     124       5.9479
     125       6.0228
     126       4.9099
     127       5.7987
     128       5.9538
     129       5.5197
     130       5.4412
     131       5.5985
     132       5.6151
     133       5.7509
     134       5.2189
     135       4.5340
     136       5.9772
     137       4.3759
     138       4.2350
     139       4.7837
     140       4.9571
     141       4.2883
     142       4.4517
     143       5.3745
     144       4.9783
     145       5.2376
     146       5.5429
     147       5.5264
     148       3.8770
     149       4.8469
     150       4.9455
     151       5.1930
     152       4.2940
     153       4.2546
     154       4.4974
     155       4.9798
     156       4.2120
     157       5.0928
     158       6.1412
     159       5.5899
     160       4.3610
     161       5.4732
     162       4.7513
     163       4.6278
     164       5.9485
     165       6.7569
     166       5.5394
     167       5.6408
     168       5.8425
     169       4.4869
     170       5.2465
     171       6.8451
     172       5.1193
     173       6.7795
     174       5.9460
     175       5.1613
     176       5.6296
     177       4.7960
     178       5.1526
     179       6.2355
     180       4.6759
     181       5.0478
     182       6.2168
     183       4.5476
     184       5.3204
     185       4.8947
     186       4.9973
     187       4.8073
     188       4.7673
     189       5.3091
     190       5.2061
     191       5.7707
     192       6.0805
     193       4.6917
     194       4.9046
     195       5.7999
     196       4.9391
     197       5.1408
     198       6.7457
     199       6.9373
     200       5.8857
     201       4.9975
     202       6.4508
     203       5.0268
     204       5.2751
     205       4.7353
     206       5.9779
     207       5.7947
     208       5.6062
     209       5.1960
     210       5.1195
     211       4.4339
     212       4.5964
     213       5.6015
     214       5.1582
     215       4.0705
     216       4.0299
     217       3.7164
     218       3.7160
     219       3.6218
     220       5.4934
     221       4.3498
     222       4.0987
     223       5.0948
     224       4.0480
     225       5.2288
     226       4.7682
     227       3.8479
     228       4.2162
     229       4.4793
     230       4.5264
     231       4.0839
     232       4.5942
     233       4.8766
     234       3.3448
     235       3.2988
     236       4.1267
     237       3.2136
     238       4.5001
     239       5.0576
     240       3.1465
     241       4.9501
     242       4.0582
     243       4.7033
     244       3.1723
     245       3.4719
     246       3.6568
     247       4.5287
     248       4.0838
     249       3.7683
     250       2.7574
     251       2.4525
     252       3.7463
     253       4.3350
     254       4.6658
     255       4.4699
     256       4.6456
     257       3.8360
     258       3.5853
     259       4.7782
     260       3.0615
     261       3.4451
     262       4.5057
     263       3.0043
     264       3.7602
     265       4.4244
     266       4.1516
     267       3.8430
     268       3.5666
     269       4.6275
     270       4.6636
     271       4.9414
     272       4.4917
     273       4.1202
     274       5.8633
     275       4.9709
     276       4.2767
     277       4.3420
     278       5.0397
     279       4.2861
     280       4.9738
     281       5.0936
     282       3.5962
     283       4.8524
     284       3.7056
     285       5.6176
     286       4.3778
     287       4.1020
     288       4.7604
     289       4.4565
     290       5.3001
     291       7.1286
     292       7.0884
     293       7.9146
     294       5.0977
     295       5.6969
     296       6.1270
     297       4.7374
     298       4.3942
     299       6.3502
     300       6.4621
     301       5.2237
     302       2.8067
     303       2.0323
     304       2.9114
     305       3.7817
     306       3.2633
     307       3.9852
     308       4.6392
     309       5.7468
     310       4.2897
     311       4.3412
     312       4.2197
     313       4.8532
     314       4.0405
     315       3.7065
     316       4.4529
     317       4.1569
     318       4.9849
     319       2.9247
     320       4.4058
     321       3.6794
     322       3.8180
     323       3.3620
     324       2.2450
     325       3.5094
     326       4.7541
     327       3.5077
     328       4.8268
     329       5.1627
     330       3.5474
     331       2.7732
     332       3.4529
     333       2.8698
     334       5.1833
     335       5.9881
     336       7.1492
     337       6.0259
     338       5.6526
     339       7.3106
     340       6.3163
     341       4.7504
     342       5.3376
     343       4.7285
     344       4.3161
     345       4.5158
     346       4.7323
     347       4.4103
     348       4.1616
     349       4.3077
     350       5.0047
     351       3.0264
     352       3.8000
     353       2.8686
     354       3.9944
     355       2.4417
     356       3.3360
     357       2.1064
     358       3.2288
     359       3.0957
     360       4.7557
     361       4.4503
     362       3.0657
     363       4.3999
     364       2.9761
     365       3.1924
     366       4.2485
     367       3.7028
     368       4.1263
     369       4.0242
     370       3.6352
     371       3.7280
     372       4.1890
     373       4.7612
     374       5.3944
     375       4.1826
     376       3.1094
     377       4.1501
     378       2.6357
     379       3.0162
     380       2.6573
     381       4.2256
     382       4.0287
     383       3.7891
     384       3.8168
     385       4.3247
     386       2.7384
     387       3.0988
     388       2.2312
     389       3.0998
     390       3.3419
     391       3.3861
     392       4.5882
     393       5.8387
     394       6.1362
     395       6.8103
     396       7.0427
     397       7.1690
     398       8.1833
     399       6.0861
     400       6.6719
