#Frame      end1_rmsd
       1       0.0000
       2       3.1373
       3       2.5266
       4       3.2135
       5       2.6207
       6       3.3121
       7       3.3713
       8       4.8289
       9       5.6435
      10       5.9179
      11       3.6540
      12       4.9791
      13       4.3545
      14       4.6256
      15       3.4829
      16       6.4509
      17       3.4537
      18       5.4032
      19       6.5472
      20       5.7960
      21       4.7683
      22       3.9666
      23       5.5007
      24       3.8887
      25       3.9374
      26       3.2287
      27       5.2878
      28       3.7519
      29       4.1481
      30       3.2146
      31       3.9297
      32       1.8288
      33       2.7041
      34       2.9462
      35       4.5533
      36       3.7418
      37       2.9009
      38       2.6394
      39       4.0123
      40       2.5605
      41       2.0087
      42       2.2888
      43       3.4357
      44       2.5205
      45       2.7836
      46       3.6064
      47       2.7970
      48       3.0366
      49       2.7350
      50       4.2369
      51       4.1762
      52       3.4780
      53       4.6816
      54       4.6341
      55       4.3076
      56       4.7379
      57       3.7325
      58       4.0394
      59       4.1453
      60       4.3256
      61       3.5499
      62       3.9524
      63       4.0457
      64       3.5620
      65       2.8301
      66       3.2078
      67       3.6688
      68       2.6221
      69       2.9466
      70       3.8869
      71       2.9374
      72       3.5513
      73       3.3452
      74       3.2843
      75       3.5536
      76       3.8620
      77       3.9854
      78       2.7749
      79       3.4956
      80       3.5955
      81       4.2505
      82       4.7787
      83       5.2191
      84       4.5827
      85       4.0699
      86       5.2289
      87       5.7105
      88       4.6815
      89       4.6051
      90       3.9860
      91       3.4290
      92       4.6772
      93       3.8994
      94       4.6737
      95       5.0202
      96       5.3391
      97       4.8691
      98       2.7922
      99       4.3094
     100       3.7314
     101       4.0555
     102       3.3848
     103       3.3985
     104       2.6666
     105       2.4882
     106       3.5210
     107       2.6156
     108       3.6121
     109       3.7766
     110       2.8231
     111       2.8120
     112       3.2869
     113       4.6700
     114       3.0897
     115       3.5106
     116       3.1007
     117       3.9247
     118       3.6561
     119       4.7478
     120       2.8322
     121       4.1083
     122       3.1321
     123       4.2500
     124       2.9623
     125       3.9309
     126       3.6772
     127       3.3636
     128       4.0199
     129       3.7563
     130       3.7348
     131       3.9927
     132       2.9935
     133       3.5094
     134       3.6654
     135       3.9803
     136       4.4134
     137       3.4641
     138       4.0469
     139       4.3878
     140       3.7314
     141       3.8059
     142       3.7180
     143       3.2088
     144       2.9494
     145       2.9693
     146       3.2820
     147       2.9763
     148       2.9048
     149       3.3271
     150       2.7868
     151       2.9743
     152       3.3212
     153       3.0574
     154       2.5851
     155       3.0265
     156       2.5387
     157       3.1990
     158       2.8074
     159       4.3032
     160       2.9679
     161       3.1763
     162       3.0986
     163       2.4014
     164       3.4151
     165       3.8214
     166       4.1662
     167       3.8962
     168       4.3366
     169       3.0799
     170       4.4849
     171       2.6972
     172       2.9716
     173       3.2214
     174       2.2641
     175       2.8730
     176       5.1212
     177       3.7017
     178       2.9769
     179       4.2491
     180       3.9870
     181       2.1560
     182       3.2247
     183       4.1984
     184       4.4165
     185       4.5103
     186       3.8992
     187       3.5214
     188       4.3979
     189       3.6596
     190       4.6618
     191       3.4354
     192       3.8949
     193       2.9684
     194       3.7590
     195       3.5459
     196       2.2121
     197       3.2738
     198       3.2203
     199       3.4124
     200       3.9564
     201       2.4291
     202       3.4090
     203       3.7410
     204       2.6976
     205       2.3144
     206       2.6983
     207       2.6120
     208       2.9163
     209       3.7036
     210       2.2167
     211       3.3213
     212       2.5558
     213       3.4529
     214       3.9701
     215       4.0032
     216       3.5889
     217       3.5937
     218       2.7790
     219       2.7322
     220       2.5497
     221       4.3445
     222       2.6927
     223       2.9224
     224       3.9460
     225       3.2204
     226       2.7609
     227       1.9655
     228       2.2546
     229       3.2038
     230       2.8006
     231       1.9584
     232       1.9426
     233       1.7290
     234       2.0385
     235       2.6310
     236       1.8959
     237       1.7412
     238       2.1866
     239       2.7186
     240       2.5981
     241       3.2138
     242       2.8495
     243       3.9912
     244       2.5775
     245       2.5338
     246       2.9427
     247       3.6049
     248       3.4435
     249       3.4584
     250       3.7477
     251       3.2582
     252       2.9391
     253       4.1259
     254       3.0781
     255       2.9910
     256       3.1763
     257       2.7577
     258       3.2642
     259       4.0578
     260       2.6276
     261       2.8076
     262       2.2880
     263       3.2815
     264       2.4101
     265       2.5610
     266       2.7703
     267       2.9723
     268       2.7127
     269       4.0307
     270       5.7640
     271       3.1481
     272       3.6411
     273       3.5486
     274       3.2147
     275       2.8711
     276       2.7176
     277       3.1195
     278       2.6413
     279       3.9716
     280       3.9593
     281       3.1739
     282       3.8526
     283       2.6520
     284       3.4425
     285       2.8490
     286       2.7088
     287       3.8197
     288       3.2933
     289       3.0852
     290       3.6047
     291       2.8718
     292       2.2469
     293       2.7166
     294       3.0851
     295       3.5648
     296       3.7184
     297       4.0113
     298       3.1527
     299       2.8072
     300       3.9356
     301       3.7670
     302       2.7280
     303       2.9420
     304       3.4138
     305       3.1486
     306       2.6198
     307       2.4820
     308       2.4232
     309       2.2543
     310       2.8189
     311       2.5577
     312       2.5297
     313       3.4539
     314       3.5811
     315       2.2310
     316       4.3812
     317       3.1324
     318       3.0470
     319       2.9011
     320       2.2106
     321       2.6988
     322       2.5364
     323       3.0153
     324       2.7741
     325       2.5216
     326       3.0523
     327       3.4314
     328       3.7056
     329       2.6923
     330       4.3682
     331       2.9776
     332       2.9929
     333       2.1187
     334       3.6820
     335       3.5640
     336       2.5329
     337       2.2409
     338       2.1969
     339       3.1126
     340       3.3761
     341       3.4264
     342       2.4138
     343       2.1253
     344       3.6619
     345       4.5695
     346       4.1234
     347       4.3541
     348       3.9824
     349       3.2384
     350       3.6711
     351       3.3493
     352       3.2829
     353       4.6490
     354       3.8078
     355       3.4552
     356       4.3343
     357       3.7131
     358       2.7650
     359       3.6721
     360       3.2395
     361       3.4107
     362       4.5508
     363       5.1815
     364       3.9404
     365       3.5602
     366       4.6062
     367       4.2001
     368       4.4233
     369       2.8883
     370       2.9149
     371       3.1734
     372       3.2237
     373       2.7330
     374       3.3633
     375       3.8592
     376       3.9238
     377       3.0432
     378       3.3443
     379       3.8905
     380       2.9207
     381       1.8044
     382       2.2216
     383       2.9100
     384       4.1316
     385       3.5362
     386       3.1622
     387       4.1546
     388       3.8308
     389       3.8115
     390       4.0039
     391       4.2475
     392       4.3231
     393       4.6174
     394       4.3992
     395       3.5047
     396       3.1373
     397       2.5647
     398       2.6344
     399       3.6071
     400       2.9335
