#Frame      end2_rmsd
       1       0.0000
       2       3.5084
       3       2.6446
       4       2.6309
       5       2.0217
       6       1.8392
       7       2.1437
       8       2.6098
       9       2.7279
      10       2.0041
      11       2.1328
      12       1.8701
      13       3.4072
      14       3.8982
      15       4.3463
      16       4.5117
      17       4.6916
      18       5.1371
      19       5.0715
      20       5.6336
      21       5.4304
      22       4.6361
      23       6.3925
      24       3.0277
      25       4.9562
      26       4.0196
      27       3.7242
      28       4.8056
      29       4.9429
      30       4.4695
      31       3.9305
      32       5.8083
      33       5.4199
      34       5.0825
      35       6.0426
      36       4.4108
      37       4.7708
      38       4.0727
      39       4.2238
      40       6.9531
      41       6.0828
      42       6.0575
      43       6.8590
      44       5.1041
      45       5.7420
      46       5.8204
      47       5.1641
      48       5.9975
      49       6.7772
      50       6.6309
      51       6.7395
      52       5.9770
      53       5.6886
      54       6.5987
      55       6.1217
      56       6.1692
      57       5.8317
      58       6.8527
      59       6.5024
      60       5.6025
      61       7.0010
      62       6.6144
      63       8.2128
      64       7.5593
      65       6.5545
      66       7.6815
      67       6.2414
      68       6.7751
      69       6.1617
      70       6.5575
      71       5.8847
      72       7.1387
      73       7.2005
      74       6.5337
      75       5.3851
      76       6.5489
      77       6.4181
      78       6.9321
      79       6.3516
      80       5.9801
      81       7.4086
      82       8.6926
      83       8.1791
      84       5.7349
      85       5.8932
      86       6.3039
      87       5.3217
      88       3.9194
      89       5.3059
      90       5.7414
      91       5.1196
      92       4.4398
      93       6.4532
      94       5.0405
      95       6.1470
      96       4.7734
      97       6.9161
      98       6.2992
      99       7.2233
     100       5.6056
     101       6.3089
     102       3.9390
     103       7.1102
     104       7.0784
     105       8.0111
     106       5.9724
     107       4.8152
     108       4.5505
     109       5.1564
     110       4.8836
     111       4.7504
     112       5.1714
     113       6.2222
     114       5.6034
     115       5.5616
     116       4.8998
     117       4.4540
     118       6.5326
     119       5.9309
     120       6.1294
     121       5.5089
     122       6.3567
     123       6.0347
     124       6.8245
     125       6.3485
     126       4.8889
     127       6.3086
     128       4.6714
     129       6.3974
     130       5.5436
     131       5.4465
     132       5.2891
     133       4.6488
     134       6.0864
     135       5.1104
     136       5.9605
     137       5.4459
     138       5.8400
     139       5.2437
     140       4.9417
     141       5.1460
     142       5.2670
     143       4.9359
     144       5.3297
     145       4.8655
     146       4.5273
     147       6.1230
     148       3.5487
     149       5.0832
     150       4.8890
     151       3.9271
     152       4.6781
     153       4.7635
     154       4.1138
     155       4.9759
     156       4.1502
     157       3.6934
     158       5.0438
     159       4.9991
     160       5.5785
     161       4.7976
     162       5.1711
     163       5.8197
     164       6.2246
     165       5.1536
     166       5.0781
     167       5.0894
     168       6.6657
     169       5.3341
     170       5.9724
     171       5.6589
     172       6.6349
     173       6.3667
     174       5.4201
     175       5.6016
     176       4.9372
     177       5.6766
     178       5.5510
     179       5.1205
     180       5.5453
     181       5.9789
     182       5.1871
     183       6.1820
     184       4.5469
     185       4.0849
     186       3.5653
     187       4.9032
     188       4.7848
     189       4.4406
     190       4.3894
     191       4.1097
     192       4.5347
     193       3.4027
     194       2.4653
     195       3.0601
     196       2.8543
     197       3.6581
     198       3.3438
     199       4.8515
     200       5.6030
     201       5.2905
     202       5.1680
     203       6.7811
     204       5.8339
     205       6.0329
     206       7.7047
     207       8.5763
     208       7.2073
     209       7.2642
     210       8.0295
     211      10.1026
     212       8.4093
     213       6.6693
     214       8.1558
     215       7.3785
     216       5.8525
     217       4.5727
     218       5.0842
     219       6.3225
     220       9.4344
     221       8.4786
     222       8.2799
     223       6.2596
     224       7.8276
     225       7.4545
     226       9.0954
     227       5.8489
     228       8.7675
     229       8.0175
     230       6.4675
     231       5.9127
     232       4.7553
     233       5.3121
     234       6.5782
     235       7.2614
     236       7.0496
     237       7.7896
     238       6.7806
     239       7.3764
     240      10.6022
     241       7.8900
     242       6.1056
     243       7.5301
     244       6.0579
     245       5.3930
     246       8.8762
     247       8.8788
     248       6.7604
     249       7.2257
     250       7.8357
     251       5.1956
     252       6.4498
     253       7.0614
     254       6.1503
     255       4.2755
     256       5.4698
     257       5.9378
     258       7.6005
     259       6.4892
     260       5.3281
     261       5.4853
     262       4.8752
     263       5.1966
     264       5.3237
     265       5.2073
     266       5.9470
     267       4.1245
     268       4.9291
     269       5.0082
     270       3.5352
     271       4.1483
     272       4.0987
     273       3.6427
     274       5.1646
     275       5.3971
     276       5.1379
     277       3.9826
     278       5.0431
     279       4.8078
     280       5.3204
     281       4.8896
     282       6.6565
     283       4.8389
     284       4.9426
     285       5.2037
     286       7.4952
     287       7.0122
     288       6.3617
     289       7.8031
     290       7.7783
     291       4.5135
     292       5.2165
     293       6.3030
     294       6.9657
     295       5.0807
     296       6.1151
     297       6.5662
     298       7.9132
     299       8.4833
     300       6.0649
     301       5.0117
     302       6.5349
     303       4.5322
     304       5.6213
     305       5.4781
     306       5.7557
     307       5.9554
     308       5.2247
     309       5.6782
     310       5.1313
     311       5.4317
     312       5.8883
     313       4.4845
     314       4.7180
     315       6.0002
     316       5.2429
     317       9.1844
     318       6.1940
     319       8.7245
     320       4.5449
     321       5.7008
     322       5.1170
     323       5.0354
     324       9.4604
     325       8.1352
     326       4.5166
     327       4.9762
     328       3.6720
     329       4.2353
     330       4.6186
     331       4.0147
     332       5.2326
     333       4.9777
     334       4.6486
     335       4.1877
     336       5.0163
     337       4.9105
     338       5.1678
     339       4.1870
     340       5.7063
     341       4.9989
     342       6.2980
     343       4.2399
     344       5.2511
     345       3.6252
     346       3.7349
     347       5.0086
     348       3.4299
     349       4.5925
     350       3.9533
     351       3.9910
     352       3.3274
     353       4.2595
     354       4.3895
     355       4.4332
     356       4.7876
     357       4.7776
     358       5.1930
     359       4.3646
     360       3.7792
     361       3.3039
     362       4.9417
     363       4.9415
     364       4.0582
     365       4.8172
     366       4.9059
     367       5.7570
     368       6.0746
     369       6.0358
     370       5.7301
     371       6.0816
     372       6.2833
     373       7.9725
     374       7.3595
     375       7.1423
     376       7.0230
     377       6.9711
     378       7.8394
     379       6.4528
     380       7.9493
     381       5.6072
     382       7.0383
     383       6.7972
     384       7.5367
     385       7.2293
     386       4.8619
     387       5.4729
     388       6.0027
     389       5.9958
     390       5.1809
     391       5.9329
     392       6.5924
     393       6.2097
     394       6.2336
     395       5.8588
     396       6.9170
     397       5.9811
     398       6.9219
     399       8.1958
     400       7.1110
