#Res             RMSF
   1.000       3.0391
   2.000       1.7854
   3.000       1.0953
   4.000       0.6063
   5.000       0.5845
   6.000       0.5101
   7.000       0.4932
   8.000       0.5034
   9.000       0.4776
  10.000       0.4461
  11.000       0.4600
  12.000       0.4848
  13.000       0.4433
  14.000       0.3869
  15.000       0.4784
  16.000       0.5056
  17.000       0.4633
  18.000       0.4888
  19.000       0.5898
  20.000       0.6038
  21.000       0.6099
  22.000       0.6125
  23.000       0.5032
  24.000       0.4711
  25.000       0.4398
  26.000       0.4701
  27.000       0.4947
  28.000       0.5244
  29.000       0.5130
  30.000       0.4463
  31.000       0.4896
  32.000       0.5351
  33.000       0.4783
  34.000       0.4163
  35.000       0.4848
  36.000       0.5585
  37.000       0.4964
  38.000       0.4959
  39.000       0.6817
  40.000       0.8347
  41.000       0.7082
  42.000       0.6840
  43.000       0.7905
  44.000       1.0341
  45.000       0.5727
  46.000       0.5629
  47.000       0.5446
  48.000       0.5672
  49.000       0.6126
  50.000       0.5338
  51.000       0.4346
  52.000       0.4027
  53.000       0.4383
  54.000       0.4503
  55.000       0.4078
  56.000       0.3649
  57.000       0.4073
  58.000       0.4386
  59.000       0.4385
  60.000       0.3930
  61.000       0.3982
  62.000       0.4457
  63.000       0.4153
  64.000       0.3941
  65.000       0.4507
  66.000       0.3965
  67.000       0.3507
  68.000       0.4010
  69.000       0.4226
  70.000       0.3678
  71.000       0.3769
  72.000       0.4629
  73.000       0.4523
  74.000       0.4341
  75.000       0.4687
  76.000       0.5541
  77.000       0.6262
  78.000       0.6329
  79.000       0.5223
  80.000       0.5344
  81.000       0.4319
  82.000       0.3815
  83.000       0.4432
  84.000       0.4840
  85.000       0.4686
  86.000       0.3847
  87.000       0.4700
  88.000       0.5322
  89.000       0.4968
  90.000       0.6654
  91.000       0.7781
  92.000       0.8047
  93.000       0.7800
  94.000       1.1598
  95.000       1.3625
  96.000       1.8668
  97.000       2.6822
