#Res             RMSF
 558.000       1.5138
 559.000       0.9093
 560.000       0.6575
 561.000       0.5269
 562.000       0.6585
 563.000       0.6532
 564.000       0.5410
 565.000       0.5802
 566.000       0.4431
 567.000       0.4710
 568.000       0.4124
 569.000       0.5085
 570.000       0.5076
 571.000       0.6381
 572.000       0.5408
 573.000       0.4544
 574.000       0.4476
 575.000       0.5327
 576.000       0.5793
 577.000       0.5490
 578.000       0.7323
 579.000       0.8583
 580.000       0.7936
 581.000       0.9986
 582.000       0.6441
 583.000       0.7860
 584.000       1.0715
 585.000       0.6542
 586.000       0.6693
 587.000       1.2156
 588.000       0.9744
 589.000       0.5966
 590.000       0.4291
 591.000       0.3755
 592.000       0.3859
 593.000       0.4141
 594.000       0.3941
 595.000       0.3689
 596.000       0.4095
 597.000       0.4442
 598.000       0.4268
 599.000       0.4065
 600.000       0.4382
 601.000       0.4634
 602.000       0.4590
 603.000       0.4989
 604.000       0.5441
 605.000       0.4654
 606.000       0.4609
 607.000       0.5130
 608.000       0.5162
 609.000       0.4388
 610.000       0.5141
 611.000       0.6234
 612.000       0.6042
 613.000       0.5160
 614.000       0.7004
 615.000       0.8448
 616.000       0.7985
 617.000       0.8207
 618.000       0.6443
 619.000       0.6680
 620.000       0.5113
 621.000       0.4012
 622.000       0.4428
 623.000       0.4710
 624.000       0.4899
 625.000       0.4487
 626.000       0.4809
 627.000       0.5943
 628.000       0.6521
 629.000       0.6307
 630.000       0.8832
 631.000       1.4233
 632.000       1.5206
 633.000       1.1461
 634.000       1.0347
 635.000       0.8086
 636.000       0.8393
 637.000       0.9834
 638.000       0.8844
 639.000       0.8162
 640.000       1.0090
 641.000       1.4894
 642.000       0.7727
 643.000       0.6493
 644.000       0.5982
 645.000       0.5527
 646.000       0.5843
 647.000       0.5006
 648.000       0.5515
 649.000       0.6461
 650.000       0.6542
 651.000       0.8900
 652.000       0.8247
 653.000       0.8650
 654.000       0.9473
 655.000       0.9038
 656.000       1.0597
 657.000       1.1047
 658.000       1.0454
 659.000       1.1444
 660.000       1.4921
 661.000       2.2750
