#Res             RMSF
 662.000       1.2317
 663.000       0.9080
 664.000       0.6665
 665.000       0.4839
 666.000       0.3947
 667.000       0.3764
 668.000       0.4325
 669.000       0.4350
 670.000       0.3935
 671.000       0.3956
 672.000       0.4494
 673.000       0.4274
 674.000       0.4232
 675.000       0.5589
 676.000       0.6457
 677.000       0.5859
 678.000       0.5792
 679.000       0.8399
 680.000       0.7876
 681.000       0.6090
 682.000       0.5286
 683.000       0.4160
 684.000       0.4615
 685.000       0.5280
 686.000       0.5451
 687.000       0.4168
 688.000       0.4126
 689.000       0.4665
 690.000       0.3947
 691.000       0.3834
 692.000       0.4134
 693.000       0.4308
 694.000       0.3853
 695.000       0.3816
 696.000       0.4071
 697.000       0.3984
 698.000       0.3798
 699.000       0.3447
 700.000       0.3768
 701.000       0.3897
 702.000       0.3708
 703.000       0.4037
 704.000       0.4499
 705.000       0.3589
 706.000       0.3341
 707.000       0.3978
 708.000       0.3907
 709.000       0.3632
 710.000       0.4173
 711.000       0.4889
 712.000       0.5130
 713.000       0.5976
 714.000       0.6195
 715.000       0.5332
 716.000       0.5537
 717.000       0.4978
 718.000       0.3938
 719.000       0.4141
 720.000       0.4377
 721.000       0.4099
 722.000       0.3466
 723.000       0.3652
 724.000       0.4052
 725.000       0.3623
 726.000       0.3416
 727.000       0.3681
 728.000       0.4094
 729.000       0.4044
 730.000       0.4293
 731.000       0.4407
 732.000       0.5702
 733.000       0.7809
 734.000       0.8558
 735.000       0.5578
 736.000       0.4478
 737.000       0.5524
 738.000       0.5098
 739.000       0.4294
 740.000       0.4172
 741.000       0.4593
 742.000       0.4437
 743.000       0.4063
 744.000       0.4540
 745.000       0.4888
 746.000       0.4169
 747.000       0.4530
 748.000       0.5392
 749.000       0.5267
 750.000       0.4924
 751.000       0.7120
 752.000       1.2459
 753.000       2.6988
