#Res             RMSF
 281.000       3.4059
 282.000       2.2844
 283.000       2.8522
 284.000       1.9261
 285.000       1.5168
 286.000       1.1662
 287.000       0.9460
 288.000       0.9764
 289.000       0.8628
 290.000       0.9576
 291.000       0.7898
 292.000       0.6358
 293.000       0.6235
 294.000       0.6264
 295.000       0.5544
 296.000       0.5450
 297.000       0.6561
 298.000       0.7344
 299.000       0.6690
 300.000       0.7092
 301.000       0.9615
 302.000       0.9026
 303.000       0.7142
 304.000       0.6491
 305.000       0.5898
 306.000       0.6907
 307.000       0.8343
 308.000       0.8450
 309.000       0.6353
 310.000       0.6554
 311.000       0.7423
 312.000       0.6217
 313.000       0.5591
 314.000       0.6413
 315.000       0.6443
 316.000       1.0575
 317.000       1.5816
 318.000       1.3847
 319.000       0.7955
 320.000       0.6784
 321.000       0.5478
 322.000       0.5566
 323.000       0.5902
 324.000       0.4552
 325.000       0.5193
 326.000       0.6010
 327.000       0.4900
 328.000       0.4313
 329.000       0.5248
 330.000       0.5497
 331.000       0.4510
 332.000       0.5186
 333.000       0.6833
 334.000       0.7364
 335.000       0.8048
 336.000       0.9271
 337.000       0.6985
 338.000       0.8429
 339.000       0.5981
 340.000       0.4829
 341.000       0.4884
 342.000       0.5069
 343.000       0.5270
 344.000       0.4265
 345.000       0.4138
 346.000       0.4571
 347.000       0.4042
 348.000       0.3927
 349.000       0.4351
 350.000       0.5169
 351.000       0.5231
 352.000       0.4947
 353.000       0.4933
 354.000       0.6143
 355.000       0.9057
 356.000       0.9067
 357.000       0.6224
 358.000       0.5245
 359.000       0.6206
 360.000       0.5442
 361.000       0.4688
 362.000       0.4593
 363.000       0.4935
 364.000       0.4643
 365.000       0.4491
 366.000       0.5087
 367.000       0.5205
 368.000       0.4727
 369.000       0.5190
 370.000       0.5891
 371.000       0.5895
 372.000       0.5948
 373.000       0.7737
 374.000       1.1834
 375.000       2.4748
 376.000       3.5104
