#Res             RMSF
 377.000       3.7169
 378.000       2.5299
 379.000       1.9143
 380.000       1.0898
 381.000       0.6436
 382.000       0.5892
 383.000       0.5828
 384.000       0.5738
 385.000       0.5518
 386.000       0.5389
 387.000       0.4862
 388.000       0.5284
 389.000       0.6013
 390.000       0.5050
 391.000       0.4562
 392.000       0.6027
 393.000       0.5668
 394.000       0.5282
 395.000       0.5725
 396.000       0.6472
 397.000       0.6901
 398.000       0.7076
 399.000       0.7848
 400.000       0.7174
 401.000       0.5682
 402.000       0.7486
 403.000       0.8737
 404.000       0.7496
 405.000       0.6071
 406.000       0.5850
 407.000       0.4535
 408.000       0.4844
 409.000       0.5032
 410.000       0.4670
 411.000       0.4398
 412.000       0.5482
 413.000       0.5791
 414.000       0.5641
 415.000       0.5996
 416.000       0.7330
 417.000       0.9134
 418.000       0.7957
 419.000       0.8067
 420.000       0.8801
 421.000       1.1339
 422.000       0.7324
 423.000       0.6393
 424.000       0.6874
 425.000       0.7218
 426.000       0.7407
 427.000       0.6642
 428.000       0.5070
 429.000       0.4681
 430.000       0.5534
 431.000       0.4767
 432.000       0.4015
 433.000       0.4975
 434.000       0.4515
 435.000       0.4334
 436.000       0.4478
 437.000       0.4450
 438.000       0.4308
 439.000       0.4481
 440.000       0.4095
 441.000       0.4087
 442.000       0.4695
 443.000       0.4004
 444.000       0.3742
 445.000       0.4742
 446.000       0.4408
 447.000       0.3871
 448.000       0.4478
 449.000       0.5242
 450.000       0.4454
 451.000       0.5016
 452.000       0.6640
 453.000       0.5667
 454.000       0.6108
 455.000       0.7717
 456.000       0.6219
 457.000       0.5686
 458.000       0.4409
 459.000       0.3878
 460.000       0.5133
 461.000       0.5803
 462.000       0.5592
 463.000       0.4037
 464.000       0.4766
 465.000       0.5489
 466.000       0.4897
 467.000       0.4842
 468.000       0.6257
 469.000       0.6810
 470.000       0.6752
 471.000       0.6991
 472.000       0.8845
 473.000       1.0978
 474.000       2.0865
 475.000       2.4750
