#Res             RMSF
 176.000       2.2793
 177.000       1.7642
 178.000       1.2403
 179.000       0.9194
 180.000       0.7898
 181.000       1.0116
 182.000       1.0451
 183.000       0.8654
 184.000       0.9866
 185.000       0.7379
 186.000       0.7295
 187.000       0.5928
 188.000       0.7154
 189.000       0.6956
 190.000       0.8582
 191.000       0.8602
 192.000       0.7251
 193.000       0.7637
 194.000       0.9418
 195.000       0.9686
 196.000       0.8960
 197.000       1.0613
 198.000       1.2718
 199.000       1.2915
 200.000       1.4597
 201.000       1.2600
 202.000       1.0932
 203.000       1.3521
 204.000       1.0944
 205.000       0.9438
 206.000       0.9991
 207.000       0.9759
 208.000       0.8385
 209.000       0.7335
 210.000       0.6004
 211.000       0.6147
 212.000       0.7004
 213.000       0.6040
 214.000       0.5074
 215.000       0.6351
 216.000       0.6874
 217.000       0.5587
 218.000       0.5914
 219.000       0.7622
 220.000       0.7352
 221.000       0.6296
 222.000       0.7880
 223.000       0.9197
 224.000       0.7976
 225.000       0.7869
 226.000       1.0254
 227.000       1.0841
 228.000       0.9029
 229.000       1.0116
 230.000       1.2577
 231.000       1.2198
 232.000       1.1227
 233.000       1.4147
 234.000       1.5889
 235.000       1.4684
 236.000       1.5613
 237.000       1.2621
 238.000       1.2532
 239.000       0.9397
 240.000       0.7609
 241.000       0.6935
 242.000       0.6463
 243.000       0.7848
 244.000       0.8042
 245.000       0.7050
 246.000       0.8759
 247.000       1.0905
 248.000       1.0736
 249.000       1.1728
 250.000       1.6807
 251.000       1.7947
 252.000       1.6995
 253.000       1.7802
 254.000       1.5133
 255.000       1.2681
 256.000       1.4049
 257.000       1.4379
 258.000       1.2225
 259.000       1.2620
 260.000       2.0392
 261.000       1.4676
 262.000       1.0817
 263.000       0.9467
 264.000       0.7817
 265.000       0.7827
 266.000       0.8192
 267.000       0.8552
 268.000       1.0710
 269.000       1.2439
 270.000       1.5143
 271.000       1.4763
 272.000       1.9258
 273.000       3.7162
 274.000       3.8437
 275.000       3.9394
 276.000       5.5107
 277.000       6.0309
 278.000       7.0578
 279.000       8.6308
 280.000       9.5245
