#Res             RMSF
 558.000       1.2369
 559.000       0.7620
 560.000       0.5788
 561.000       0.4946
 562.000       0.6082
 563.000       0.6227
 564.000       0.5191
 565.000       0.5430
 566.000       0.4134
 567.000       0.4662
 568.000       0.3914
 569.000       0.4549
 570.000       0.4069
 571.000       0.5108
 572.000       0.4723
 573.000       0.4198
 574.000       0.3884
 575.000       0.4549
 576.000       0.4966
 577.000       0.4973
 578.000       0.6093
 579.000       0.7953
 580.000       0.8246
 581.000       0.8144
 582.000       0.5566
 583.000       0.7185
 584.000       0.8044
 585.000       0.5977
 586.000       0.5377
 587.000       0.5108
 588.000       0.5512
 589.000       0.4823
 590.000       0.3925
 591.000       0.3517
 592.000       0.3659
 593.000       0.3898
 594.000       0.3827
 595.000       0.3398
 596.000       0.3916
 597.000       0.4213
 598.000       0.3857
 599.000       0.3708
 600.000       0.4060
 601.000       0.4358
 602.000       0.4322
 603.000       0.4992
 604.000       0.5525
 605.000       0.4689
 606.000       0.4667
 607.000       0.5228
 608.000       0.5120
 609.000       0.4309
 610.000       0.5064
 611.000       0.6119
 612.000       0.5930
 613.000       0.5143
 614.000       0.7168
 615.000       0.8653
 616.000       0.8133
 617.000       0.8261
 618.000       0.6563
 619.000       0.6581
 620.000       0.4838
 621.000       0.3876
 622.000       0.4030
 623.000       0.4194
 624.000       0.4201
 625.000       0.4054
 626.000       0.4390
 627.000       0.5103
 628.000       0.6461
 629.000       0.6035
 630.000       0.6469
 631.000       1.0094
 632.000       1.1894
 633.000       0.9448
 634.000       0.8679
 635.000       0.6966
 636.000       0.6848
 637.000       0.8339
 638.000       0.7946
 639.000       0.7136
 640.000       0.8893
 641.000       1.3475
 642.000       0.7064
 643.000       0.5714
 644.000       0.5478
 645.000       0.5143
 646.000       0.5401
 647.000       0.4421
 648.000       0.5032
 649.000       0.5354
 650.000       0.5596
 651.000       0.6845
 652.000       0.7206
 653.000       0.8048
 654.000       0.8952
 655.000       0.8369
 656.000       1.0159
 657.000       1.1207
 658.000       0.9719
 659.000       1.0018
 660.000       1.3108
 661.000       2.0271
