#Res             RMSF
  98.000       1.1187
  99.000       0.7652
 100.000       0.8179
 101.000       0.8745
 102.000       0.6087
 103.000       0.5942
 104.000       0.4497
 105.000       0.4967
 106.000       0.5298
 107.000       0.3989
 108.000       0.3269
 109.000       0.4131
 110.000       0.3906
 111.000       0.3286
 112.000       0.3463
 113.000       0.4055
 114.000       0.4474
 115.000       0.4505
 116.000       0.3799
 117.000       0.4331
 118.000       0.3979
 119.000       0.3803
 120.000       0.4156
 121.000       0.4751
 122.000       0.4671
 123.000       0.3943
 124.000       0.3997
 125.000       0.4586
 126.000       0.4307
 127.000       0.3737
 128.000       0.4020
 129.000       0.4880
 130.000       0.5136
 131.000       0.4946
 132.000       0.4987
 133.000       0.5207
 134.000       0.4930
 135.000       0.4972
 136.000       0.5052
 137.000       0.4798
 138.000       0.3889
 139.000       0.3676
 140.000       0.4075
 141.000       0.3459
 142.000       0.3163
 143.000       0.3546
 144.000       0.3904
 145.000       0.3462
 146.000       0.3456
 147.000       0.4713
 148.000       0.5573
 149.000       0.5224
 150.000       0.5683
 151.000       0.5149
 152.000       0.5732
 153.000       0.4824
 154.000       0.3834
 155.000       0.4213
 156.000       0.4174
 157.000       0.4294
 158.000       0.3663
 159.000       0.3707
 160.000       0.3812
 161.000       0.3688
 162.000       0.3509
 163.000       0.4103
 164.000       0.4982
 165.000       0.6214
 166.000       0.6301
 167.000       0.7351
 168.000       0.7164
 169.000       0.6847
 170.000       0.4885
 171.000       0.5075
 172.000       0.6238
 173.000       0.7096
 174.000       1.5517
 175.000       3.1658
