#Res             RMSF
 662.000       1.6372
 663.000       1.2276
 664.000       1.0820
 665.000       0.5311
 666.000       0.4060
 667.000       0.3893
 668.000       0.4421
 669.000       0.4398
 670.000       0.4003
 671.000       0.4085
 672.000       0.4533
 673.000       0.4259
 674.000       0.4220
 675.000       0.5619
 676.000       0.6494
 677.000       0.6004
 678.000       0.6035
 679.000       0.8429
 680.000       0.8003
 681.000       0.6098
 682.000       0.5524
 683.000       0.4361
 684.000       0.5028
 685.000       0.5820
 686.000       0.6041
 687.000       0.4451
 688.000       0.4150
 689.000       0.5131
 690.000       0.4370
 691.000       0.3871
 692.000       0.4208
 693.000       0.4353
 694.000       0.4060
 695.000       0.4185
 696.000       0.4276
 697.000       0.4311
 698.000       0.4170
 699.000       0.3776
 700.000       0.4354
 701.000       0.4607
 702.000       0.3817
 703.000       0.4377
 704.000       0.5285
 705.000       0.4571
 706.000       0.3656
 707.000       0.4557
 708.000       0.4960
 709.000       0.4048
 710.000       0.4234
 711.000       0.5109
 712.000       0.5261
 713.000       0.6342
 714.000       0.6564
 715.000       0.6792
 716.000       0.9502
 717.000       0.6253
 718.000       0.4617
 719.000       0.4480
 720.000       0.4633
 721.000       0.4458
 722.000       0.3875
 723.000       0.3880
 724.000       0.4319
 725.000       0.4141
 726.000       0.3893
 727.000       0.3950
 728.000       0.4434
 729.000       0.4571
 730.000       0.4791
 731.000       0.4704
 732.000       0.5844
 733.000       0.8331
 734.000       0.8686
 735.000       0.6041
 736.000       0.4864
 737.000       0.5917
 738.000       0.5266
 739.000       0.4476
 740.000       0.4204
 741.000       0.4685
 742.000       0.4529
 743.000       0.4189
 744.000       0.4599
 745.000       0.4768
 746.000       0.4305
 747.000       0.4672
 748.000       0.5537
 749.000       0.5669
 750.000       0.5370
 751.000       0.7428
 752.000       1.3286
 753.000       2.6501
