#Res             RMSF
 377.000       2.9901
 378.000       2.3637
 379.000       1.7648
 380.000       1.0730
 381.000       0.6306
 382.000       0.5628
 383.000       0.5305
 384.000       0.5355
 385.000       0.5071
 386.000       0.4602
 387.000       0.4441
 388.000       0.5331
 389.000       0.5734
 390.000       0.4849
 391.000       0.4521
 392.000       0.5906
 393.000       0.5581
 394.000       0.5251
 395.000       0.5897
 396.000       0.6489
 397.000       0.6942
 398.000       0.7305
 399.000       0.8635
 400.000       0.7804
 401.000       0.5760
 402.000       0.8020
 403.000       0.9296
 404.000       0.7910
 405.000       0.6073
 406.000       0.5738
 407.000       0.4577
 408.000       0.5102
 409.000       0.5088
 410.000       0.4634
 411.000       0.4660
 412.000       0.5997
 413.000       0.5879
 414.000       0.5494
 415.000       0.5992
 416.000       0.7361
 417.000       0.8783
 418.000       0.7744
 419.000       0.8041
 420.000       0.9115
 421.000       1.2178
 422.000       0.7717
 423.000       0.6233
 424.000       0.6919
 425.000       0.7194
 426.000       0.7525
 427.000       0.6763
 428.000       0.5196
 429.000       0.4975
 430.000       0.5869
 431.000       0.5081
 432.000       0.4447
 433.000       0.5648
 434.000       0.4598
 435.000       0.4437
 436.000       0.4549
 437.000       0.4614
 438.000       0.4423
 439.000       0.4395
 440.000       0.4101
 441.000       0.4293
 442.000       0.4895
 443.000       0.4058
 444.000       0.3750
 445.000       0.5055
 446.000       0.4291
 447.000       0.3675
 448.000       0.4114
 449.000       0.4553
 450.000       0.4128
 451.000       0.4410
 452.000       0.5488
 453.000       0.5156
 454.000       0.5705
 455.000       0.6632
 456.000       0.5462
 457.000       0.5262
 458.000       0.4024
 459.000       0.3434
 460.000       0.4422
 461.000       0.4849
 462.000       0.4786
 463.000       0.3813
 464.000       0.4834
 465.000       0.5636
 466.000       0.5007
 467.000       0.5012
 468.000       0.6542
 469.000       0.6813
 470.000       0.6582
 471.000       0.6926
 472.000       0.8828
 473.000       1.1915
 474.000       2.0158
 475.000       2.5275
