#Res             RMSF
 476.000       2.0076
 477.000       1.1309
 478.000       0.9229
 479.000       0.8822
 480.000       0.5545
 481.000       0.5799
 482.000       0.7857
 483.000       0.8302
 484.000       0.6196
 485.000       0.5876
 486.000       0.4868
 487.000       0.4934
 488.000       0.5288
 489.000       0.3840
 490.000       0.3261
 491.000       0.4043
 492.000       0.4125
 493.000       0.3486
 494.000       0.3513
 495.000       0.3708
 496.000       0.4322
 497.000       0.4499
 498.000       0.3941
 499.000       0.5374
 500.000       0.4931
 501.000       0.4313
 502.000       0.4791
 503.000       0.5497
 504.000       0.5132
 505.000       0.4210
 506.000       0.4362
 507.000       0.5409
 508.000       0.5490
 509.000       0.4025
 510.000       0.4282
 511.000       0.5116
 512.000       0.5195
 513.000       0.4535
 514.000       0.4970
 515.000       0.5143
 516.000       0.4702
 517.000       0.4873
 518.000       0.4974
 519.000       0.4522
 520.000       0.3746
 521.000       0.3310
 522.000       0.3773
 523.000       0.3157
 524.000       0.2975
 525.000       0.3307
 526.000       0.3659
 527.000       0.3276
 528.000       0.3279
 529.000       0.4312
 530.000       0.5088
 531.000       0.5005
 532.000       0.5909
 533.000       0.4777
 534.000       0.6217
 535.000       0.4628
 536.000       0.3818
 537.000       0.4006
 538.000       0.4062
 539.000       0.3979
 540.000       0.3316
 541.000       0.3233
 542.000       0.3414
 543.000       0.3159
 544.000       0.3350
 545.000       0.3789
 546.000       0.4339
 547.000       0.5171
 548.000       0.5720
 549.000       0.6741
 550.000       0.7528
 551.000       0.6252
 552.000       0.4601
 553.000       0.4313
 554.000       0.6011
 555.000       0.5027
 556.000       0.8209
 557.000       2.0865
