#Res             RMSF
 281.000       3.4077
 282.000       2.2826
 283.000       2.8488
 284.000       1.9249
 285.000       1.5166
 286.000       1.1672
 287.000       0.9463
 288.000       0.9757
 289.000       0.8627
 290.000       0.9571
 291.000       0.7891
 292.000       0.6357
 293.000       0.6239
 294.000       0.6265
 295.000       0.5539
 296.000       0.5444
 297.000       0.6557
 298.000       0.7337
 299.000       0.6689
 300.000       0.7090
 301.000       0.9611
 302.000       0.9020
 303.000       0.7138
 304.000       0.6491
 305.000       0.5899
 306.000       0.6921
 307.000       0.8348
 308.000       0.8454
 309.000       0.6354
 310.000       0.6551
 311.000       0.7422
 312.000       0.6220
 313.000       0.5586
 314.000       0.6407
 315.000       0.6435
 316.000       1.0569
 317.000       1.5803
 318.000       1.3836
 319.000       0.7950
 320.000       0.6779
 321.000       0.5473
 322.000       0.5564
 323.000       0.5898
 324.000       0.4549
 325.000       0.5191
 326.000       0.6004
 327.000       0.4896
 328.000       0.4309
 329.000       0.5244
 330.000       0.5497
 331.000       0.4509
 332.000       0.5186
 333.000       0.6833
 334.000       0.7370
 335.000       0.8052
 336.000       0.9262
 337.000       0.6976
 338.000       0.8421
 339.000       0.5978
 340.000       0.4825
 341.000       0.4879
 342.000       0.5064
 343.000       0.5264
 344.000       0.4260
 345.000       0.4134
 346.000       0.4570
 347.000       0.4041
 348.000       0.3924
 349.000       0.4348
 350.000       0.5167
 351.000       0.5227
 352.000       0.4944
 353.000       0.4930
 354.000       0.6151
 355.000       0.9061
 356.000       0.9085
 357.000       0.6224
 358.000       0.5245
 359.000       0.6204
 360.000       0.5439
 361.000       0.4694
 362.000       0.4595
 363.000       0.4933
 364.000       0.4646
 365.000       0.4492
 366.000       0.5083
 367.000       0.5202
 368.000       0.4723
 369.000       0.5187
 370.000       0.5890
 371.000       0.5889
 372.000       0.5945
 373.000       0.7732
 374.000       1.1820
 375.000       2.4734
 376.000       3.5118
