#Res             RMSF
 476.000       3.0736
 477.000       1.4307
 478.000       1.0822
 479.000       0.9056
 480.000       0.5737
 481.000       0.5960
 482.000       0.7775
 483.000       0.8239
 484.000       0.6580
 485.000       0.6032
 486.000       0.5067
 487.000       0.5789
 488.000       0.5787
 489.000       0.3953
 490.000       0.3742
 491.000       0.4598
 492.000       0.4457
 493.000       0.3661
 494.000       0.3816
 495.000       0.4326
 496.000       0.4894
 497.000       0.4926
 498.000       0.4242
 499.000       0.5489
 500.000       0.5437
 501.000       0.4750
 502.000       0.5070
 503.000       0.5699
 504.000       0.5431
 505.000       0.4255
 506.000       0.4510
 507.000       0.5334
 508.000       0.5348
 509.000       0.4059
 510.000       0.4520
 511.000       0.5528
 512.000       0.5342
 513.000       0.4695
 514.000       0.5126
 515.000       0.5390
 516.000       0.4828
 517.000       0.5053
 518.000       0.5200
 519.000       0.4880
 520.000       0.4263
 521.000       0.3670
 522.000       0.3907
 523.000       0.3328
 524.000       0.3207
 525.000       0.3727
 526.000       0.4074
 527.000       0.3557
 528.000       0.3553
 529.000       0.4595
 530.000       0.5125
 531.000       0.5091
 532.000       0.6047
 533.000       0.4952
 534.000       0.6447
 535.000       0.4647
 536.000       0.3962
 537.000       0.4238
 538.000       0.4171
 539.000       0.4232
 540.000       0.3516
 541.000       0.3549
 542.000       0.3809
 543.000       0.3691
 544.000       0.3611
 545.000       0.4001
 546.000       0.4652
 547.000       0.6339
 548.000       0.8186
 549.000       0.8726
 550.000       0.7952
 551.000       0.6047
 552.000       0.4815
 553.000       0.4914
 554.000       0.6396
 555.000       0.6597
 556.000       1.2190
 557.000       2.4984
