#Res             RMSF
   1.000       3.0408
   2.000       1.7850
   3.000       1.0954
   4.000       0.6066
   5.000       0.5849
   6.000       0.5104
   7.000       0.4934
   8.000       0.5039
   9.000       0.4777
  10.000       0.4466
  11.000       0.4602
  12.000       0.4845
  13.000       0.4435
  14.000       0.3871
  15.000       0.4783
  16.000       0.5053
  17.000       0.4633
  18.000       0.4890
  19.000       0.5880
  20.000       0.6019
  21.000       0.6086
  22.000       0.6125
  23.000       0.5027
  24.000       0.4715
  25.000       0.4397
  26.000       0.4705
  27.000       0.4950
  28.000       0.5249
  29.000       0.5133
  30.000       0.4464
  31.000       0.4891
  32.000       0.5346
  33.000       0.4785
  34.000       0.4156
  35.000       0.4833
  36.000       0.5584
  37.000       0.4967
  38.000       0.4961
  39.000       0.6823
  40.000       0.8348
  41.000       0.7086
  42.000       0.6844
  43.000       0.7902
  44.000       1.0316
  45.000       0.5720
  46.000       0.5634
  47.000       0.5446
  48.000       0.5678
  49.000       0.6132
  50.000       0.5344
  51.000       0.4350
  52.000       0.4031
  53.000       0.4383
  54.000       0.4500
  55.000       0.4080
  56.000       0.3650
  57.000       0.4076
  58.000       0.4389
  59.000       0.4390
  60.000       0.3932
  61.000       0.3986
  62.000       0.4460
  63.000       0.4156
  64.000       0.3945
  65.000       0.4508
  66.000       0.3967
  67.000       0.3505
  68.000       0.4012
  69.000       0.4229
  70.000       0.3682
  71.000       0.3773
  72.000       0.4633
  73.000       0.4526
  74.000       0.4343
  75.000       0.4689
  76.000       0.5543
  77.000       0.6264
  78.000       0.6327
  79.000       0.5223
  80.000       0.5348
  81.000       0.4316
  82.000       0.3817
  83.000       0.4436
  84.000       0.4844
  85.000       0.4688
  86.000       0.3847
  87.000       0.4703
  88.000       0.5326
  89.000       0.4968
  90.000       0.6646
  91.000       0.7782
  92.000       0.8046
  93.000       0.7803
  94.000       1.1607
  95.000       1.3626
  96.000       1.8652
  97.000       2.6822
