#Res             RMSF
   1.000       2.3528
   2.000       1.4155
   3.000       0.8375
   4.000       0.5742
   5.000       0.5733
   6.000       0.4790
   7.000       0.4692
   8.000       0.4526
   9.000       0.4337
  10.000       0.4153
  11.000       0.4391
  12.000       0.4654
  13.000       0.4253
  14.000       0.3687
  15.000       0.4627
  16.000       0.4801
  17.000       0.4355
  18.000       0.4471
  19.000       0.5218
  20.000       0.5455
  21.000       0.5577
  22.000       0.5654
  23.000       0.4381
  24.000       0.4216
  25.000       0.4005
  26.000       0.4594
  27.000       0.4855
  28.000       0.5059
  29.000       0.5061
  30.000       0.4343
  31.000       0.4811
  32.000       0.5228
  33.000       0.4634
  34.000       0.4040
  35.000       0.4645
  36.000       0.5507
  37.000       0.4806
  38.000       0.4749
  39.000       0.6518
  40.000       0.8193
  41.000       0.6737
  42.000       0.6509
  43.000       0.7916
  44.000       1.0991
  45.000       0.5839
  46.000       0.5670
  47.000       0.5365
  48.000       0.5584
  49.000       0.6111
  50.000       0.4925
  51.000       0.3916
  52.000       0.3882
  53.000       0.4123
  54.000       0.3961
  55.000       0.3432
  56.000       0.3134
  57.000       0.3534
  58.000       0.3802
  59.000       0.3846
  60.000       0.3552
  61.000       0.3671
  62.000       0.4054
  63.000       0.3565
  64.000       0.3579
  65.000       0.4071
  66.000       0.3333
  67.000       0.3082
  68.000       0.3484
  69.000       0.3428
  70.000       0.3054
  71.000       0.3376
  72.000       0.3826
  73.000       0.3669
  74.000       0.3823
  75.000       0.4283
  76.000       0.4561
  77.000       0.5320
  78.000       0.5655
  79.000       0.4474
  80.000       0.4292
  81.000       0.3673
  82.000       0.3401
  83.000       0.4232
  84.000       0.4633
  85.000       0.4518
  86.000       0.3480
  87.000       0.3966
  88.000       0.4797
  89.000       0.4435
  90.000       0.4743
  91.000       0.4891
  92.000       0.5351
  93.000       0.5187
  94.000       0.6203
  95.000       0.7714
  96.000       0.8274
  97.000       1.7339
