#Res             RMSF
  98.000       1.1011
  99.000       0.7359
 100.000       0.7897
 101.000       0.8568
 102.000       0.6349
 103.000       0.5853
 104.000       0.4423
 105.000       0.4903
 106.000       0.5512
 107.000       0.4243
 108.000       0.3303
 109.000       0.4272
 110.000       0.4056
 111.000       0.3300
 112.000       0.3578
 113.000       0.4209
 114.000       0.4654
 115.000       0.4844
 116.000       0.3972
 117.000       0.4520
 118.000       0.4080
 119.000       0.3725
 120.000       0.4101
 121.000       0.4860
 122.000       0.4781
 123.000       0.4163
 124.000       0.4132
 125.000       0.4697
 126.000       0.4314
 127.000       0.3926
 128.000       0.4194
 129.000       0.4827
 130.000       0.5484
 131.000       0.5303
 132.000       0.5091
 133.000       0.5267
 134.000       0.5148
 135.000       0.5048
 136.000       0.4911
 137.000       0.4722
 138.000       0.3747
 139.000       0.3590
 140.000       0.3942
 141.000       0.3402
 142.000       0.3083
 143.000       0.3510
 144.000       0.3969
 145.000       0.3592
 146.000       0.3609
 147.000       0.4833
 148.000       0.5493
 149.000       0.5298
 150.000       0.5761
 151.000       0.4821
 152.000       0.5689
 153.000       0.4528
 154.000       0.3835
 155.000       0.4195
 156.000       0.3997
 157.000       0.4150
 158.000       0.3727
 159.000       0.3514
 160.000       0.3707
 161.000       0.3523
 162.000       0.3430
 163.000       0.3924
 164.000       0.4854
 165.000       0.6389
 166.000       0.6120
 167.000       0.7155
 168.000       0.6974
 169.000       0.6472
 170.000       0.4610
 171.000       0.4935
 172.000       0.5957
 173.000       0.5971
 174.000       1.4394
 175.000       2.9513
