#Res             RMSF
 662.000       1.7087
 663.000       1.1634
 664.000       1.2049
 665.000       0.5658
 666.000       0.4151
 667.000       0.3986
 668.000       0.4465
 669.000       0.4417
 670.000       0.4061
 671.000       0.4201
 672.000       0.4564
 673.000       0.4207
 674.000       0.4179
 675.000       0.5564
 676.000       0.6457
 677.000       0.6063
 678.000       0.6173
 679.000       0.8345
 680.000       0.7947
 681.000       0.6027
 682.000       0.5671
 683.000       0.4468
 684.000       0.5195
 685.000       0.6085
 686.000       0.6360
 687.000       0.4643
 688.000       0.4161
 689.000       0.5549
 690.000       0.4729
 691.000       0.3861
 692.000       0.4215
 693.000       0.4337
 694.000       0.4075
 695.000       0.4067
 696.000       0.4432
 697.000       0.4497
 698.000       0.4369
 699.000       0.3986
 700.000       0.4810
 701.000       0.5130
 702.000       0.3708
 703.000       0.4382
 704.000       0.5116
 705.000       0.4633
 706.000       0.3674
 707.000       0.4391
 708.000       0.4880
 709.000       0.3827
 710.000       0.4071
 711.000       0.5127
 712.000       0.5214
 713.000       0.6074
 714.000       0.6846
 715.000       0.7159
 716.000       1.0393
 717.000       0.6244
 718.000       0.4892
 719.000       0.4624
 720.000       0.4695
 721.000       0.4517
 722.000       0.3989
 723.000       0.3984
 724.000       0.4300
 725.000       0.4052
 726.000       0.3816
 727.000       0.4111
 728.000       0.4719
 729.000       0.4832
 730.000       0.4787
 731.000       0.4490
 732.000       0.5585
 733.000       0.8683
 734.000       0.8208
 735.000       0.6054
 736.000       0.5073
 737.000       0.6102
 738.000       0.5275
 739.000       0.4540
 740.000       0.4175
 741.000       0.4438
 742.000       0.4352
 743.000       0.4253
 744.000       0.4522
 745.000       0.4398
 746.000       0.4302
 747.000       0.4727
 748.000       0.5581
 749.000       0.5752
 750.000       0.5571
 751.000       0.7600
 752.000       1.4029
 753.000       2.5529
