#Res             RMSF
 176.000       2.4541
 177.000       1.7857
 178.000       1.2364
 179.000       0.8487
 180.000       0.7288
 181.000       0.8788
 182.000       0.8938
 183.000       0.7404
 184.000       0.8009
 185.000       0.6419
 186.000       0.6300
 187.000       0.5481
 188.000       0.6545
 189.000       0.6628
 190.000       0.7744
 191.000       0.7289
 192.000       0.6304
 193.000       0.6727
 194.000       0.7608
 195.000       0.7380
 196.000       0.7274
 197.000       0.8966
 198.000       1.0312
 199.000       0.9594
 200.000       1.0451
 201.000       0.8786
 202.000       0.9501
 203.000       1.0027
 204.000       0.9301
 205.000       0.8188
 206.000       0.8650
 207.000       0.9030
 208.000       0.7520
 209.000       0.6481
 210.000       0.5676
 211.000       0.5796
 212.000       0.6157
 213.000       0.5347
 214.000       0.4794
 215.000       0.5494
 216.000       0.5895
 217.000       0.5116
 218.000       0.5194
 219.000       0.6297
 220.000       0.6280
 221.000       0.5476
 222.000       0.6694
 223.000       0.7909
 224.000       0.7190
 225.000       0.6768
 226.000       0.8731
 227.000       0.9454
 228.000       0.7972
 229.000       0.8509
 230.000       1.0342
 231.000       1.0436
 232.000       0.9663
 233.000       1.1762
 234.000       1.3537
 235.000       1.2865
 236.000       1.3127
 237.000       1.1024
 238.000       1.0641
 239.000       0.8425
 240.000       0.7143
 241.000       0.7148
 242.000       0.6952
 243.000       0.8154
 244.000       0.7930
 245.000       0.7204
 246.000       0.8751
 247.000       1.0638
 248.000       1.0292
 249.000       1.0177
 250.000       1.3479
 251.000       1.5363
 252.000       1.4579
 253.000       1.5212
 254.000       1.3178
 255.000       1.1498
 256.000       1.2861
 257.000       1.2598
 258.000       1.1115
 259.000       1.0718
 260.000       1.6224
 261.000       1.4906
 262.000       1.0450
 263.000       0.9978
 264.000       0.8485
 265.000       0.8464
 266.000       0.8737
 267.000       0.9100
 268.000       1.0393
 269.000       1.1816
 270.000       1.3560
 271.000       1.4115
 272.000       1.7813
 273.000       3.0509
 274.000       2.9770
 275.000       3.3519
 276.000       4.3550
 277.000       5.1184
 278.000       6.5642
 279.000       8.5623
 280.000      10.2438
