#Res             RMSF
  98.000       1.1197
  99.000       0.7657
 100.000       0.8189
 101.000       0.8753
 102.000       0.6090
 103.000       0.5944
 104.000       0.4502
 105.000       0.4970
 106.000       0.5300
 107.000       0.3991
 108.000       0.3271
 109.000       0.4135
 110.000       0.3908
 111.000       0.3289
 112.000       0.3466
 113.000       0.4059
 114.000       0.4471
 115.000       0.4498
 116.000       0.3795
 117.000       0.4325
 118.000       0.3981
 119.000       0.3804
 120.000       0.4154
 121.000       0.4752
 122.000       0.4675
 123.000       0.3948
 124.000       0.4002
 125.000       0.4589
 126.000       0.4311
 127.000       0.3741
 128.000       0.4023
 129.000       0.4882
 130.000       0.5138
 131.000       0.4948
 132.000       0.4991
 133.000       0.5211
 134.000       0.4933
 135.000       0.4973
 136.000       0.5051
 137.000       0.4796
 138.000       0.3893
 139.000       0.3680
 140.000       0.4079
 141.000       0.3462
 142.000       0.3166
 143.000       0.3547
 144.000       0.3908
 145.000       0.3466
 146.000       0.3460
 147.000       0.4717
 148.000       0.5575
 149.000       0.5229
 150.000       0.5687
 151.000       0.5151
 152.000       0.5733
 153.000       0.4817
 154.000       0.3837
 155.000       0.4218
 156.000       0.4179
 157.000       0.4299
 158.000       0.3666
 159.000       0.3709
 160.000       0.3814
 161.000       0.3692
 162.000       0.3509
 163.000       0.4100
 164.000       0.4980
 165.000       0.6217
 166.000       0.6305
 167.000       0.7349
 168.000       0.7155
 169.000       0.6853
 170.000       0.4888
 171.000       0.5077
 172.000       0.6243
 173.000       0.7102
 174.000       1.5513
 175.000       3.1690
