#Res             RMSF
 476.000       3.5675
 477.000       1.5992
 478.000       1.1520
 479.000       0.9041
 480.000       0.5897
 481.000       0.6079
 482.000       0.7634
 483.000       0.8100
 484.000       0.6676
 485.000       0.5945
 486.000       0.5134
 487.000       0.6158
 488.000       0.5961
 489.000       0.3953
 490.000       0.3999
 491.000       0.4870
 492.000       0.4539
 493.000       0.3650
 494.000       0.4000
 495.000       0.4639
 496.000       0.5141
 497.000       0.5070
 498.000       0.4317
 499.000       0.5334
 500.000       0.5315
 501.000       0.4912
 502.000       0.5001
 503.000       0.5681
 504.000       0.5505
 505.000       0.4158
 506.000       0.4495
 507.000       0.5078
 508.000       0.4928
 509.000       0.3974
 510.000       0.4634
 511.000       0.5703
 512.000       0.5337
 513.000       0.4664
 514.000       0.5176
 515.000       0.5517
 516.000       0.4728
 517.000       0.4961
 518.000       0.5297
 519.000       0.5190
 520.000       0.4611
 521.000       0.3856
 522.000       0.3977
 523.000       0.3502
 524.000       0.3318
 525.000       0.3779
 526.000       0.4217
 527.000       0.3686
 528.000       0.3588
 529.000       0.4710
 530.000       0.5086
 531.000       0.5117
 532.000       0.6116
 533.000       0.5014
 534.000       0.6516
 535.000       0.4414
 536.000       0.3988
 537.000       0.4347
 538.000       0.4240
 539.000       0.4369
 540.000       0.3565
 541.000       0.3790
 542.000       0.4150
 543.000       0.4057
 544.000       0.3693
 545.000       0.4072
 546.000       0.4746
 547.000       0.6539
 548.000       0.7912
 549.000       0.8125
 550.000       0.6702
 551.000       0.5129
 552.000       0.4492
 553.000       0.5046
 554.000       0.6424
 555.000       0.7523
 556.000       1.4187
 557.000       2.7298
