#Res             RMSF
 662.000       1.6369
 663.000       1.2289
 664.000       1.0822
 665.000       0.5316
 666.000       0.4056
 667.000       0.3882
 668.000       0.4414
 669.000       0.4393
 670.000       0.4000
 671.000       0.4084
 672.000       0.4534
 673.000       0.4260
 674.000       0.4225
 675.000       0.5621
 676.000       0.6497
 677.000       0.6010
 678.000       0.6034
 679.000       0.8424
 680.000       0.8005
 681.000       0.6099
 682.000       0.5525
 683.000       0.4364
 684.000       0.5032
 685.000       0.5824
 686.000       0.6044
 687.000       0.4451
 688.000       0.4151
 689.000       0.5137
 690.000       0.4374
 691.000       0.3874
 692.000       0.4208
 693.000       0.4352
 694.000       0.4062
 695.000       0.4184
 696.000       0.4281
 697.000       0.4314
 698.000       0.4172
 699.000       0.3779
 700.000       0.4355
 701.000       0.4607
 702.000       0.3819
 703.000       0.4378
 704.000       0.5287
 705.000       0.4575
 706.000       0.3657
 707.000       0.4558
 708.000       0.4962
 709.000       0.4048
 710.000       0.4231
 711.000       0.5115
 712.000       0.5265
 713.000       0.6340
 714.000       0.6563
 715.000       0.6787
 716.000       0.9501
 717.000       0.6253
 718.000       0.4618
 719.000       0.4483
 720.000       0.4638
 721.000       0.4463
 722.000       0.3878
 723.000       0.3885
 724.000       0.4324
 725.000       0.4143
 726.000       0.3896
 727.000       0.3953
 728.000       0.4434
 729.000       0.4575
 730.000       0.4786
 731.000       0.4698
 732.000       0.5850
 733.000       0.8335
 734.000       0.8693
 735.000       0.6046
 736.000       0.4865
 737.000       0.5921
 738.000       0.5271
 739.000       0.4480
 740.000       0.4208
 741.000       0.4679
 742.000       0.4520
 743.000       0.4193
 744.000       0.4597
 745.000       0.4768
 746.000       0.4307
 747.000       0.4675
 748.000       0.5542
 749.000       0.5664
 750.000       0.5364
 751.000       0.7426
 752.000       1.3283
 753.000       2.6488
