#Res             RMSF
 281.000       2.8689
 282.000       2.1493
 283.000       3.0443
 284.000       1.9890
 285.000       1.5755
 286.000       1.1942
 287.000       0.7049
 288.000       0.5977
 289.000       0.6052
 290.000       0.6428
 291.000       0.6110
 292.000       0.5378
 293.000       0.5674
 294.000       0.5734
 295.000       0.4834
 296.000       0.5269
 297.000       0.6377
 298.000       0.7210
 299.000       0.6510
 300.000       0.6983
 301.000       0.9347
 302.000       0.9018
 303.000       0.6888
 304.000       0.6007
 305.000       0.5205
 306.000       0.5747
 307.000       0.6619
 308.000       0.6993
 309.000       0.4913
 310.000       0.4700
 311.000       0.5996
 312.000       0.5201
 313.000       0.4167
 314.000       0.4738
 315.000       0.5335
 316.000       0.4727
 317.000       0.4539
 318.000       0.5018
 319.000       0.4790
 320.000       0.4504
 321.000       0.4191
 322.000       0.4657
 323.000       0.4468
 324.000       0.4143
 325.000       0.4667
 326.000       0.5407
 327.000       0.4485
 328.000       0.3850
 329.000       0.4812
 330.000       0.4987
 331.000       0.4433
 332.000       0.4947
 333.000       0.6020
 334.000       0.6594
 335.000       0.7132
 336.000       0.7396
 337.000       0.6627
 338.000       0.6459
 339.000       0.5436
 340.000       0.4630
 341.000       0.4850
 342.000       0.4828
 343.000       0.5152
 344.000       0.4189
 345.000       0.4092
 346.000       0.4646
 347.000       0.3969
 348.000       0.3799
 349.000       0.4101
 350.000       0.4834
 351.000       0.4809
 352.000       0.4798
 353.000       0.4776
 354.000       0.6029
 355.000       0.8169
 356.000       0.8576
 357.000       0.5765
 358.000       0.5044
 359.000       0.6010
 360.000       0.5125
 361.000       0.4381
 362.000       0.4436
 363.000       0.4885
 364.000       0.4514
 365.000       0.4428
 366.000       0.5037
 367.000       0.5136
 368.000       0.4662
 369.000       0.5231
 370.000       0.5970
 371.000       0.5909
 372.000       0.5971
 373.000       0.7984
 374.000       1.2555
 375.000       2.2495
 376.000       3.5513
