#Res             RMSF
 176.000       2.0067
 177.000       1.6222
 178.000       1.1357
 179.000       0.9052
 180.000       0.7290
 181.000       0.9256
 182.000       1.0414
 183.000       0.8564
 184.000       0.9274
 185.000       0.6689
 186.000       0.6641
 187.000       0.5404
 188.000       0.6356
 189.000       0.5929
 190.000       0.7540
 191.000       0.7349
 192.000       0.6229
 193.000       0.6440
 194.000       0.7576
 195.000       0.7743
 196.000       0.6952
 197.000       0.8402
 198.000       1.0472
 199.000       1.1359
 200.000       1.1808
 201.000       0.9071
 202.000       0.9764
 203.000       1.2503
 204.000       0.9117
 205.000       0.8403
 206.000       0.9472
 207.000       1.0001
 208.000       0.8471
 209.000       0.6848
 210.000       0.5559
 211.000       0.6064
 212.000       0.6790
 213.000       0.5722
 214.000       0.4855
 215.000       0.5975
 216.000       0.6462
 217.000       0.5358
 218.000       0.5385
 219.000       0.6824
 220.000       0.7149
 221.000       0.6156
 222.000       0.6979
 223.000       0.7919
 224.000       0.6843
 225.000       0.7007
 226.000       0.9037
 227.000       0.8981
 228.000       0.7732
 229.000       0.8551
 230.000       1.0268
 231.000       1.0071
 232.000       0.9244
 233.000       1.0968
 234.000       1.2651
 235.000       1.2362
 236.000       1.2915
 237.000       1.0168
 238.000       0.9777
 239.000       0.7859
 240.000       0.6664
 241.000       0.6606
 242.000       0.6713
 243.000       0.7980
 244.000       0.7651
 245.000       0.6904
 246.000       0.8720
 247.000       1.0001
 248.000       0.9723
 249.000       1.1002
 250.000       1.5002
 251.000       1.5432
 252.000       1.4158
 253.000       1.4016
 254.000       1.1718
 255.000       1.0244
 256.000       1.1426
 257.000       1.1566
 258.000       1.0315
 259.000       1.0190
 260.000       1.5715
 261.000       1.1095
 262.000       0.8874
 263.000       0.8920
 264.000       0.7841
 265.000       0.8234
 266.000       0.8754
 267.000       0.8800
 268.000       1.1791
 269.000       1.2511
 270.000       1.4063
 271.000       1.4920
 272.000       1.9092
 273.000       2.6237
 274.000       2.6972
 275.000       3.5518
 276.000       4.8506
 277.000       4.9395
 278.000       5.8734
 279.000       6.9771
 280.000       7.5509
