#Res             RMSF
 558.000       1.7219
 559.000       1.0009
 560.000       0.6976
 561.000       0.5446
 562.000       0.7022
 563.000       0.6835
 564.000       0.5381
 565.000       0.5925
 566.000       0.4573
 567.000       0.4752
 568.000       0.4220
 569.000       0.5377
 570.000       0.4976
 571.000       0.6163
 572.000       0.5275
 573.000       0.4531
 574.000       0.4653
 575.000       0.5539
 576.000       0.5972
 577.000       0.5720
 578.000       0.8100
 579.000       0.8926
 580.000       0.7302
 581.000       0.8340
 582.000       0.6142
 583.000       0.7000
 584.000       1.1168
 585.000       0.6470
 586.000       0.7114
 587.000       1.3228
 588.000       1.0774
 589.000       0.6326
 590.000       0.4504
 591.000       0.3628
 592.000       0.3697
 593.000       0.4107
 594.000       0.3931
 595.000       0.3797
 596.000       0.4021
 597.000       0.4439
 598.000       0.4448
 599.000       0.4227
 600.000       0.4473
 601.000       0.4649
 602.000       0.4598
 603.000       0.4746
 604.000       0.4974
 605.000       0.4356
 606.000       0.4274
 607.000       0.4604
 608.000       0.4786
 609.000       0.4198
 610.000       0.4806
 611.000       0.5586
 612.000       0.5558
 613.000       0.4933
 614.000       0.6432
 615.000       0.7753
 616.000       0.7544
 617.000       0.7919
 618.000       0.6117
 619.000       0.6257
 620.000       0.5128
 621.000       0.3907
 622.000       0.4039
 623.000       0.3950
 624.000       0.4234
 625.000       0.4042
 626.000       0.4201
 627.000       0.5239
 628.000       0.5265
 629.000       0.5423
 630.000       0.8100
 631.000       1.0799
 632.000       1.0681
 633.000       0.9202
 634.000       1.0042
 635.000       0.7374
 636.000       0.7385
 637.000       0.8872
 638.000       0.8120
 639.000       0.7993
 640.000       0.9053
 641.000       1.3400
 642.000       0.7406
 643.000       0.5911
 644.000       0.5110
 645.000       0.4840
 646.000       0.5106
 647.000       0.4787
 648.000       0.5345
 649.000       0.5857
 650.000       0.5575
 651.000       0.5599
 652.000       0.6769
 653.000       0.7528
 654.000       0.7665
 655.000       0.7854
 656.000       0.9329
 657.000       0.9017
 658.000       0.7924
 659.000       0.9204
 660.000       1.3023
 661.000       2.2519
