#Res             RMSF
  98.000       1.1244
  99.000       0.7870
 100.000       0.8349
 101.000       0.8808
 102.000       0.5756
 103.000       0.5863
 104.000       0.4537
 105.000       0.4804
 106.000       0.4914
 107.000       0.3647
 108.000       0.3215
 109.000       0.3919
 110.000       0.3674
 111.000       0.3223
 112.000       0.3249
 113.000       0.3724
 114.000       0.4115
 115.000       0.3995
 116.000       0.3544
 117.000       0.4051
 118.000       0.3794
 119.000       0.3862
 120.000       0.4176
 121.000       0.4593
 122.000       0.4503
 123.000       0.3639
 124.000       0.3834
 125.000       0.4428
 126.000       0.4248
 127.000       0.3502
 128.000       0.3788
 129.000       0.4851
 130.000       0.4633
 131.000       0.4482
 132.000       0.4804
 133.000       0.5067
 134.000       0.4582
 135.000       0.4829
 136.000       0.5187
 137.000       0.4881
 138.000       0.4039
 139.000       0.3777
 140.000       0.4229
 141.000       0.3525
 142.000       0.3266
 143.000       0.3625
 144.000       0.3872
 145.000       0.3359
 146.000       0.3334
 147.000       0.4548
 148.000       0.5637
 149.000       0.5211
 150.000       0.5660
 151.000       0.5470
 152.000       0.5766
 153.000       0.5032
 154.000       0.3816
 155.000       0.4207
 156.000       0.4284
 157.000       0.4232
 158.000       0.3519
 159.000       0.3809
 160.000       0.3790
 161.000       0.3756
 162.000       0.3513
 163.000       0.4137
 164.000       0.4832
 165.000       0.5615
 166.000       0.6396
 167.000       0.7218
 168.000       0.6820
 169.000       0.6583
 170.000       0.4958
 171.000       0.4940
 172.000       0.6287
 173.000       0.7815
 174.000       1.5894
 175.000       3.3845
