#Res             RMSF
 377.000       3.3575
 378.000       2.3658
 379.000       1.6256
 380.000       0.9190
 381.000       0.5865
 382.000       0.5839
 383.000       0.5778
 384.000       0.5923
 385.000       0.5811
 386.000       0.5707
 387.000       0.4918
 388.000       0.5083
 389.000       0.5972
 390.000       0.4924
 391.000       0.4457
 392.000       0.5696
 393.000       0.5541
 394.000       0.4913
 395.000       0.5012
 396.000       0.6161
 397.000       0.6529
 398.000       0.6577
 399.000       0.6605
 400.000       0.5931
 401.000       0.5073
 402.000       0.5335
 403.000       0.6806
 404.000       0.5896
 405.000       0.5718
 406.000       0.5660
 407.000       0.4254
 408.000       0.4246
 409.000       0.4892
 410.000       0.4636
 411.000       0.3903
 412.000       0.4463
 413.000       0.5300
 414.000       0.5296
 415.000       0.5350
 416.000       0.6191
 417.000       0.8437
 418.000       0.7795
 419.000       0.8017
 420.000       0.8026
 421.000       0.9498
 422.000       0.5677
 423.000       0.5404
 424.000       0.4961
 425.000       0.5653
 426.000       0.6194
 427.000       0.5285
 428.000       0.4123
 429.000       0.3993
 430.000       0.4641
 431.000       0.4269
 432.000       0.3526
 433.000       0.3735
 434.000       0.4330
 435.000       0.4135
 436.000       0.4279
 437.000       0.4205
 438.000       0.4066
 439.000       0.4419
 440.000       0.4000
 441.000       0.3665
 442.000       0.4360
 443.000       0.3804
 444.000       0.3480
 445.000       0.4184
 446.000       0.4149
 447.000       0.3576
 448.000       0.4206
 449.000       0.5011
 450.000       0.4255
 451.000       0.4633
 452.000       0.5815
 453.000       0.5427
 454.000       0.6261
 455.000       0.7534
 456.000       0.6205
 457.000       0.5885
 458.000       0.4519
 459.000       0.3814
 460.000       0.5069
 461.000       0.5706
 462.000       0.5478
 463.000       0.3769
 464.000       0.4451
 465.000       0.5250
 466.000       0.4696
 467.000       0.4652
 468.000       0.5906
 469.000       0.6606
 470.000       0.6601
 471.000       0.6957
 472.000       0.8777
 473.000       0.9673
 474.000       2.0536
 475.000       2.4025
