#Res             RMSF
   1.000       3.0745
   2.000       1.7316
   3.000       1.0122
   4.000       0.5551
   5.000       0.5504
   6.000       0.5085
   7.000       0.4951
   8.000       0.5007
   9.000       0.4740
  10.000       0.4402
  11.000       0.4552
  12.000       0.4861
  13.000       0.4365
  14.000       0.3836
  15.000       0.4636
  16.000       0.4900
  17.000       0.4481
  18.000       0.4280
  19.000       0.5218
  20.000       0.5856
  21.000       0.6095
  22.000       0.6145
  23.000       0.5101
  24.000       0.4737
  25.000       0.4237
  26.000       0.4454
  27.000       0.4813
  28.000       0.5221
  29.000       0.4902
  30.000       0.4264
  31.000       0.4721
  32.000       0.5167
  33.000       0.4633
  34.000       0.3944
  35.000       0.4606
  36.000       0.5397
  37.000       0.4823
  38.000       0.4874
  39.000       0.6938
  40.000       0.8284
  41.000       0.7213
  42.000       0.7026
  43.000       0.7767
  44.000       0.9449
  45.000       0.5371
  46.000       0.5467
  47.000       0.5332
  48.000       0.5561
  49.000       0.5985
  50.000       0.5442
  51.000       0.4476
  52.000       0.4043
  53.000       0.4301
  54.000       0.4543
  55.000       0.4243
  56.000       0.3562
  57.000       0.4007
  58.000       0.4470
  59.000       0.4421
  60.000       0.3966
  61.000       0.4158
  62.000       0.4578
  63.000       0.4484
  64.000       0.4092
  65.000       0.4605
  66.000       0.4227
  67.000       0.3687
  68.000       0.3994
  69.000       0.4105
  70.000       0.3604
  71.000       0.3685
  72.000       0.4647
  73.000       0.4483
  74.000       0.4214
  75.000       0.4549
  76.000       0.5087
  77.000       0.5690
  78.000       0.6395
  79.000       0.5235
  80.000       0.5289
  81.000       0.4315
  82.000       0.3701
  83.000       0.4244
  84.000       0.4889
  85.000       0.4764
  86.000       0.3975
  87.000       0.4994
  88.000       0.5745
  89.000       0.5132
  90.000       0.6773
  91.000       0.7858
  92.000       0.7896
  93.000       0.7989
  94.000       1.1537
  95.000       1.2943
  96.000       1.6012
  97.000       2.7331
