#Res             RMSF
 281.000       3.7885
 282.000       2.3477
 283.000       2.6152
 284.000       1.8398
 285.000       1.4191
 286.000       1.0222
 287.000       1.0842
 288.000       1.1910
 289.000       1.0308
 290.000       1.1384
 291.000       0.8389
 292.000       0.6320
 293.000       0.5815
 294.000       0.6601
 295.000       0.6166
 296.000       0.5464
 297.000       0.6482
 298.000       0.7386
 299.000       0.6766
 300.000       0.6897
 301.000       0.8902
 302.000       0.8661
 303.000       0.7122
 304.000       0.6582
 305.000       0.6133
 306.000       0.7479
 307.000       0.9071
 308.000       0.9199
 309.000       0.7179
 310.000       0.7601
 311.000       0.8370
 312.000       0.6816
 313.000       0.6369
 314.000       0.7588
 315.000       0.7054
 316.000       1.2166
 317.000       1.8535
 318.000       1.6401
 319.000       0.8867
 320.000       0.7387
 321.000       0.5762
 322.000       0.5729
 323.000       0.6302
 324.000       0.4532
 325.000       0.5102
 326.000       0.5997
 327.000       0.4907
 328.000       0.4374
 329.000       0.4977
 330.000       0.5096
 331.000       0.4396
 332.000       0.4998
 333.000       0.6612
 334.000       0.7266
 335.000       0.7888
 336.000       0.9122
 337.000       0.6475
 338.000       0.9752
 339.000       0.6285
 340.000       0.4722
 341.000       0.4832
 342.000       0.5249
 343.000       0.5303
 344.000       0.4238
 345.000       0.4143
 346.000       0.4459
 347.000       0.4099
 348.000       0.4055
 349.000       0.4578
 350.000       0.5410
 351.000       0.5516
 352.000       0.5052
 353.000       0.5019
 354.000       0.6171
 355.000       0.9700
 356.000       0.9264
 357.000       0.6495
 358.000       0.5369
 359.000       0.6384
 360.000       0.5629
 361.000       0.4736
 362.000       0.4614
 363.000       0.4945
 364.000       0.4722
 365.000       0.4461
 366.000       0.5104
 367.000       0.5236
 368.000       0.4630
 369.000       0.4996
 370.000       0.5776
 371.000       0.5724
 372.000       0.5698
 373.000       0.7211
 374.000       1.0790
 375.000       1.7402
 376.000       2.9757
