#Res             RMSF
 662.000       1.2174
 663.000       1.0317
 664.000       0.8406
 665.000       0.6122
 666.000       0.4398
 667.000       0.4493
 668.000       0.4703
 669.000       0.4467
 670.000       0.4211
 671.000       0.4130
 672.000       0.4504
 673.000       0.4102
 674.000       0.4113
 675.000       0.5719
 676.000       0.6037
 677.000       0.5737
 678.000       0.5558
 679.000       0.7092
 680.000       0.7741
 681.000       0.5839
 682.000       0.5589
 683.000       0.4719
 684.000       0.5396
 685.000       0.6142
 686.000       0.6553
 687.000       0.4814
 688.000       0.4513
 689.000       0.5460
 690.000       0.4965
 691.000       0.4058
 692.000       0.4312
 693.000       0.4901
 694.000       0.4271
 695.000       0.4538
 696.000       0.4676
 697.000       0.4561
 698.000       0.4653
 699.000       0.4111
 700.000       0.4512
 701.000       0.4721
 702.000       0.4038
 703.000       0.4586
 704.000       0.5264
 705.000       0.4350
 706.000       0.3707
 707.000       0.4499
 708.000       0.4377
 709.000       0.3827
 710.000       0.4592
 711.000       0.5392
 712.000       0.6091
 713.000       0.7058
 714.000       0.7544
 715.000       0.7036
 716.000       0.7442
 717.000       0.5900
 718.000       0.4204
 719.000       0.4238
 720.000       0.4446
 721.000       0.4545
 722.000       0.3800
 723.000       0.3699
 724.000       0.4230
 725.000       0.3808
 726.000       0.3618
 727.000       0.4132
 728.000       0.4622
 729.000       0.4582
 730.000       0.4780
 731.000       0.5470
 732.000       0.7964
 733.000       0.9362
 734.000       0.9766
 735.000       0.6912
 736.000       0.5233
 737.000       0.6088
 738.000       0.5549
 739.000       0.4720
 740.000       0.4251
 741.000       0.4625
 742.000       0.4479
 743.000       0.4348
 744.000       0.4662
 745.000       0.4722
 746.000       0.4164
 747.000       0.4818
 748.000       0.5659
 749.000       0.5737
 750.000       0.5799
 751.000       0.8039
 752.000       1.2451
 753.000       2.5287
