#Res             RMSF
  98.000       1.2099
  99.000       0.7775
 100.000       0.8401
 101.000       0.8692
 102.000       0.6154
 103.000       0.6002
 104.000       0.4205
 105.000       0.5045
 106.000       0.4998
 107.000       0.3620
 108.000       0.3363
 109.000       0.3825
 110.000       0.3967
 111.000       0.3421
 112.000       0.3361
 113.000       0.3904
 114.000       0.4194
 115.000       0.4212
 116.000       0.3597
 117.000       0.3690
 118.000       0.3806
 119.000       0.3698
 120.000       0.4117
 121.000       0.4602
 122.000       0.4409
 123.000       0.3303
 124.000       0.3772
 125.000       0.4727
 126.000       0.4273
 127.000       0.3307
 128.000       0.3728
 129.000       0.5226
 130.000       0.4632
 131.000       0.4270
 132.000       0.5253
 133.000       0.5770
 134.000       0.4875
 135.000       0.4742
 136.000       0.5088
 137.000       0.4893
 138.000       0.3703
 139.000       0.3567
 140.000       0.4059
 141.000       0.3222
 142.000       0.2777
 143.000       0.2826
 144.000       0.3181
 145.000       0.3132
 146.000       0.3120
 147.000       0.4255
 148.000       0.5455
 149.000       0.5031
 150.000       0.5597
 151.000       0.5169
 152.000       0.5580
 153.000       0.4306
 154.000       0.3828
 155.000       0.3999
 156.000       0.3845
 157.000       0.4021
 158.000       0.3407
 159.000       0.3556
 160.000       0.3522
 161.000       0.3042
 162.000       0.3130
 163.000       0.3981
 164.000       0.4158
 165.000       0.4591
 166.000       0.5914
 167.000       0.7445
 168.000       0.7919
 169.000       0.7082
 170.000       0.4376
 171.000       0.4489
 172.000       0.5911
 173.000       0.6962
 174.000       1.1586
 175.000       2.4541
