#Res             RMSF
  98.000       1.1532
  99.000       0.7624
 100.000       0.7850
 101.000       0.7723
 102.000       0.5416
 103.000       0.5288
 104.000       0.4390
 105.000       0.4772
 106.000       0.5075
 107.000       0.3771
 108.000       0.3487
 109.000       0.4015
 110.000       0.3750
 111.000       0.3377
 112.000       0.3779
 113.000       0.4277
 114.000       0.4388
 115.000       0.4550
 116.000       0.3940
 117.000       0.4368
 118.000       0.4058
 119.000       0.3999
 120.000       0.4481
 121.000       0.4922
 122.000       0.4751
 123.000       0.3471
 124.000       0.3907
 125.000       0.4769
 126.000       0.4364
 127.000       0.3656
 128.000       0.4091
 129.000       0.5012
 130.000       0.4596
 131.000       0.4500
 132.000       0.5181
 133.000       0.5661
 134.000       0.4996
 135.000       0.4874
 136.000       0.5267
 137.000       0.5279
 138.000       0.4071
 139.000       0.3745
 140.000       0.4217
 141.000       0.3527
 142.000       0.3230
 143.000       0.3251
 144.000       0.3756
 145.000       0.3675
 146.000       0.3579
 147.000       0.4752
 148.000       0.5880
 149.000       0.5443
 150.000       0.6026
 151.000       0.5253
 152.000       0.6012
 153.000       0.4471
 154.000       0.3939
 155.000       0.4390
 156.000       0.4498
 157.000       0.4625
 158.000       0.3874
 159.000       0.3712
 160.000       0.4079
 161.000       0.3844
 162.000       0.3592
 163.000       0.4351
 164.000       0.5293
 165.000       0.6470
 166.000       0.7062
 167.000       0.8470
 168.000       0.7549
 169.000       0.7933
 170.000       0.5776
 171.000       0.5947
 172.000       0.6828
 173.000       0.9711
 174.000       1.6972
 175.000       3.0154
