#Res             RMSF
 281.000       4.8261
 282.000       2.9930
 283.000       2.2209
 284.000       1.7516
 285.000       1.2796
 286.000       1.0382
 287.000       0.5972
 288.000       0.6361
 289.000       0.7008
 290.000       0.7427
 291.000       0.6431
 292.000       0.5553
 293.000       0.5464
 294.000       0.5724
 295.000       0.4860
 296.000       0.4775
 297.000       0.6093
 298.000       0.7116
 299.000       0.6440
 300.000       0.8344
 301.000       1.0176
 302.000       0.8837
 303.000       0.7414
 304.000       0.6847
 305.000       0.6070
 306.000       0.6759
 307.000       0.7302
 308.000       0.7951
 309.000       0.6686
 310.000       0.5986
 311.000       0.6858
 312.000       0.6501
 313.000       0.5527
 314.000       0.5735
 315.000       0.6320
 316.000       0.5758
 317.000       0.5304
 318.000       0.6024
 319.000       0.6028
 320.000       0.5202
 321.000       0.4722
 322.000       0.5351
 323.000       0.5069
 324.000       0.4399
 325.000       0.4849
 326.000       0.5296
 327.000       0.4735
 328.000       0.3851
 329.000       0.4862
 330.000       0.5637
 331.000       0.5402
 332.000       0.5762
 333.000       0.6680
 334.000       0.7315
 335.000       0.8828
 336.000       0.8621
 337.000       0.8839
 338.000       0.9370
 339.000       0.7060
 340.000       0.5089
 341.000       0.4995
 342.000       0.5002
 343.000       0.5163
 344.000       0.4680
 345.000       0.4073
 346.000       0.4276
 347.000       0.4487
 348.000       0.4531
 349.000       0.4541
 350.000       0.5135
 351.000       0.5333
 352.000       0.5817
 353.000       0.5989
 354.000       0.8261
 355.000       0.9086
 356.000       1.0121
 357.000       0.6719
 358.000       0.5245
 359.000       0.6405
 360.000       0.5442
 361.000       0.4614
 362.000       0.4750
 363.000       0.5120
 364.000       0.4603
 365.000       0.4345
 366.000       0.5015
 367.000       0.5311
 368.000       0.4769
 369.000       0.4809
 370.000       0.6141
 371.000       0.6418
 372.000       0.5749
 373.000       0.7344
 374.000       1.4067
 375.000       2.3160
 376.000       3.5834
