#Res             RMSF
 281.000       5.2359
 282.000       3.3728
 283.000       2.4069
 284.000       1.6348
 285.000       1.1731
 286.000       1.0863
 287.000       0.6193
 288.000       0.6627
 289.000       0.7519
 290.000       0.7856
 291.000       0.6837
 292.000       0.6141
 293.000       0.5842
 294.000       0.6049
 295.000       0.5056
 296.000       0.4931
 297.000       0.6343
 298.000       0.7471
 299.000       0.6640
 300.000       0.8829
 301.000       1.0886
 302.000       0.9216
 303.000       0.7771
 304.000       0.6926
 305.000       0.6092
 306.000       0.6705
 307.000       0.7276
 308.000       0.8080
 309.000       0.6841
 310.000       0.6084
 311.000       0.6799
 312.000       0.6408
 313.000       0.5563
 314.000       0.5553
 315.000       0.5925
 316.000       0.5539
 317.000       0.5362
 318.000       0.5917
 319.000       0.5760
 320.000       0.5119
 321.000       0.4586
 322.000       0.5229
 323.000       0.5149
 324.000       0.4403
 325.000       0.4953
 326.000       0.5430
 327.000       0.4854
 328.000       0.3849
 329.000       0.4732
 330.000       0.5687
 331.000       0.5434
 332.000       0.5942
 333.000       0.6899
 334.000       0.7638
 335.000       0.8838
 336.000       0.8495
 337.000       0.8572
 338.000       0.7661
 339.000       0.6297
 340.000       0.4990
 341.000       0.4913
 342.000       0.4803
 343.000       0.5217
 344.000       0.4855
 345.000       0.4093
 346.000       0.4402
 347.000       0.4544
 348.000       0.4628
 349.000       0.4619
 350.000       0.5135
 351.000       0.5260
 352.000       0.5449
 353.000       0.5588
 354.000       0.7449
 355.000       0.8520
 356.000       0.8951
 357.000       0.6157
 358.000       0.5165
 359.000       0.6221
 360.000       0.5199
 361.000       0.4437
 362.000       0.4427
 363.000       0.4859
 364.000       0.4533
 365.000       0.4141
 366.000       0.4668
 367.000       0.5108
 368.000       0.4504
 369.000       0.4477
 370.000       0.5712
 371.000       0.5831
 372.000       0.5450
 373.000       0.7350
 374.000       0.8585
 375.000       1.0152
 376.000       1.9629
