#Res             RMSF
 281.000       2.8766
 282.000       1.6370
 283.000       1.0831
 284.000       0.9044
 285.000       0.8937
 286.000       0.6714
 287.000       0.5304
 288.000       0.4259
 289.000       0.4418
 290.000       0.4877
 291.000       0.4641
 292.000       0.4049
 293.000       0.4165
 294.000       0.4799
 295.000       0.4246
 296.000       0.4287
 297.000       0.5413
 298.000       0.5964
 299.000       0.5830
 300.000       0.6085
 301.000       0.8586
 302.000       0.7657
 303.000       0.6035
 304.000       0.5963
 305.000       0.4859
 306.000       0.4942
 307.000       0.5251
 308.000       0.5380
 309.000       0.4468
 310.000       0.4233
 311.000       0.4566
 312.000       0.4426
 313.000       0.3941
 314.000       0.3903
 315.000       0.4386
 316.000       0.3980
 317.000       0.3546
 318.000       0.4096
 319.000       0.4460
 320.000       0.4130
 321.000       0.3497
 322.000       0.3947
 323.000       0.3938
 324.000       0.3871
 325.000       0.4420
 326.000       0.4958
 327.000       0.4034
 328.000       0.3510
 329.000       0.4504
 330.000       0.4374
 331.000       0.3830
 332.000       0.4194
 333.000       0.5107
 334.000       0.5379
 335.000       0.6359
 336.000       0.6908
 337.000       0.6857
 338.000       0.8515
 339.000       0.5701
 340.000       0.4611
 341.000       0.4375
 342.000       0.4775
 343.000       0.4826
 344.000       0.4039
 345.000       0.3787
 346.000       0.3910
 347.000       0.4125
 348.000       0.3941
 349.000       0.3996
 350.000       0.4522
 351.000       0.5144
 352.000       0.5105
 353.000       0.5546
 354.000       0.7772
 355.000       0.8613
 356.000       1.0583
 357.000       0.6538
 358.000       0.4494
 359.000       0.5870
 360.000       0.5226
 361.000       0.4526
 362.000       0.4969
 363.000       0.5146
 364.000       0.4519
 365.000       0.4378
 366.000       0.5240
 367.000       0.5099
 368.000       0.4698
 369.000       0.5042
 370.000       0.6214
 371.000       0.6145
 372.000       0.5420
 373.000       0.6877
 374.000       1.5995
 375.000       2.8312
 376.000       4.5521
