#Res             RMSF
 377.000       2.9474
 378.000       2.2364
 379.000       1.5279
 380.000       0.9501
 381.000       0.6371
 382.000       0.6067
 383.000       0.5762
 384.000       0.5715
 385.000       0.5291
 386.000       0.5000
 387.000       0.4525
 388.000       0.4679
 389.000       0.5268
 390.000       0.4604
 391.000       0.4224
 392.000       0.5406
 393.000       0.5573
 394.000       0.5120
 395.000       0.5395
 396.000       0.6437
 397.000       0.7034
 398.000       0.6873
 399.000       0.6580
 400.000       0.5558
 401.000       0.4633
 402.000       0.4339
 403.000       0.5119
 404.000       0.4799
 405.000       0.5001
 406.000       0.5106
 407.000       0.4008
 408.000       0.4138
 409.000       0.4677
 410.000       0.4365
 411.000       0.3869
 412.000       0.4498
 413.000       0.5138
 414.000       0.5192
 415.000       0.5366
 416.000       0.6692
 417.000       0.9280
 418.000       0.8207
 419.000       0.7388
 420.000       0.7676
 421.000       0.9242
 422.000       0.5725
 423.000       0.6218
 424.000       0.6093
 425.000       0.6683
 426.000       0.7649
 427.000       0.6338
 428.000       0.5082
 429.000       0.4339
 430.000       0.5370
 431.000       0.5951
 432.000       0.4856
 433.000       0.4121
 434.000       0.5046
 435.000       0.5159
 436.000       0.4611
 437.000       0.4470
 438.000       0.4992
 439.000       0.5016
 440.000       0.4551
 441.000       0.4579
 442.000       0.5544
 443.000       0.5109
 444.000       0.4278
 445.000       0.4753
 446.000       0.5100
 447.000       0.4481
 448.000       0.4295
 449.000       0.4905
 450.000       0.4844
 451.000       0.4844
 452.000       0.5155
 453.000       0.5651
 454.000       0.6337
 455.000       0.6789
 456.000       0.5447
 457.000       0.5701
 458.000       0.4939
 459.000       0.4616
 460.000       0.5357
 461.000       0.5502
 462.000       0.5492
 463.000       0.4866
 464.000       0.5730
 465.000       0.5735
 466.000       0.5251
 467.000       0.6786
 468.000       0.7734
 469.000       0.7825
 470.000       0.7607
 471.000       1.0803
 472.000       2.2933
 473.000       2.4633
 474.000       2.5217
 475.000       3.8361
