#Res             RMSF
 377.000       2.8068
 378.000       2.1451
 379.000       1.5594
 380.000       0.9841
 381.000       0.6034
 382.000       0.5773
 383.000       0.5762
 384.000       0.5596
 385.000       0.4922
 386.000       0.4725
 387.000       0.4319
 388.000       0.4436
 389.000       0.4882
 390.000       0.4289
 391.000       0.4171
 392.000       0.5215
 393.000       0.5285
 394.000       0.5037
 395.000       0.5366
 396.000       0.6107
 397.000       0.6903
 398.000       0.6772
 399.000       0.6603
 400.000       0.5657
 401.000       0.4842
 402.000       0.4545
 403.000       0.5075
 404.000       0.4826
 405.000       0.4837
 406.000       0.4935
 407.000       0.3971
 408.000       0.4073
 409.000       0.4501
 410.000       0.4187
 411.000       0.3759
 412.000       0.4304
 413.000       0.4892
 414.000       0.4817
 415.000       0.4830
 416.000       0.6037
 417.000       0.8513
 418.000       0.7534
 419.000       0.6785
 420.000       0.7054
 421.000       0.8467
 422.000       0.5461
 423.000       0.5793
 424.000       0.6102
 425.000       0.6820
 426.000       0.7831
 427.000       0.6349
 428.000       0.5276
 429.000       0.4491
 430.000       0.5523
 431.000       0.6206
 432.000       0.5157
 433.000       0.4302
 434.000       0.5285
 435.000       0.5428
 436.000       0.4847
 437.000       0.4643
 438.000       0.5128
 439.000       0.5173
 440.000       0.4688
 441.000       0.4703
 442.000       0.5491
 443.000       0.5153
 444.000       0.4574
 445.000       0.5080
 446.000       0.5459
 447.000       0.4753
 448.000       0.4502
 449.000       0.5183
 450.000       0.5161
 451.000       0.5080
 452.000       0.5439
 453.000       0.5850
 454.000       0.6639
 455.000       0.7246
 456.000       0.5769
 457.000       0.5819
 458.000       0.4969
 459.000       0.4757
 460.000       0.5426
 461.000       0.5538
 462.000       0.5679
 463.000       0.5097
 464.000       0.5918
 465.000       0.6047
 466.000       0.5630
 467.000       0.7217
 468.000       0.7627
 469.000       0.7786
 470.000       0.7300
 471.000       1.0297
 472.000       2.2321
 473.000       2.7308
 474.000       2.6063
 475.000       3.4894
