#Res             RMSF
 476.000       2.3723
 477.000       1.6308
 478.000       1.0792
 479.000       0.9357
 480.000       0.5964
 481.000       0.5579
 482.000       0.7867
 483.000       0.8839
 484.000       0.6448
 485.000       0.6042
 486.000       0.5381
 487.000       0.5582
 488.000       0.5413
 489.000       0.4024
 490.000       0.3638
 491.000       0.4461
 492.000       0.4340
 493.000       0.3722
 494.000       0.3869
 495.000       0.4226
 496.000       0.4495
 497.000       0.4486
 498.000       0.3921
 499.000       0.4393
 500.000       0.4225
 501.000       0.4176
 502.000       0.4425
 503.000       0.4946
 504.000       0.5171
 505.000       0.5132
 506.000       0.4623
 507.000       0.5423
 508.000       0.5269
 509.000       0.3980
 510.000       0.4325
 511.000       0.5108
 512.000       0.5240
 513.000       0.4647
 514.000       0.4870
 515.000       0.5502
 516.000       0.5135
 517.000       0.5012
 518.000       0.5105
 519.000       0.5095
 520.000       0.4371
 521.000       0.3931
 522.000       0.4290
 523.000       0.3738
 524.000       0.3606
 525.000       0.3973
 526.000       0.4317
 527.000       0.3962
 528.000       0.3728
 529.000       0.4915
 530.000       0.5442
 531.000       0.5591
 532.000       0.6206
 533.000       0.5235
 534.000       0.6671
 535.000       0.5209
 536.000       0.4554
 537.000       0.4848
 538.000       0.4946
 539.000       0.5203
 540.000       0.4146
 541.000       0.4113
 542.000       0.4847
 543.000       0.4676
 544.000       0.4246
 545.000       0.4583
 546.000       0.5335
 547.000       0.7824
 548.000       1.0122
 549.000       0.9554
 550.000       0.7038
 551.000       0.6913
 552.000       0.6313
 553.000       0.6065
 554.000       0.7573
 555.000       0.9549
 556.000       2.2023
 557.000       4.0284
