#Res             RMSF
  98.000       1.1334
  99.000       0.7455
 100.000       0.7848
 101.000       0.7704
 102.000       0.5391
 103.000       0.5200
 104.000       0.4339
 105.000       0.4709
 106.000       0.5016
 107.000       0.3815
 108.000       0.3513
 109.000       0.4015
 110.000       0.3784
 111.000       0.3396
 112.000       0.3763
 113.000       0.4252
 114.000       0.4455
 115.000       0.4524
 116.000       0.3869
 117.000       0.4302
 118.000       0.3996
 119.000       0.3951
 120.000       0.4480
 121.000       0.4988
 122.000       0.4808
 123.000       0.3791
 124.000       0.4116
 125.000       0.4991
 126.000       0.4609
 127.000       0.3727
 128.000       0.4077
 129.000       0.4937
 130.000       0.4617
 131.000       0.4509
 132.000       0.5156
 133.000       0.5643
 134.000       0.5019
 135.000       0.4884
 136.000       0.5251
 137.000       0.5146
 138.000       0.4014
 139.000       0.3732
 140.000       0.4188
 141.000       0.3492
 142.000       0.3191
 143.000       0.3228
 144.000       0.3678
 145.000       0.3601
 146.000       0.3527
 147.000       0.4732
 148.000       0.5841
 149.000       0.5514
 150.000       0.6087
 151.000       0.5287
 152.000       0.5994
 153.000       0.4532
 154.000       0.4041
 155.000       0.4432
 156.000       0.4562
 157.000       0.4594
 158.000       0.3806
 159.000       0.3700
 160.000       0.4086
 161.000       0.3838
 162.000       0.3535
 163.000       0.4306
 164.000       0.5314
 165.000       0.6272
 166.000       0.6879
 167.000       0.8288
 168.000       0.7433
 169.000       0.7903
 170.000       0.5665
 171.000       0.5777
 172.000       0.6703
 173.000       0.9510
 174.000       1.6675
 175.000       3.0854
