#Res             RMSF
 558.000       1.8667
 559.000       1.0259
 560.000       0.7295
 561.000       0.5021
 562.000       0.6828
 563.000       0.6981
 564.000       0.5640
 565.000       0.6319
 566.000       0.4223
 567.000       0.4385
 568.000       0.3849
 569.000       0.4155
 570.000       0.4594
 571.000       0.6377
 572.000       0.5696
 573.000       0.4708
 574.000       0.4931
 575.000       0.5911
 576.000       0.6029
 577.000       0.5219
 578.000       0.6607
 579.000       0.9084
 580.000       0.8375
 581.000       0.6339
 582.000       0.6489
 583.000       0.7717
 584.000       0.7320
 585.000       0.6491
 586.000       0.5542
 587.000       0.5499
 588.000       0.7290
 589.000       0.5592
 590.000       0.4382
 591.000       0.3650
 592.000       0.3879
 593.000       0.4288
 594.000       0.4061
 595.000       0.3667
 596.000       0.3993
 597.000       0.4061
 598.000       0.4159
 599.000       0.3663
 600.000       0.3881
 601.000       0.4188
 602.000       0.4033
 603.000       0.4191
 604.000       0.4729
 605.000       0.4245
 606.000       0.4318
 607.000       0.4778
 608.000       0.4816
 609.000       0.3911
 610.000       0.4474
 611.000       0.5230
 612.000       0.5166
 613.000       0.4658
 614.000       0.6735
 615.000       0.7685
 616.000       0.7320
 617.000       0.7601
 618.000       0.5791
 619.000       0.5699
 620.000       0.4880
 621.000       0.3833
 622.000       0.4030
 623.000       0.3833
 624.000       0.4202
 625.000       0.3905
 626.000       0.3905
 627.000       0.4976
 628.000       0.6267
 629.000       0.5688
 630.000       0.6700
 631.000       0.9725
 632.000       1.1081
 633.000       1.0218
 634.000       1.1545
 635.000       0.8666
 636.000       0.7861
 637.000       0.9079
 638.000       0.8292
 639.000       0.7096
 640.000       0.8310
 641.000       1.0578
 642.000       0.6286
 643.000       0.6878
 644.000       0.5002
 645.000       0.4822
 646.000       0.4896
 647.000       0.5177
 648.000       0.5312
 649.000       0.6162
 650.000       0.6661
 651.000       0.8004
 652.000       0.8291
 653.000       0.8025
 654.000       0.7148
 655.000       0.7143
 656.000       0.8217
 657.000       0.7704
 658.000       0.6971
 659.000       0.8460
 660.000       1.2584
 661.000       2.0399
