#Res             RMSF
 558.000       1.5682
 559.000       1.0125
 560.000       0.6797
 561.000       0.5696
 562.000       0.6942
 563.000       0.7426
 564.000       0.6039
 565.000       0.6456
 566.000       0.5185
 567.000       0.5687
 568.000       0.4769
 569.000       0.4957
 570.000       0.4532
 571.000       0.5897
 572.000       0.5570
 573.000       0.4677
 574.000       0.4833
 575.000       0.5595
 576.000       0.5733
 577.000       0.5847
 578.000       0.7493
 579.000       0.8556
 580.000       0.7879
 581.000       1.1239
 582.000       0.7605
 583.000       0.9646
 584.000       1.2968
 585.000       0.8933
 586.000       0.6729
 587.000       0.6309
 588.000       0.7792
 589.000       0.6126
 590.000       0.4458
 591.000       0.4079
 592.000       0.4462
 593.000       0.4910
 594.000       0.4596
 595.000       0.4277
 596.000       0.4798
 597.000       0.5042
 598.000       0.4761
 599.000       0.4660
 600.000       0.5078
 601.000       0.5130
 602.000       0.4739
 603.000       0.5604
 604.000       0.6645
 605.000       0.5641
 606.000       0.5137
 607.000       0.6362
 608.000       0.6354
 609.000       0.5071
 610.000       0.5249
 611.000       0.6359
 612.000       0.6508
 613.000       0.5689
 614.000       0.7060
 615.000       0.8540
 616.000       0.8488
 617.000       0.8609
 618.000       0.6796
 619.000       0.6875
 620.000       0.5233
 621.000       0.4370
 622.000       0.5200
 623.000       0.5920
 624.000       0.7016
 625.000       0.5808
 626.000       0.5478
 627.000       0.7082
 628.000       0.7623
 629.000       0.7076
 630.000       0.8097
 631.000       1.0030
 632.000       1.2298
 633.000       1.2176
 634.000       1.3475
 635.000       1.6258
 636.000       1.2919
 637.000       0.9874
 638.000       1.3436
 639.000       1.3143
 640.000       1.1072
 641.000       1.6535
 642.000       1.0049
 643.000       0.7456
 644.000       0.7593
 645.000       0.7308
 646.000       1.1652
 647.000       1.9637
 648.000       3.0425
 649.000       1.7734
 650.000       1.3198
 651.000       0.9480
 652.000       0.9025
 653.000       0.9349
 654.000       0.8735
 655.000       0.8754
 656.000       1.0157
 657.000       1.0452
 658.000       0.9628
 659.000       1.0849
 660.000       1.3894
 661.000       2.0246
