#Res             RMSF
 176.000       1.6072
 177.000       1.2669
 178.000       0.8950
 179.000       0.6362
 180.000       0.5193
 181.000       0.6982
 182.000       0.6534
 183.000       0.5938
 184.000       0.6712
 185.000       0.4981
 186.000       0.5133
 187.000       0.4337
 188.000       0.4823
 189.000       0.4294
 190.000       0.5372
 191.000       0.5030
 192.000       0.4430
 193.000       0.4498
 194.000       0.5490
 195.000       0.5414
 196.000       0.5436
 197.000       0.6851
 198.000       0.7533
 199.000       0.8533
 200.000       1.1172
 201.000       0.8171
 202.000       1.0030
 203.000       0.9543
 204.000       0.7313
 205.000       0.5963
 206.000       0.5617
 207.000       0.6150
 208.000       0.5436
 209.000       0.4502
 210.000       0.3906
 211.000       0.4334
 212.000       0.4821
 213.000       0.4458
 214.000       0.4046
 215.000       0.4632
 216.000       0.5049
 217.000       0.4733
 218.000       0.4659
 219.000       0.5173
 220.000       0.5275
 221.000       0.4954
 222.000       0.5472
 223.000       0.6249
 224.000       0.5161
 225.000       0.4690
 226.000       0.5139
 227.000       0.5589
 228.000       0.4693
 229.000       0.5662
 230.000       0.6857
 231.000       0.6759
 232.000       0.6174
 233.000       0.8483
 234.000       1.0071
 235.000       0.9465
 236.000       0.9848
 237.000       0.7235
 238.000       0.7450
 239.000       0.5545
 240.000       0.4329
 241.000       0.4311
 242.000       0.4322
 243.000       0.4886
 244.000       0.4476
 245.000       0.4583
 246.000       0.5029
 247.000       0.6097
 248.000       0.6925
 249.000       0.8421
 250.000       1.1359
 251.000       1.3065
 252.000       1.2099
 253.000       1.2364
 254.000       1.2725
 255.000       1.2315
 256.000       1.1668
 257.000       1.1718
 258.000       1.1748
 259.000       1.1100
 260.000       1.6382
 261.000       0.9329
 262.000       0.6287
 263.000       0.5411
 264.000       0.5103
 265.000       0.5092
 266.000       0.5205
 267.000       0.5587
 268.000       0.6102
 269.000       0.7057
 270.000       0.8569
 271.000       0.8111
 272.000       0.8404
 273.000       0.7923
 274.000       0.8470
 275.000       0.9807
 276.000       1.0139
 277.000       0.8908
 278.000       1.0146
 279.000       1.3909
 280.000       2.0097
