#Res             RMSF
 377.000       2.9827
 378.000       2.0526
 379.000       1.1925
 380.000       0.8391
 381.000       0.6402
 382.000       0.6040
 383.000       0.5492
 384.000       0.5751
 385.000       0.5302
 386.000       0.5025
 387.000       0.4878
 388.000       0.4924
 389.000       0.5636
 390.000       0.4855
 391.000       0.4083
 392.000       0.5030
 393.000       0.5475
 394.000       0.4978
 395.000       0.4831
 396.000       0.5665
 397.000       0.5764
 398.000       0.4696
 399.000       0.5158
 400.000       0.4350
 401.000       0.3809
 402.000       0.3646
 403.000       0.4097
 404.000       0.4275
 405.000       0.4621
 406.000       0.4751
 407.000       0.3818
 408.000       0.3874
 409.000       0.4198
 410.000       0.4019
 411.000       0.3718
 412.000       0.3964
 413.000       0.4514
 414.000       0.4857
 415.000       0.4788
 416.000       0.5933
 417.000       0.8228
 418.000       0.7080
 419.000       0.6226
 420.000       0.6759
 421.000       0.9299
 422.000       0.5575
 423.000       0.5748
 424.000       0.5312
 425.000       0.5364
 426.000       0.5614
 427.000       0.5175
 428.000       0.4098
 429.000       0.3800
 430.000       0.4234
 431.000       0.4700
 432.000       0.3972
 433.000       0.3324
 434.000       0.3699
 435.000       0.3849
 436.000       0.3747
 437.000       0.3258
 438.000       0.3756
 439.000       0.3913
 440.000       0.3586
 441.000       0.3495
 442.000       0.4346
 443.000       0.3492
 444.000       0.3397
 445.000       0.3891
 446.000       0.3621
 447.000       0.3161
 448.000       0.3451
 449.000       0.3958
 450.000       0.3891
 451.000       0.4101
 452.000       0.4259
 453.000       0.4775
 454.000       0.5438
 455.000       0.5718
 456.000       0.4442
 457.000       0.4855
 458.000       0.4071
 459.000       0.3712
 460.000       0.4679
 461.000       0.4613
 462.000       0.4486
 463.000       0.3870
 464.000       0.4257
 465.000       0.4938
 466.000       0.4385
 467.000       0.4832
 468.000       0.6223
 469.000       0.6625
 470.000       0.7715
 471.000       0.9201
 472.000       1.8736
 473.000       1.5410
 474.000       1.6638
 475.000       3.2207
