#Res             RMSF
   1.000       2.9176
   2.000       1.7486
   3.000       1.0555
   4.000       0.6494
   5.000       0.6572
   6.000       0.5693
   7.000       0.5305
   8.000       0.5738
   9.000       0.5344
  10.000       0.4684
  11.000       0.4996
  12.000       0.5204
  13.000       0.4442
  14.000       0.3897
  15.000       0.4725
  16.000       0.4881
  17.000       0.4876
  18.000       0.5145
  19.000       0.6024
  20.000       0.7020
  21.000       0.9489
  22.000       0.6839
  23.000       0.5505
  24.000       0.4707
  25.000       0.4753
  26.000       0.5102
  27.000       0.5055
  28.000       0.5051
  29.000       0.4820
  30.000       0.4459
  31.000       0.4776
  32.000       0.4936
  33.000       0.4958
  34.000       0.4103
  35.000       0.4332
  36.000       0.5423
  37.000       0.5252
  38.000       0.5100
  39.000       0.6335
  40.000       0.8293
  41.000       0.7435
  42.000       0.7160
  43.000       0.8121
  44.000       0.9349
  45.000       0.5908
  46.000       0.5649
  47.000       0.5449
  48.000       0.5630
  49.000       0.6086
  50.000       0.6129
  51.000       0.4909
  52.000       0.4081
  53.000       0.4842
  54.000       0.5164
  55.000       0.4284
  56.000       0.3811
  57.000       0.5135
  58.000       0.4960
  59.000       0.4805
  60.000       0.5615
  61.000       0.4418
  62.000       0.4032
  63.000       0.4030
  64.000       0.3601
  65.000       0.4033
  66.000       0.3554
  67.000       0.3238
  68.000       0.3488
  69.000       0.3435
  70.000       0.3081
  71.000       0.3406
  72.000       0.3964
  73.000       0.3840
  74.000       0.3846
  75.000       0.4236
  76.000       0.4499
  77.000       0.4933
  78.000       0.5731
  79.000       0.4492
  80.000       0.5217
  81.000       0.4065
  82.000       0.3511
  83.000       0.4179
  84.000       0.4395
  85.000       0.4245
  86.000       0.3502
  87.000       0.4184
  88.000       0.5095
  89.000       0.4525
  90.000       0.4297
  91.000       0.4731
  92.000       0.5469
  93.000       0.5401
  94.000       0.5778
  95.000       0.7091
  96.000       0.8144
  97.000       0.9311
