#Res             RMSF
 176.000       1.5484
 177.000       1.2448
 178.000       0.8650
 179.000       0.6165
 180.000       0.5068
 181.000       0.6714
 182.000       0.6397
 183.000       0.5765
 184.000       0.6536
 185.000       0.4924
 186.000       0.5000
 187.000       0.4341
 188.000       0.4772
 189.000       0.4232
 190.000       0.5332
 191.000       0.5045
 192.000       0.4435
 193.000       0.4487
 194.000       0.5567
 195.000       0.5625
 196.000       0.5700
 197.000       0.6941
 198.000       0.8068
 199.000       0.8835
 200.000       1.2000
 201.000       0.8267
 202.000       0.9926
 203.000       0.9408
 204.000       0.7337
 205.000       0.6033
 206.000       0.5573
 207.000       0.6112
 208.000       0.5403
 209.000       0.4566
 210.000       0.3952
 211.000       0.4330
 212.000       0.4883
 213.000       0.4511
 214.000       0.4058
 215.000       0.4652
 216.000       0.5051
 217.000       0.4735
 218.000       0.4619
 219.000       0.5077
 220.000       0.5211
 221.000       0.4805
 222.000       0.5382
 223.000       0.6138
 224.000       0.5121
 225.000       0.4736
 226.000       0.5197
 227.000       0.5494
 228.000       0.4704
 229.000       0.5543
 230.000       0.6705
 231.000       0.6584
 232.000       0.6071
 233.000       0.8218
 234.000       0.9821
 235.000       0.9285
 236.000       0.9570
 237.000       0.7058
 238.000       0.7373
 239.000       0.5522
 240.000       0.4267
 241.000       0.4250
 242.000       0.4344
 243.000       0.4903
 244.000       0.4424
 245.000       0.4572
 246.000       0.5107
 247.000       0.6477
 248.000       0.7231
 249.000       0.9106
 250.000       1.2716
 251.000       1.4062
 252.000       1.2687
 253.000       1.3427
 254.000       1.2863
 255.000       1.2258
 256.000       1.2463
 257.000       1.2380
 258.000       1.2123
 259.000       1.2390
 260.000       1.9082
 261.000       1.0215
 262.000       0.6551
 263.000       0.5333
 264.000       0.5122
 265.000       0.5168
 266.000       0.5162
 267.000       0.5540
 268.000       0.6389
 269.000       0.7153
 270.000       0.8706
 271.000       0.8013
 272.000       0.8336
 273.000       0.7837
 274.000       0.8324
 275.000       0.9594
 276.000       0.9766
 277.000       0.8706
 278.000       1.0091
 279.000       1.3929
 280.000       2.0396
