#Res             RMSF
 476.000       2.6299
 477.000       1.9055
 478.000       1.2165
 479.000       0.9290
 480.000       0.5996
 481.000       0.5569
 482.000       0.7652
 483.000       0.8586
 484.000       0.6276
 485.000       0.6009
 486.000       0.5352
 487.000       0.5652
 488.000       0.5409
 489.000       0.3997
 490.000       0.3711
 491.000       0.4504
 492.000       0.4303
 493.000       0.3657
 494.000       0.3840
 495.000       0.4225
 496.000       0.4460
 497.000       0.4473
 498.000       0.3890
 499.000       0.4472
 500.000       0.4240
 501.000       0.4208
 502.000       0.4431
 503.000       0.4961
 504.000       0.5167
 505.000       0.4957
 506.000       0.4582
 507.000       0.5328
 508.000       0.5172
 509.000       0.3957
 510.000       0.4256
 511.000       0.5094
 512.000       0.5111
 513.000       0.4526
 514.000       0.4896
 515.000       0.5490
 516.000       0.4998
 517.000       0.4965
 518.000       0.5297
 519.000       0.5107
 520.000       0.4266
 521.000       0.3944
 522.000       0.4360
 523.000       0.3854
 524.000       0.3657
 525.000       0.4058
 526.000       0.4351
 527.000       0.3973
 528.000       0.3873
 529.000       0.5098
 530.000       0.5459
 531.000       0.5637
 532.000       0.6331
 533.000       0.5398
 534.000       0.6778
 535.000       0.5403
 536.000       0.4710
 537.000       0.5044
 538.000       0.5133
 539.000       0.5296
 540.000       0.4177
 541.000       0.4107
 542.000       0.4903
 543.000       0.4732
 544.000       0.4283
 545.000       0.4647
 546.000       0.5789
 547.000       0.8069
 548.000       0.9827
 549.000       0.9586
 550.000       0.7305
 551.000       0.7135
 552.000       0.6186
 553.000       0.6234
 554.000       0.7803
 555.000       0.9885
 556.000       2.1463
 557.000       3.9139
