#Res             RMSF
 281.000       4.6904
 282.000       2.9605
 283.000       2.1782
 284.000       1.6855
 285.000       1.2532
 286.000       0.9975
 287.000       0.6006
 288.000       0.6155
 289.000       0.6807
 290.000       0.7356
 291.000       0.6300
 292.000       0.5437
 293.000       0.5436
 294.000       0.5750
 295.000       0.4964
 296.000       0.4830
 297.000       0.6011
 298.000       0.7037
 299.000       0.6480
 300.000       0.8074
 301.000       0.9905
 302.000       0.8733
 303.000       0.7199
 304.000       0.6711
 305.000       0.5990
 306.000       0.6671
 307.000       0.7198
 308.000       0.7778
 309.000       0.6548
 310.000       0.5963
 311.000       0.6630
 312.000       0.6291
 313.000       0.5483
 314.000       0.5674
 315.000       0.6125
 316.000       0.5649
 317.000       0.5321
 318.000       0.5927
 319.000       0.5958
 320.000       0.5183
 321.000       0.4708
 322.000       0.5351
 323.000       0.5088
 324.000       0.4381
 325.000       0.4999
 326.000       0.5454
 327.000       0.4748
 328.000       0.4015
 329.000       0.5001
 330.000       0.5593
 331.000       0.5336
 332.000       0.5743
 333.000       0.6667
 334.000       0.7354
 335.000       0.8637
 336.000       0.8540
 337.000       0.8701
 338.000       0.9062
 339.000       0.6837
 340.000       0.5048
 341.000       0.4959
 342.000       0.5037
 343.000       0.5151
 344.000       0.4611
 345.000       0.4097
 346.000       0.4403
 347.000       0.4528
 348.000       0.4464
 349.000       0.4484
 350.000       0.5148
 351.000       0.5427
 352.000       0.5856
 353.000       0.6010
 354.000       0.8280
 355.000       0.9347
 356.000       1.0123
 357.000       0.6554
 358.000       0.5217
 359.000       0.6333
 360.000       0.5314
 361.000       0.4505
 362.000       0.4722
 363.000       0.5069
 364.000       0.4588
 365.000       0.4335
 366.000       0.5057
 367.000       0.5327
 368.000       0.4752
 369.000       0.4883
 370.000       0.6161
 371.000       0.6474
 372.000       0.5794
 373.000       0.7422
 374.000       1.5236
 375.000       2.7071
 376.000       3.8950
