#Res             RMSF
 476.000       2.4397
 477.000       1.6955
 478.000       0.9851
 479.000       0.8359
 480.000       0.5214
 481.000       0.4879
 482.000       0.6133
 483.000       0.6471
 484.000       0.4828
 485.000       0.5447
 486.000       0.4619
 487.000       0.5535
 488.000       0.5291
 489.000       0.3956
 490.000       0.3666
 491.000       0.4443
 492.000       0.4225
 493.000       0.3483
 494.000       0.3447
 495.000       0.3698
 496.000       0.4117
 497.000       0.4001
 498.000       0.3759
 499.000       0.4209
 500.000       0.4219
 501.000       0.4066
 502.000       0.4030
 503.000       0.4841
 504.000       0.4916
 505.000       0.3930
 506.000       0.4400
 507.000       0.5368
 508.000       0.4915
 509.000       0.3960
 510.000       0.4828
 511.000       0.5334
 512.000       0.5543
 513.000       0.4929
 514.000       0.5342
 515.000       0.5591
 516.000       0.5028
 517.000       0.4675
 518.000       0.5003
 519.000       0.5031
 520.000       0.4339
 521.000       0.3971
 522.000       0.4093
 523.000       0.3515
 524.000       0.3453
 525.000       0.3821
 526.000       0.3753
 527.000       0.3844
 528.000       0.3754
 529.000       0.5233
 530.000       0.6013
 531.000       0.5958
 532.000       0.6548
 533.000       0.5023
 534.000       0.6591
 535.000       0.5068
 536.000       0.4290
 537.000       0.4845
 538.000       0.4915
 539.000       0.5240
 540.000       0.4169
 541.000       0.3755
 542.000       0.4298
 543.000       0.3955
 544.000       0.3540
 545.000       0.4371
 546.000       0.4782
 547.000       0.4849
 548.000       0.5154
 549.000       0.6161
 550.000       0.5912
 551.000       0.5523
 552.000       0.4688
 553.000       0.5146
 554.000       0.7077
 555.000       0.8988
 556.000       1.9161
 557.000       3.5492
