#Res             RMSF
   1.000       3.2892
   2.000       1.8553
   3.000       1.0781
   4.000       0.6380
   5.000       0.6402
   6.000       0.5500
   7.000       0.5215
   8.000       0.5576
   9.000       0.5122
  10.000       0.4511
  11.000       0.4752
  12.000       0.5274
  13.000       0.4453
  14.000       0.3850
  15.000       0.4822
  16.000       0.5115
  17.000       0.4574
  18.000       0.4925
  19.000       0.6039
  20.000       0.6690
  21.000       0.8116
  22.000       0.6210
  23.000       0.5184
  24.000       0.4469
  25.000       0.4366
  26.000       0.4684
  27.000       0.4855
  28.000       0.5022
  29.000       0.4744
  30.000       0.4330
  31.000       0.4606
  32.000       0.4834
  33.000       0.4747
  34.000       0.4022
  35.000       0.4401
  36.000       0.5358
  37.000       0.5095
  38.000       0.4960
  39.000       0.6065
  40.000       0.7911
  41.000       0.7205
  42.000       0.6901
  43.000       0.7732
  44.000       0.9441
  45.000       0.5759
  46.000       0.5537
  47.000       0.5326
  48.000       0.5490
  49.000       0.6030
  50.000       0.5731
  51.000       0.4638
  52.000       0.4036
  53.000       0.4662
  54.000       0.4975
  55.000       0.4359
  56.000       0.3699
  57.000       0.4526
  58.000       0.4527
  59.000       0.4499
  60.000       0.4882
  61.000       0.4263
  62.000       0.4162
  63.000       0.3968
  64.000       0.3601
  65.000       0.3959
  66.000       0.3447
  67.000       0.3201
  68.000       0.3494
  69.000       0.3407
  70.000       0.3185
  71.000       0.3387
  72.000       0.4064
  73.000       0.3864
  74.000       0.3842
  75.000       0.4325
  76.000       0.4822
  77.000       0.5333
  78.000       0.5842
  79.000       0.4600
  80.000       0.5041
  81.000       0.4217
  82.000       0.3582
  83.000       0.4252
  84.000       0.4601
  85.000       0.4473
  86.000       0.3665
  87.000       0.4308
  88.000       0.5281
  89.000       0.4613
  90.000       0.4333
  91.000       0.4765
  92.000       0.5422
  93.000       0.5350
  94.000       0.5672
  95.000       0.7062
  96.000       0.9526
  97.000       2.1080
