#Res             RMSF
 476.000       2.8112
 477.000       2.0502
 478.000       1.3528
 479.000       0.9939
 480.000       0.6543
 481.000       0.5914
 482.000       0.8168
 483.000       0.9113
 484.000       0.6664
 485.000       0.6000
 486.000       0.5564
 487.000       0.5549
 488.000       0.5384
 489.000       0.3956
 490.000       0.3538
 491.000       0.4231
 492.000       0.4226
 493.000       0.3824
 494.000       0.4060
 495.000       0.4482
 496.000       0.4698
 497.000       0.4712
 498.000       0.4006
 499.000       0.4522
 500.000       0.4265
 501.000       0.4204
 502.000       0.4514
 503.000       0.5022
 504.000       0.5087
 505.000       0.5209
 506.000       0.4720
 507.000       0.5478
 508.000       0.5293
 509.000       0.3891
 510.000       0.4046
 511.000       0.4902
 512.000       0.4960
 513.000       0.4359
 514.000       0.4626
 515.000       0.5214
 516.000       0.4815
 517.000       0.4944
 518.000       0.5081
 519.000       0.4945
 520.000       0.4128
 521.000       0.3736
 522.000       0.4334
 523.000       0.3711
 524.000       0.3565
 525.000       0.3918
 526.000       0.4161
 527.000       0.3868
 528.000       0.3855
 529.000       0.4803
 530.000       0.5148
 531.000       0.5443
 532.000       0.6073
 533.000       0.5348
 534.000       0.6776
 535.000       0.5354
 536.000       0.4727
 537.000       0.4931
 538.000       0.4926
 539.000       0.5039
 540.000       0.4045
 541.000       0.4213
 542.000       0.4936
 543.000       0.4680
 544.000       0.4393
 545.000       0.4612
 546.000       0.5509
 547.000       0.7515
 548.000       0.9201
 549.000       0.8202
 550.000       0.6403
 551.000       0.6865
 552.000       0.6309
 553.000       0.5859
 554.000       0.7106
 555.000       0.9275
 556.000       2.1912
 557.000       4.1264
