#Res             RMSF
  98.000       1.1026
  99.000       0.7226
 100.000       0.7339
 101.000       0.7093
 102.000       0.4912
 103.000       0.4561
 104.000       0.4372
 105.000       0.4494
 106.000       0.5128
 107.000       0.3895
 108.000       0.3589
 109.000       0.4138
 110.000       0.3682
 111.000       0.3396
 112.000       0.3972
 113.000       0.4431
 114.000       0.4485
 115.000       0.4742
 116.000       0.4046
 117.000       0.4649
 118.000       0.4097
 119.000       0.4018
 120.000       0.4389
 121.000       0.4853
 122.000       0.4714
 123.000       0.3424
 124.000       0.3920
 125.000       0.4764
 126.000       0.4386
 127.000       0.3752
 128.000       0.4217
 129.000       0.4872
 130.000       0.4596
 131.000       0.4624
 132.000       0.4959
 133.000       0.5419
 134.000       0.4980
 135.000       0.4868
 136.000       0.5279
 137.000       0.5410
 138.000       0.4182
 139.000       0.3740
 140.000       0.4153
 141.000       0.3681
 142.000       0.3395
 143.000       0.3414
 144.000       0.3749
 145.000       0.3620
 146.000       0.3657
 147.000       0.4902
 148.000       0.5717
 149.000       0.5505
 150.000       0.6029
 151.000       0.5341
 152.000       0.6216
 153.000       0.4593
 154.000       0.4037
 155.000       0.4570
 156.000       0.4770
 157.000       0.4822
 158.000       0.4073
 159.000       0.3805
 160.000       0.4423
 161.000       0.4310
 162.000       0.3907
 163.000       0.4621
 164.000       0.5986
 165.000       0.7327
 166.000       0.7615
 167.000       0.8782
 168.000       0.6800
 169.000       0.8233
 170.000       0.6056
 171.000       0.5507
 172.000       0.6460
 173.000       1.0251
 174.000       1.8489
 175.000       3.3161
