#Res             RMSF
 377.000       2.9170
 378.000       2.1697
 379.000       1.5082
 380.000       0.9688
 381.000       0.6484
 382.000       0.6133
 383.000       0.5805
 384.000       0.5804
 385.000       0.5338
 386.000       0.5048
 387.000       0.4563
 388.000       0.4636
 389.000       0.5275
 390.000       0.4630
 391.000       0.4215
 392.000       0.5323
 393.000       0.5600
 394.000       0.5090
 395.000       0.5379
 396.000       0.6358
 397.000       0.6865
 398.000       0.6803
 399.000       0.6655
 400.000       0.5557
 401.000       0.4606
 402.000       0.4291
 403.000       0.4850
 404.000       0.4746
 405.000       0.5024
 406.000       0.5127
 407.000       0.3974
 408.000       0.4051
 409.000       0.4613
 410.000       0.4307
 411.000       0.3860
 412.000       0.4343
 413.000       0.4969
 414.000       0.5048
 415.000       0.5073
 416.000       0.6277
 417.000       0.8931
 418.000       0.7901
 419.000       0.6972
 420.000       0.7147
 421.000       0.8875
 422.000       0.5596
 423.000       0.5993
 424.000       0.5960
 425.000       0.6485
 426.000       0.7303
 427.000       0.6304
 428.000       0.5137
 429.000       0.4311
 430.000       0.5362
 431.000       0.6062
 432.000       0.4957
 433.000       0.4116
 434.000       0.5068
 435.000       0.5215
 436.000       0.4624
 437.000       0.4418
 438.000       0.5065
 439.000       0.5133
 440.000       0.4583
 441.000       0.4569
 442.000       0.5619
 443.000       0.5317
 444.000       0.4534
 445.000       0.5017
 446.000       0.5343
 447.000       0.4695
 448.000       0.4423
 449.000       0.5062
 450.000       0.5073
 451.000       0.5072
 452.000       0.5363
 453.000       0.5850
 454.000       0.6626
 455.000       0.7057
 456.000       0.5666
 457.000       0.5773
 458.000       0.5118
 459.000       0.4845
 460.000       0.5596
 461.000       0.5697
 462.000       0.5746
 463.000       0.5125
 464.000       0.5933
 465.000       0.5932
 466.000       0.5448
 467.000       0.7094
 468.000       0.7847
 469.000       0.8003
 470.000       0.7986
 471.000       1.1363
 472.000       2.3606
 473.000       2.6108
 474.000       2.5791
 475.000       3.7693
