#Res             RMSF
 662.000       1.5693
 663.000       0.9656
 664.000       0.7536
 665.000       0.5585
 666.000       0.4173
 667.000       0.4175
 668.000       0.3941
 669.000       0.3992
 670.000       0.3896
 671.000       0.3764
 672.000       0.4302
 673.000       0.4017
 674.000       0.3832
 675.000       0.4854
 676.000       0.5797
 677.000       0.6239
 678.000       0.6998
 679.000       0.7824
 680.000       0.7981
 681.000       0.5546
 682.000       0.5217
 683.000       0.4663
 684.000       0.5042
 685.000       0.6025
 686.000       0.6215
 687.000       0.4487
 688.000       0.4719
 689.000       0.5241
 690.000       0.4188
 691.000       0.3884
 692.000       0.4245
 693.000       0.4257
 694.000       0.3986
 695.000       0.3626
 696.000       0.3910
 697.000       0.4467
 698.000       0.4261
 699.000       0.3654
 700.000       0.4351
 701.000       0.4430
 702.000       0.4042
 703.000       0.4741
 704.000       0.5490
 705.000       0.4295
 706.000       0.3856
 707.000       0.4259
 708.000       0.4632
 709.000       0.4471
 710.000       0.4312
 711.000       0.5298
 712.000       0.6612
 713.000       0.7362
 714.000       0.6865
 715.000       0.5950
 716.000       0.7703
 717.000       0.5364
 718.000       0.4673
 719.000       0.4914
 720.000       0.4657
 721.000       0.4444
 722.000       0.3992
 723.000       0.3939
 724.000       0.4149
 725.000       0.3615
 726.000       0.3676
 727.000       0.4706
 728.000       0.5126
 729.000       0.5208
 730.000       0.5164
 731.000       0.4499
 732.000       0.5589
 733.000       0.7507
 734.000       0.7737
 735.000       0.5833
 736.000       0.4953
 737.000       0.6197
 738.000       0.5203
 739.000       0.4199
 740.000       0.4074
 741.000       0.4531
 742.000       0.4071
 743.000       0.4128
 744.000       0.4099
 745.000       0.4447
 746.000       0.4294
 747.000       0.4707
 748.000       0.5282
 749.000       0.5277
 750.000       0.5179
 751.000       0.7187
 752.000       0.9453
 753.000       2.0207
