#Res             RMSF
 558.000       1.6813
 559.000       1.0378
 560.000       0.7194
 561.000       0.5791
 562.000       0.7206
 563.000       0.7673
 564.000       0.6246
 565.000       0.6802
 566.000       0.5218
 567.000       0.5499
 568.000       0.4606
 569.000       0.4804
 570.000       0.4840
 571.000       0.6452
 572.000       0.5983
 573.000       0.4866
 574.000       0.5083
 575.000       0.5855
 576.000       0.6011
 577.000       0.6040
 578.000       0.7568
 579.000       0.9566
 580.000       0.8848
 581.000       1.2138
 582.000       0.8406
 583.000       0.9813
 584.000       1.1768
 585.000       0.9140
 586.000       0.6583
 587.000       0.6114
 588.000       0.8146
 589.000       0.6464
 590.000       0.4658
 591.000       0.4115
 592.000       0.4654
 593.000       0.5147
 594.000       0.4730
 595.000       0.4337
 596.000       0.4936
 597.000       0.5218
 598.000       0.4931
 599.000       0.4702
 600.000       0.5210
 601.000       0.5272
 602.000       0.4753
 603.000       0.5504
 604.000       0.6519
 605.000       0.5483
 606.000       0.4971
 607.000       0.6088
 608.000       0.6236
 609.000       0.4994
 610.000       0.5230
 611.000       0.6290
 612.000       0.6482
 613.000       0.5658
 614.000       0.7184
 615.000       0.8575
 616.000       0.8490
 617.000       0.8575
 618.000       0.6878
 619.000       0.6826
 620.000       0.5559
 621.000       0.4551
 622.000       0.5599
 623.000       0.5870
 624.000       0.7139
 625.000       0.5772
 626.000       0.5628
 627.000       0.7329
 628.000       0.7995
 629.000       0.7259
 630.000       0.8453
 631.000       1.1984
 632.000       1.4593
 633.000       1.2863
 634.000       1.3432
 635.000       1.5248
 636.000       1.2384
 637.000       0.9651
 638.000       1.2354
 639.000       1.1982
 640.000       1.0526
 641.000       1.5700
 642.000       0.9185
 643.000       0.7288
 644.000       0.7090
 645.000       0.6973
 646.000       1.0204
 647.000       1.6930
 648.000       2.7785
 649.000       1.7889
 650.000       1.2340
 651.000       1.0306
 652.000       0.9718
 653.000       1.0101
 654.000       0.9200
 655.000       0.8822
 656.000       1.0334
 657.000       1.0128
 658.000       0.9315
 659.000       1.0972
 660.000       1.4142
 661.000       2.0808
