#Res             RMSF
 176.000       1.2461
 177.000       1.2495
 178.000       0.8866
 179.000       0.7056
 180.000       0.5465
 181.000       0.6393
 182.000       0.6147
 183.000       0.5847
 184.000       0.5854
 185.000       0.4514
 186.000       0.4700
 187.000       0.4236
 188.000       0.4982
 189.000       0.4355
 190.000       0.5114
 191.000       0.4845
 192.000       0.4336
 193.000       0.4200
 194.000       0.5092
 195.000       0.5312
 196.000       0.5017
 197.000       0.7093
 198.000       0.7449
 199.000       0.9529
 200.000       0.8291
 201.000       0.9378
 202.000       1.0189
 203.000       0.8730
 204.000       0.6321
 205.000       0.5086
 206.000       0.5242
 207.000       0.5451
 208.000       0.5334
 209.000       0.4616
 210.000       0.3643
 211.000       0.4199
 212.000       0.4716
 213.000       0.4265
 214.000       0.3963
 215.000       0.4477
 216.000       0.4505
 217.000       0.4207
 218.000       0.4219
 219.000       0.4804
 220.000       0.4774
 221.000       0.4584
 222.000       0.4961
 223.000       0.5415
 224.000       0.4579
 225.000       0.3928
 226.000       0.4395
 227.000       0.4999
 228.000       0.4289
 229.000       0.5060
 230.000       0.6451
 231.000       0.6527
 232.000       0.5955
 233.000       0.8157
 234.000       0.9663
 235.000       0.9073
 236.000       0.9864
 237.000       0.7323
 238.000       0.7401
 239.000       0.5095
 240.000       0.3722
 241.000       0.3850
 242.000       0.4085
 243.000       0.4431
 244.000       0.4447
 245.000       0.4613
 246.000       0.4798
 247.000       0.6929
 248.000       0.8237
 249.000       0.8083
 250.000       1.0012
 251.000       1.4287
 252.000       1.0951
 253.000       0.9038
 254.000       1.2156
 255.000       1.3929
 256.000       1.0922
 257.000       1.1383
 258.000       1.3198
 259.000       1.0371
 260.000       1.3364
 261.000       1.0017
 262.000       0.6095
 263.000       0.5051
 264.000       0.4574
 265.000       0.4618
 266.000       0.5029
 267.000       0.5220
 268.000       0.5114
 269.000       0.6365
 270.000       0.7947
 271.000       0.7350
 272.000       0.8029
 273.000       0.7961
 274.000       0.8532
 275.000       0.9969
 276.000       1.0540
 277.000       0.9499
 278.000       1.0619
 279.000       1.3708
 280.000       1.9402
