#Res             RMSF
 176.000       1.6867
 177.000       1.1346
 178.000       0.7980
 179.000       0.5669
 180.000       0.4926
 181.000       0.6900
 182.000       0.6509
 183.000       0.5753
 184.000       0.6825
 185.000       0.4995
 186.000       0.5202
 187.000       0.4341
 188.000       0.4543
 189.000       0.4084
 190.000       0.5142
 191.000       0.4607
 192.000       0.4056
 193.000       0.4051
 194.000       0.4730
 195.000       0.4627
 196.000       0.4932
 197.000       0.6132
 198.000       0.7395
 199.000       0.7147
 200.000       0.8816
 201.000       0.6386
 202.000       0.7599
 203.000       0.8345
 204.000       0.6961
 205.000       0.5723
 206.000       0.5376
 207.000       0.6004
 208.000       0.4943
 209.000       0.3901
 210.000       0.3572
 211.000       0.3888
 212.000       0.4079
 213.000       0.3804
 214.000       0.3770
 215.000       0.4212
 216.000       0.4539
 217.000       0.4543
 218.000       0.4545
 219.000       0.4644
 220.000       0.4885
 221.000       0.4922
 222.000       0.5226
 223.000       0.5680
 224.000       0.4923
 225.000       0.4569
 226.000       0.5017
 227.000       0.5741
 228.000       0.4747
 229.000       0.5860
 230.000       0.6844
 231.000       0.6653
 232.000       0.6133
 233.000       0.8500
 234.000       1.0046
 235.000       0.9385
 236.000       0.9576
 237.000       0.7007
 238.000       0.6996
 239.000       0.5321
 240.000       0.4243
 241.000       0.4070
 242.000       0.4116
 243.000       0.4332
 244.000       0.4120
 245.000       0.4479
 246.000       0.4788
 247.000       0.5088
 248.000       0.5976
 249.000       0.7646
 250.000       0.8882
 251.000       0.8526
 252.000       1.0648
 253.000       1.2451
 254.000       1.1439
 255.000       0.9809
 256.000       1.0259
 257.000       1.0415
 258.000       0.9647
 259.000       0.9478
 260.000       1.6438
 261.000       0.8174
 262.000       0.6017
 263.000       0.5370
 264.000       0.5153
 265.000       0.5124
 266.000       0.4963
 267.000       0.5296
 268.000       0.6345
 269.000       0.6833
 270.000       0.8552
 271.000       0.8340
 272.000       0.8567
 273.000       0.7785
 274.000       0.8260
 275.000       0.9347
 276.000       0.9492
 277.000       0.8243
 278.000       0.9515
 279.000       1.3696
 280.000       2.0165
