#Res             RMSF
 558.000       1.6278
 559.000       0.9964
 560.000       0.6983
 561.000       0.5661
 562.000       0.6992
 563.000       0.7501
 564.000       0.6179
 565.000       0.6679
 566.000       0.5154
 567.000       0.5429
 568.000       0.4567
 569.000       0.4773
 570.000       0.4723
 571.000       0.6289
 572.000       0.5878
 573.000       0.4790
 574.000       0.4987
 575.000       0.5702
 576.000       0.5735
 577.000       0.5888
 578.000       0.7491
 579.000       0.9167
 580.000       0.8337
 581.000       1.2129
 582.000       0.8437
 583.000       1.0044
 584.000       1.2526
 585.000       0.9116
 586.000       0.6595
 587.000       0.6050
 588.000       0.7969
 589.000       0.6346
 590.000       0.4600
 591.000       0.4045
 592.000       0.4584
 593.000       0.5058
 594.000       0.4692
 595.000       0.4264
 596.000       0.4763
 597.000       0.5054
 598.000       0.4790
 599.000       0.4522
 600.000       0.4997
 601.000       0.5110
 602.000       0.4615
 603.000       0.5325
 604.000       0.6305
 605.000       0.5378
 606.000       0.5007
 607.000       0.6068
 608.000       0.6186
 609.000       0.4943
 610.000       0.5209
 611.000       0.6257
 612.000       0.6465
 613.000       0.5671
 614.000       0.7250
 615.000       0.8587
 616.000       0.8527
 617.000       0.8675
 618.000       0.6917
 619.000       0.6945
 620.000       0.5449
 621.000       0.4515
 622.000       0.5448
 623.000       0.5684
 624.000       0.6884
 625.000       0.5663
 626.000       0.5565
 627.000       0.7097
 628.000       0.7680
 629.000       0.7068
 630.000       0.8752
 631.000       1.2078
 632.000       1.4161
 633.000       1.2557
 634.000       1.3383
 635.000       1.4570
 636.000       1.2076
 637.000       1.0068
 638.000       1.2282
 639.000       1.1947
 640.000       1.0731
 641.000       1.5899
 642.000       0.9099
 643.000       0.7286
 644.000       0.6911
 645.000       0.6649
 646.000       0.9412
 647.000       1.5512
 648.000       2.5601
 649.000       1.7144
 650.000       1.1710
 651.000       1.0291
 652.000       0.9540
 653.000       0.9975
 654.000       0.8950
 655.000       0.8648
 656.000       1.0228
 657.000       0.9939
 658.000       0.8958
 659.000       1.0615
 660.000       1.3842
 661.000       2.0528
