#Res             RMSF
 662.000       1.4514
 663.000       1.0881
 664.000       0.8508
 665.000       0.6171
 666.000       0.4361
 667.000       0.4430
 668.000       0.4504
 669.000       0.4344
 670.000       0.4225
 671.000       0.4154
 672.000       0.4583
 673.000       0.4120
 674.000       0.4129
 675.000       0.5648
 676.000       0.6203
 677.000       0.6028
 678.000       0.6622
 679.000       0.7725
 680.000       0.8198
 681.000       0.5964
 682.000       0.5680
 683.000       0.4936
 684.000       0.5621
 685.000       0.6350
 686.000       0.6560
 687.000       0.4831
 688.000       0.4703
 689.000       0.5426
 690.000       0.4800
 691.000       0.4099
 692.000       0.4410
 693.000       0.4798
 694.000       0.4366
 695.000       0.4278
 696.000       0.4511
 697.000       0.4608
 698.000       0.4625
 699.000       0.3987
 700.000       0.4507
 701.000       0.4733
 702.000       0.4099
 703.000       0.4630
 704.000       0.5415
 705.000       0.4756
 706.000       0.3842
 707.000       0.4765
 708.000       0.5040
 709.000       0.4307
 710.000       0.4614
 711.000       0.5613
 712.000       0.6257
 713.000       0.7195
 714.000       0.7469
 715.000       0.6703
 716.000       0.7765
 717.000       0.6191
 718.000       0.4652
 719.000       0.4646
 720.000       0.4672
 721.000       0.4599
 722.000       0.3908
 723.000       0.3785
 724.000       0.4223
 725.000       0.3746
 726.000       0.3695
 727.000       0.4322
 728.000       0.4837
 729.000       0.4859
 730.000       0.5040
 731.000       0.5281
 732.000       0.7398
 733.000       0.8844
 734.000       0.9443
 735.000       0.6674
 736.000       0.5217
 737.000       0.6218
 738.000       0.5487
 739.000       0.4633
 740.000       0.4249
 741.000       0.4631
 742.000       0.4439
 743.000       0.4347
 744.000       0.4502
 745.000       0.4706
 746.000       0.4300
 747.000       0.4812
 748.000       0.5466
 749.000       0.5584
 750.000       0.5643
 751.000       0.7833
 752.000       1.1541
 753.000       2.5079
