#Res             RMSF
   1.000       3.2625
   2.000       1.4844
   3.000       0.8477
   4.000       0.6085
   5.000       0.5652
   6.000       0.4922
   7.000       0.4841
   8.000       0.4973
   9.000       0.4544
  10.000       0.4293
  11.000       0.4197
  12.000       0.5104
  13.000       0.4236
  14.000       0.3527
  15.000       0.4618
  16.000       0.4719
  17.000       0.3895
  18.000       0.4158
  19.000       0.5218
  20.000       0.5279
  21.000       0.5102
  22.000       0.5220
  23.000       0.4907
  24.000       0.4160
  25.000       0.3874
  26.000       0.3885
  27.000       0.4458
  28.000       0.4593
  29.000       0.4402
  30.000       0.4000
  31.000       0.4325
  32.000       0.4361
  33.000       0.4083
  34.000       0.3575
  35.000       0.4153
  36.000       0.4849
  37.000       0.4360
  38.000       0.4300
  39.000       0.5185
  40.000       0.7032
  41.000       0.6553
  42.000       0.5876
  43.000       0.6359
  44.000       0.8520
  45.000       0.5258
  46.000       0.5357
  47.000       0.5227
  48.000       0.5277
  49.000       0.5803
  50.000       0.4861
  51.000       0.4062
  52.000       0.3859
  53.000       0.4273
  54.000       0.4461
  55.000       0.3987
  56.000       0.3289
  57.000       0.3679
  58.000       0.3960
  59.000       0.4027
  60.000       0.3510
  61.000       0.4086
  62.000       0.4324
  63.000       0.4028
  64.000       0.3590
  65.000       0.3633
  66.000       0.3208
  67.000       0.2978
  68.000       0.3394
  69.000       0.3326
  70.000       0.3298
  71.000       0.3335
  72.000       0.3897
  73.000       0.3723
  74.000       0.3873
  75.000       0.4229
  76.000       0.4957
  77.000       0.5615
  78.000       0.5655
  79.000       0.4605
  80.000       0.4489
  81.000       0.4418
  82.000       0.3621
  83.000       0.4284
  84.000       0.4459
  85.000       0.4465
  86.000       0.3738
  87.000       0.4297
  88.000       0.5636
  89.000       0.4766
  90.000       0.4028
  91.000       0.4527
  92.000       0.5516
  93.000       0.5673
  94.000       0.5162
  95.000       0.7368
  96.000       1.0324
  97.000       2.4075
