#Res             RMSF
 662.000       1.5552
 663.000       1.1748
 664.000       0.8832
 665.000       0.6363
 666.000       0.4499
 667.000       0.4514
 668.000       0.4575
 669.000       0.4422
 670.000       0.4261
 671.000       0.4246
 672.000       0.4596
 673.000       0.4103
 674.000       0.4171
 675.000       0.5582
 676.000       0.6252
 677.000       0.5992
 678.000       0.7220
 679.000       0.8061
 680.000       0.8406
 681.000       0.5971
 682.000       0.5620
 683.000       0.4878
 684.000       0.5497
 685.000       0.6331
 686.000       0.6511
 687.000       0.4712
 688.000       0.4672
 689.000       0.5361
 690.000       0.4648
 691.000       0.4041
 692.000       0.4339
 693.000       0.4625
 694.000       0.4275
 695.000       0.4233
 696.000       0.4379
 697.000       0.4446
 698.000       0.4495
 699.000       0.3852
 700.000       0.4402
 701.000       0.4576
 702.000       0.3975
 703.000       0.4616
 704.000       0.5359
 705.000       0.4550
 706.000       0.3835
 707.000       0.4931
 708.000       0.5159
 709.000       0.4300
 710.000       0.4675
 711.000       0.5898
 712.000       0.6377
 713.000       0.7110
 714.000       0.7612
 715.000       0.6882
 716.000       0.7919
 717.000       0.6726
 718.000       0.4915
 719.000       0.4760
 720.000       0.4757
 721.000       0.4601
 722.000       0.3898
 723.000       0.3749
 724.000       0.4181
 725.000       0.3706
 726.000       0.3722
 727.000       0.4328
 728.000       0.4775
 729.000       0.4821
 730.000       0.4955
 731.000       0.5272
 732.000       0.7554
 733.000       0.9476
 734.000       0.9294
 735.000       0.6668
 736.000       0.5158
 737.000       0.6090
 738.000       0.5459
 739.000       0.4614
 740.000       0.4249
 741.000       0.4713
 742.000       0.4510
 743.000       0.4381
 744.000       0.4650
 745.000       0.4805
 746.000       0.4344
 747.000       0.4867
 748.000       0.5618
 749.000       0.5595
 750.000       0.5592
 751.000       0.7804
 752.000       1.2898
 753.000       2.6772
