#Res             RMSF
   1.000       3.1625
   2.000       1.8904
   3.000       1.1103
   4.000       0.6489
   5.000       0.6258
   6.000       0.5367
   7.000       0.5069
   8.000       0.5407
   9.000       0.5082
  10.000       0.4545
  11.000       0.4706
  12.000       0.5196
  13.000       0.4465
  14.000       0.3842
  15.000       0.4813
  16.000       0.5101
  17.000       0.4699
  18.000       0.5035
  19.000       0.6172
  20.000       0.6867
  21.000       0.8380
  22.000       0.6376
  23.000       0.5341
  24.000       0.4642
  25.000       0.4555
  26.000       0.4792
  27.000       0.4958
  28.000       0.4992
  29.000       0.4658
  30.000       0.4340
  31.000       0.4667
  32.000       0.4809
  33.000       0.4717
  34.000       0.4064
  35.000       0.4430
  36.000       0.5364
  37.000       0.5064
  38.000       0.4983
  39.000       0.6067
  40.000       0.7969
  41.000       0.7324
  42.000       0.6852
  43.000       0.7680
  44.000       0.9179
  45.000       0.5757
  46.000       0.5610
  47.000       0.5383
  48.000       0.5496
  49.000       0.6060
  50.000       0.5753
  51.000       0.4649
  52.000       0.4035
  53.000       0.4684
  54.000       0.5002
  55.000       0.4367
  56.000       0.3761
  57.000       0.4743
  58.000       0.4655
  59.000       0.4537
  60.000       0.5091
  61.000       0.4344
  62.000       0.4145
  63.000       0.4025
  64.000       0.3594
  65.000       0.3917
  66.000       0.3441
  67.000       0.3157
  68.000       0.3480
  69.000       0.3417
  70.000       0.3200
  71.000       0.3372
  72.000       0.4057
  73.000       0.3870
  74.000       0.3848
  75.000       0.4305
  76.000       0.4814
  77.000       0.5285
  78.000       0.5769
  79.000       0.4558
  80.000       0.5004
  81.000       0.4238
  82.000       0.3628
  83.000       0.4271
  84.000       0.4429
  85.000       0.4392
  86.000       0.3617
  87.000       0.4215
  88.000       0.5269
  89.000       0.4642
  90.000       0.4247
  91.000       0.4687
  92.000       0.5433
  93.000       0.5446
  94.000       0.5559
  95.000       0.7151
  96.000       0.9342
  97.000       1.9747
