#Frame      end1_rmsd
       1       0.0000
       2       2.9272
       3       4.4435
       4       4.3652
       5       4.4955
       6       4.6164
       7       4.6631
       8       4.7897
       9       5.2189
      10       3.7309
      11       5.5914
      12       3.9354
      13       3.2312
      14       4.6699
      15       3.7381
      16       3.0030
      17       4.1869
      18       3.6109
      19       3.4738
      20       5.5900
      21       3.5590
      22       4.6507
      23       3.4473
      24       4.1878
      25       4.2291
      26       5.6296
      27       4.6653
      28       3.2060
      29       5.4555
      30       5.0660
      31       5.0027
      32       3.7430
      33       4.5214
      34       4.4424
      35       4.1254
      36       3.3954
      37       3.3384
      38       4.8899
      39       2.8765
      40       4.0652
      41       4.8501
      42       3.6837
      43       4.5564
      44       3.6470
      45       3.4851
      46       2.7653
      47       4.4795
      48       5.3636
      49       5.1861
      50       4.7995
      51       4.5816
      52       5.5688
      53       6.8926
      54       6.1627
      55       7.6274
      56       5.6171
      57       5.1660
      58       5.4755
      59       4.3509
      60       5.9570
      61       5.7167
      62       5.4960
      63       6.0449
      64       5.8700
      65       4.8508
      66       5.0607
      67       3.4262
      68       3.9179
      69       3.0762
      70       3.9133
      71       3.9693
      72       4.6010
      73       3.5520
      74       4.4328
      75       3.9391
      76       5.0155
      77       5.7257
      78       5.5675
      79       6.7490
      80       4.7111
      81       4.8612
      82       3.8858
      83       5.4958
      84       3.3927
      85       4.7548
      86       4.9738
      87       5.3930
      88       5.0197
      89       5.0729
      90       5.1449
      91       4.0450
      92       5.6824
      93       4.1354
      94       5.4501
      95       3.9493
      96       5.0731
      97       3.6908
      98       4.7457
      99       3.6786
     100       4.3836
     101       4.2364
     102       4.3438
     103       4.8622
     104       3.6462
     105       4.2416
     106       4.5281
     107       5.0273
     108       5.8377
     109       4.3006
     110       4.6553
     111       3.9220
     112       3.5331
     113       3.3543
     114       3.3301
     115       3.1631
     116       2.7745
     117       2.6868
     118       4.2647
     119       3.1632
     120       3.1856
     121       3.9079
     122       3.3479
     123       3.9555
     124       2.5206
     125       3.0881
     126       3.3491
     127       4.1653
     128       2.6742
     129       2.2235
     130       3.5536
     131       2.7743
     132       2.9883
     133       3.9721
     134       3.2800
     135       3.1010
     136       3.5209
     137       3.1434
     138       4.2500
     139       4.3228
     140       4.9023
     141       5.1477
     142       3.5324
     143       3.7208
     144       2.7373
     145       2.3172
     146       3.5279
     147       3.7235
     148       4.0176
     149       5.2513
     150       3.9660
     151       5.2538
     152       4.7311
     153       4.3465
     154       2.4652
     155       2.2138
     156       2.7036
     157       2.8261
     158       3.1176
     159       4.4347
     160       4.5712
     161       3.8892
     162       4.2376
     163       3.1563
     164       3.0418
     165       2.5583
     166       3.2604
     167       3.9956
     168       3.0211
     169       3.0657
     170       2.8607
     171       2.6173
     172       2.0131
     173       4.7666
     174       4.0314
     175       3.4466
     176       3.6931
     177       4.5820
     178       4.1428
     179       3.2483
     180       3.3446
     181       2.3341
     182       3.3148
     183       3.0955
     184       3.1095
     185       3.5594
     186       4.8434
     187       4.8283
     188       4.8132
     189       4.4060
     190       4.2471
     191       5.5576
     192       4.3231
     193       5.8178
     194       4.7893
     195       4.7121
     196       5.4013
     197       3.9813
     198       3.2776
     199       4.1199
     200       5.5831
     201       4.6080
     202       3.8495
     203       4.1858
     204       4.1102
     205       4.8957
     206       2.9843
     207       4.2845
     208       4.7470
     209       3.3676
     210       4.3211
     211       5.8693
     212       2.8592
     213       4.5505
     214       5.2822
     215       6.1334
     216       4.7796
     217       3.6332
     218       4.8541
     219       3.2117
     220       2.6576
     221       4.3452
     222       3.8173
     223       4.5049
     224       4.9887
     225       4.2472
     226       3.9198
     227       5.1112
     228       3.5915
     229       4.3057
     230       4.5943
     231       4.0129
     232       3.0203
     233       3.3148
     234       3.1654
     235       4.1883
     236       2.5827
     237       2.6629
     238       3.4057
     239       2.7531
     240       3.5686
     241       4.6313
     242       3.7832
     243       3.8273
     244       3.1783
     245       3.9873
     246       3.6405
     247       3.5068
     248       1.9559
     249       3.0993
     250       2.8635
     251       3.0107
     252       2.9300
     253       3.4428
     254       4.7243
     255       4.5783
     256       2.8033
     257       4.0413
     258       3.6924
     259       5.3212
     260       4.9063
     261       3.8876
     262       4.0247
     263       4.2635
     264       3.3343
     265       3.1740
     266       2.9996
     267       3.8490
     268       4.7748
     269       5.5011
     270       4.0499
     271       3.6258
     272       5.4588
     273       4.4807
     274       3.9951
     275       6.0364
     276       4.5191
     277       3.2174
     278       3.3262
     279       3.8165
     280       3.7630
     281       3.6397
     282       4.0925
     283       4.8194
     284       3.0140
     285       3.0151
     286       3.6217
     287       3.7220
     288       3.7922
     289       3.2416
     290       3.2919
     291       2.8190
     292       3.9711
     293       3.7064
     294       3.6500
     295       4.5644
     296       4.7398
     297       5.0839
     298       4.6247
     299       5.6158
     300       5.6059
     301       5.1150
     302       4.5300
     303       5.1384
     304       5.8759
     305       6.0474
     306       5.1983
     307       4.5591
     308       4.7590
     309       3.5246
     310       3.8424
     311       2.6613
     312       3.9186
     313       4.2272
     314       3.4800
     315       3.0414
     316       3.9941
     317       5.6092
     318       4.5651
     319       4.3142
     320       2.8451
     321       4.1294
     322       4.4202
     323       5.9010
     324       4.7289
     325       4.3358
     326       4.0408
     327       4.5221
     328       4.3757
     329       3.7235
     330       4.1474
     331       3.8242
     332       6.0479
     333       5.3956
     334       3.4192
     335       3.7471
     336       3.1578
     337       5.0777
     338       3.5188
     339       3.6542
     340       4.0944
     341       5.9812
     342       5.7191
     343       5.0687
     344       4.7766
     345       6.1541
     346       4.7984
     347       5.8106
     348       3.4882
     349       3.7817
     350       4.6756
     351       5.0654
     352       3.5373
     353       5.1587
     354       4.8500
     355       4.3608
     356       5.1615
     357       6.2764
     358       4.9918
     359       6.4255
     360       5.7890
     361       4.0108
     362       4.7107
     363       4.9798
     364       4.0268
     365       2.7375
     366       3.7465
     367       3.6330
     368       2.7704
     369       2.7690
     370       3.6355
     371       3.6577
     372       4.1799
     373       4.1663
     374       4.0526
     375       3.3593
     376       2.9747
     377       4.3108
     378       2.4369
     379       3.0647
     380       3.0321
     381       2.9525
     382       4.0591
     383       3.6053
     384       3.4059
     385       2.9775
     386       4.1635
     387       5.0153
     388       3.6222
     389       3.5965
     390       4.5266
     391       5.4379
     392       3.7532
     393       4.1701
     394       3.0074
     395       2.0816
     396       3.3301
     397       3.8346
     398       4.0247
     399       3.8105
     400       4.0209
