#Frame      end2_rmsd
       1       0.0000
       2       1.9575
       3       2.8211
       4       2.8571
       5       2.2306
       6       1.8308
       7       3.7257
       8       2.6323
       9       2.1114
      10       2.3561
      11       2.6258
      12       3.3653
      13       3.0452
      14       4.5199
      15       2.7322
      16       3.3942
      17       2.9283
      18       3.3071
      19       2.1989
      20       3.0129
      21       2.8722
      22       2.3431
      23       3.6491
      24       4.4473
      25       3.3564
      26       2.7343
      27       2.3560
      28       3.2386
      29       2.6200
      30       2.6588
      31       2.5192
      32       2.3747
      33       3.1837
      34       3.2092
      35       3.0204
      36       3.3219
      37       2.4272
      38       2.3367
      39       2.9211
      40       3.1676
      41       3.6367
      42       2.6713
      43       3.4904
      44       3.3500
      45       3.6477
      46       5.0100
      47       3.5896
      48       3.8353
      49       2.6383
      50       2.9199
      51       2.1633
      52       3.1301
      53       1.6716
      54       2.1594
      55       2.6990
      56       2.2887
      57       2.5837
      58       3.0339
      59       3.7225
      60       3.0234
      61       3.3781
      62       3.4634
      63       3.0854
      64       3.6477
      65       3.7544
      66       4.9400
      67       5.9747
      68       4.1366
      69       4.7769
      70       3.2335
      71       4.3925
      72       3.1121
      73       4.3902
      74       2.8110
      75       2.3408
      76       3.0253
      77       3.9052
      78       3.5823
      79       4.2568
      80       3.0366
      81       2.4160
      82       3.0354
      83       2.9598
      84       2.8652
      85       4.4354
      86       3.3088
      87       5.3035
      88       3.9106
      89       3.3277
      90       2.8193
      91       2.6388
      92       2.6429
      93       2.9125
      94       3.4349
      95       2.7362
      96       3.4774
      97       3.5095
      98       3.4861
      99       3.2326
     100       2.9116
     101       3.2819
     102       2.8983
     103       4.2717
     104       4.7925
     105       3.4900
     106       5.0812
     107       3.4293
     108       4.5784
     109       3.3959
     110       2.6975
     111       4.3966
     112       3.4778
     113       2.7669
     114       2.6118
     115       2.3681
     116       2.5810
     117       4.5424
     118       4.5501
     119       3.3934
     120       2.9971
     121       3.9820
     122       3.3088
     123       3.0913
     124       2.9477
     125       4.1425
     126       3.6090
     127       2.7197
     128       3.9059
     129       4.0800
     130       3.3087
     131       4.3395
     132       4.0047
     133       4.9526
     134       5.1488
     135       5.1549
     136       4.4138
     137       4.0997
     138       4.4392
     139       4.5834
     140       5.5360
     141       4.5658
     142       4.2851
     143       4.2040
     144       4.5257
     145       2.8344
     146       3.3372
     147       3.6719
     148       3.3739
     149       2.6852
     150       2.7396
     151       3.5640
     152       3.3688
     153       2.5998
     154       3.4032
     155       2.3765
     156       3.4387
     157       2.7130
     158       1.9260
     159       4.0045
     160       4.9015
     161       2.6026
     162       2.5329
     163       2.7444
     164       1.9095
     165       3.5734
     166       3.2374
     167       3.6621
     168       2.4773
     169       2.2184
     170       2.2902
     171       2.9376
     172       3.4155
     173       4.0958
     174       3.9339
     175       3.1174
     176       3.2554
     177       3.1365
     178       4.2771
     179       3.0335
     180       3.7108
     181       4.2930
     182       3.6365
     183       3.3711
     184       2.9720
     185       2.8513
     186       3.0361
     187       4.6426
     188       3.9828
     189       4.0112
     190       4.9370
     191       3.8117
     192       5.0859
     193       5.9500
     194       4.0252
     195       4.4222
     196       4.9917
     197       5.3504
     198       4.1531
     199       4.1114
     200       5.2023
     201       5.9702
     202       4.3861
     203       5.9008
     204       4.9005
     205       5.5472
     206       5.6495
     207       8.0469
     208       6.7131
     209       5.4705
     210       7.1991
     211       5.3902
     212       7.7463
     213       6.3221
     214       4.8463
     215       5.6024
     216       5.3258
     217       4.6534
     218       5.5165
     219       6.3524
     220       5.6751
     221       5.0282
     222       4.7858
     223       4.6093
     224       6.9316
     225       5.6702
     226       4.0053
     227       4.1479
     228       5.7178
     229       2.6883
     230       4.2952
     231       5.4275
     232       4.9222
     233       6.0927
     234       4.3286
     235       5.2446
     236       6.0631
     237       5.8945
     238       6.4820
     239       5.3719
     240       4.9446
     241       5.7491
     242       6.3210
     243       4.6634
     244       6.2467
     245       6.8580
     246       5.9900
     247       5.9257
     248       4.8013
     249       5.4406
     250       4.4701
     251       5.3047
     252       5.9932
     253       5.9823
     254       3.6735
     255       4.7284
     256       5.1403
     257       4.0298
     258       3.7145
     259       4.5600
     260       4.1618
     261       4.5700
     262       4.8035
     263       5.0693
     264       3.0826
     265       4.1354
     266       4.3960
     267       4.8413
     268       5.5815
     269       5.0385
     270       4.5639
     271       4.1334
     272       5.0019
     273       5.1309
     274       6.2135
     275       6.0813
     276       5.0262
     277       4.8649
     278       3.1876
     279       3.0866
     280       3.3398
     281       3.6614
     282       3.4724
     283       3.2087
     284       3.1997
     285       3.5069
     286       4.0811
     287       4.2219
     288       4.9108
     289       4.9847
     290       3.9805
     291       6.0350
     292       5.0366
     293       5.1110
     294       3.9365
     295       3.4132
     296       3.5413
     297       3.1642
     298       3.9001
     299       4.6622
     300       4.2671
     301       4.3718
     302       4.2985
     303       3.9915
     304       3.4842
     305       3.8824
     306       3.8660
     307       5.3604
     308       2.8275
     309       2.8881
     310       4.6495
     311       5.2987
     312       4.4821
     313       3.3400
     314       4.8220
     315       4.6345
     316       2.9987
     317       3.5706
     318       3.0680
     319       2.5846
     320       3.9020
     321       2.9244
     322       6.5726
     323       5.1802
     324       4.4579
     325       3.7770
     326       3.8700
     327       4.4967
     328       5.4528
     329       4.5671
     330       4.5907
     331       5.3065
     332       5.7384
     333       5.6503
     334       4.0028
     335       3.7698
     336       4.0800
     337       3.7348
     338       4.3489
     339       3.9431
     340       4.3458
     341       4.5588
     342       5.7178
     343       4.6527
     344       4.9488
     345       6.1866
     346       5.4444
     347       5.6621
     348       4.6394
     349       6.2719
     350       4.5676
     351       6.2756
     352       6.7424
     353       5.4435
     354       6.3952
     355       6.0747
     356       5.6907
     357       5.0280
     358       6.4085
     359       7.2189
     360       7.2159
     361       4.4188
     362       5.4007
     363       6.3066
     364       4.9502
     365       6.7898
     366       5.0345
     367       5.1847
     368       5.9918
     369       5.1373
     370       3.7558
     371       5.9967
     372       5.7555
     373       7.4398
     374       4.0529
     375       5.5451
     376       5.7490
     377       4.6888
     378       5.0268
     379       5.1163
     380       6.9941
     381       7.1901
     382       5.7433
     383       5.6064
     384       5.0006
     385       7.5391
     386       7.1206
     387       5.6537
     388       5.4819
     389       3.5459
     390       3.2252
     391       5.2374
     392       5.4583
     393       4.0389
     394       2.9548
     395       3.1491
     396       3.3476
     397       2.8743
     398       3.4764
     399       4.2377
     400       4.5824
