#Frame           gap3
       1      30.4100
       2      29.2345
       3      31.7046
       4      28.2060
       5      28.3631
       6      29.6264
       7      30.1559
       8      27.6587
       9      26.5124
      10      28.6841
      11      29.8331
      12      28.3167
      13      30.7479
      14      30.9586
      15      28.9247
      16      29.6081
      17      29.9699
      18      30.2500
      19      26.7829
      20      29.6835
      21      29.3778
      22      30.6754
      23      30.3510
      24      30.7456
      25      29.0371
      26      30.4412
      27      30.2285
      28      29.8645
      29      32.7377
      30      29.7833
      31      28.8985
      32      27.8703
      33      28.6964
      34      28.6576
      35      26.6871
      36      26.3648
      37      27.9182
      38      28.4451
      39      29.4330
      40      29.8414
      41      30.0758
      42      30.0329
      43      31.0565
      44      30.9150
      45      30.1736
      46      29.8696
      47      29.9111
      48      28.6629
      49      28.0969
      50      29.3966
      51      30.4450
      52      29.3369
      53      28.9040
      54      28.7035
      55      29.5027
      56      32.6258
      57      31.0678
      58      30.2807
      59      30.0632
      60      29.9051
      61      29.5293
      62      29.1908
      63      29.6043
      64      29.6400
      65      30.7595
      66      29.3758
      67      30.2867
      68      30.5445
      69      30.1432
      70      28.8736
      71      31.2900
      72      30.6729
      73      31.3859
      74      28.2800
      75      28.0902
      76      30.0950
      77      31.3471
      78      29.8077
      79      30.1089
      80      29.0216
      81      30.2167
      82      30.2517
      83      29.0955
      84      27.9405
      85      29.1582
      86      28.8562
      87      27.2147
      88      28.9585
      89      30.2897
      90      27.6415
      91      27.0785
      92      29.6647
      93      29.5125
      94      27.9871
      95      27.5724
      96      28.5981
      97      28.1737
      98      28.3612
      99      27.6914
     100      30.3921
     101      29.5929
     102      29.3489
     103      29.2619
     104      29.9428
     105      28.2269
     106      29.0864
     107      29.2252
     108      29.8293
     109      28.0316
     110      29.8707
     111      29.4795
     112      26.9512
     113      27.2836
     114      26.9635
     115      28.8457
     116      29.9883
     117      27.7002
     118      29.5333
     119      28.3205
     120      28.6956
     121      30.2473
     122      29.4765
     123      27.3210
     124      28.6894
     125      29.3734
     126      27.8172
     127      27.6717
     128      24.5509
     129      26.8807
     130      26.4046
     131      27.0192
     132      25.7574
     133      27.0333
     134      25.9093
     135      27.2238
     136      29.3745
     137      28.5034
     138      27.4263
     139      28.1027
     140      27.5325
     141      28.2853
     142      28.4806
     143      27.9306
     144      29.4975
     145      27.3817
     146      27.7006
     147      28.2826
     148      28.3574
     149      30.8355
     150      28.0339
     151      29.5806
     152      28.7514
     153      27.3867
     154      30.1398
     155      29.9193
     156      28.9278
     157      27.7810
     158      29.4267
     159      29.4138
     160      28.7656
     161      29.0712
     162      28.5170
     163      27.3386
     164      29.9179
     165      27.1133
     166      26.7328
     167      28.9794
     168      30.3570
     169      26.8926
     170      28.0107
     171      30.5643
     172      27.3693
     173      28.4470
     174      28.8108
     175      28.4152
     176      27.2774
     177      26.8171
     178      27.0325
     179      28.7547
     180      28.3498
     181      27.5540
     182      29.8643
     183      28.7496
     184      29.7091
     185      29.3397
     186      28.6923
     187      29.6792
     188      31.1433
     189      30.1780
     190      28.1851
     191      27.4233
     192      28.4652
     193      27.7347
     194      28.0201
     195      30.2504
     196      29.8724
     197      29.0067
     198      29.0487
     199      28.4817
     200      28.0364
     201      29.5293
     202      29.4170
     203      29.0902
     204      31.2272
     205      29.9659
     206      30.2456
     207      28.6425
     208      28.9830
     209      30.0759
     210      29.6902
     211      28.2563
     212      28.0079
     213      29.2469
     214      28.6965
     215      29.8322
     216      29.7778
     217      29.0440
     218      28.1721
     219      30.0501
     220      27.7409
     221      29.1910
     222      30.3162
     223      30.7429
     224      29.6639
     225      27.1587
     226      27.5377
     227      28.9122
     228      30.0184
     229      29.5211
     230      27.9900
     231      26.4047
     232      25.7326
     233      23.6192
     234      25.1473
     235      26.6379
     236      27.5724
     237      29.3031
     238      29.3421
     239      28.8033
     240      31.7385
     241      28.0706
     242      26.3272
     243      28.1261
     244      26.3808
     245      27.5135
     246      26.6842
     247      26.4903
     248      28.3398
     249      29.7960
     250      28.2060
     251      27.6936
     252      30.5071
     253      28.1830
     254      28.2184
     255      28.8257
     256      28.1499
     257      28.4969
     258      27.4364
     259      26.7025
     260      29.5598
     261      28.2561
     262      29.2246
     263      29.1972
     264      29.4781
     265      30.3918
     266      31.4994
     267      29.3743
     268      30.9546
     269      28.9461
     270      28.7813
     271      27.5891
     272      27.4946
     273      26.9224
     274      25.7000
     275      28.3880
     276      29.1830
     277      28.8620
     278      27.8832
     279      26.8063
     280      26.6792
     281      26.2443
     282      28.3188
     283      29.2939
     284      28.4970
     285      28.6754
     286      30.8543
     287      28.6377
     288      27.5646
     289      26.4391
     290      28.2241
     291      28.6897
     292      28.4493
     293      28.8512
     294      31.4343
     295      31.7310
     296      30.0690
     297      27.1524
     298      28.3679
     299      29.0543
     300      29.4600
     301      30.0946
     302      28.6175
     303      29.7654
     304      29.1641
     305      30.8330
     306      29.1589
     307      26.8139
     308      29.5897
     309      28.3756
     310      29.8798
     311      27.8372
     312      30.6839
     313      29.8408
     314      29.9505
     315      28.7514
     316      29.6824
     317      30.3237
     318      29.3419
     319      29.2971
     320      27.6186
     321      31.3722
     322      29.6006
     323      29.2925
     324      33.1704
     325      32.7503
     326      32.4599
     327      32.9301
     328      32.3230
     329      31.0711
     330      31.7193
     331      33.2512
     332      27.8832
     333      32.4212
     334      31.7202
     335      31.3403
     336      32.8754
     337      34.0381
     338      33.0762
     339      32.7158
     340      33.7102
     341      33.5005
     342      31.7527
     343      32.5468
     344      31.9680
     345      29.7084
     346      28.9871
     347      28.4100
     348      31.1939
     349      30.5599
     350      29.7961
     351      28.3540
     352      29.7694
     353      28.1767
     354      29.8890
     355      28.4662
     356      28.6309
     357      29.8512
     358      27.9878
     359      31.6785
     360      29.2262
     361      30.1287
     362      30.0730
     363      29.9832
     364      28.2764
     365      28.0876
     366      28.3449
     367      28.9225
     368      28.1600
     369      24.9423
     370      25.9952
     371      27.4630
     372      27.0265
     373      28.4643
     374      27.0092
     375      27.0398
     376      28.3162
     377      24.6545
     378      27.8840
     379      27.2947
     380      25.4005
     381      26.4121
     382      27.8155
     383      27.1885
     384      26.4224
     385      26.8857
     386      25.8901
     387      27.5335
     388      26.1300
     389      28.8883
     390      27.5221
     391      28.7331
     392      27.7873
     393      28.1175
     394      27.4145
     395      25.1286
     396      26.6583
     397      27.6793
     398      28.3866
     399      28.7036
     400      26.8083
