#Frame           gap5
       1      29.6601
       2      29.7673
       3      28.3289
       4      28.2387
       5      29.8180
       6      29.1469
       7      30.0313
       8      28.5386
       9      28.4335
      10      29.3487
      11      30.0533
      12      29.1664
      13      29.8875
      14      30.6754
      15      29.6781
      16      29.4759
      17      29.2134
      18      29.1442
      19      29.9662
      20      28.4110
      21      29.0695
      22      30.1580
      23      31.1824
      24      31.6334
      25      29.7328
      26      29.4720
      27      28.1771
      28      27.7235
      29      28.5008
      30      28.8856
      31      27.1488
      32      27.1829
      33      28.3677
      34      29.7159
      35      27.9116
      36      29.8092
      37      28.5490
      38      28.2444
      39      27.1822
      40      29.0728
      41      28.6483
      42      28.7823
      43      30.4639
      44      30.5259
      45      29.5750
      46      29.1983
      47      29.8467
      48      30.8322
      49      29.0887
      50      26.1286
      51      28.5614
      52      28.4894
      53      28.6231
      54      29.4816
      55      30.5624
      56      27.8461
      57      26.9619
      58      29.3386
      59      30.5483
      60      30.2558
      61      28.7886
      62      27.6908
      63      29.2570
      64      29.2662
      65      28.9108
      66      28.5413
      67      31.0545
      68      28.9116
      69      29.4733
      70      31.2047
      71      28.2035
      72      27.7295
      73      27.7072
      74      27.9690
      75      28.6197
      76      26.5077
      77      27.2616
      78      29.2969
      79      28.6151
      80      28.6622
      81      27.8079
      82      31.0754
      83      29.9257
      84      29.2427
      85      30.7696
      86      29.7591
      87      29.6270
      88      26.9726
      89      30.6767
      90      28.9874
      91      29.5913
      92      29.0141
      93      26.2890
      94      28.3708
      95      28.6689
      96      26.9255
      97      26.4713
      98      27.7153
      99      29.7304
     100      28.3951
     101      28.0114
     102      30.9609
     103      30.5870
     104      30.9155
     105      32.0853
     106      32.0054
     107      30.8638
     108      30.7174
     109      28.9986
     110      30.4226
     111      32.1171
     112      30.9762
     113      31.5399
     114      28.3866
     115      31.6903
     116      29.8518
     117      31.1201
     118      30.2202
     119      32.6286
     120      30.8046
     121      29.1873
     122      30.3503
     123      30.2031
     124      29.8926
     125      30.5065
     126      28.9607
     127      30.6335
     128      31.1522
     129      29.9622
     130      30.1791
     131      30.2401
     132      30.5812
     133      29.5656
     134      30.5310
     135      29.1514
     136      29.0311
     137      28.4253
     138      27.7617
     139      27.8454
     140      28.1491
     141      25.9909
     142      28.5882
     143      30.4807
     144      30.1521
     145      29.6778
     146      28.3220
     147      30.8731
     148      29.0515
     149      25.4064
     150      23.9007
     151      23.7036
     152      23.4314
     153      23.3251
     154      23.7521
     155      23.3749
     156      24.8053
     157      24.3843
     158      23.4758
     159      23.3346
     160      22.7724
     161      22.6437
     162      23.5699
     163      23.6433
     164      23.0360
     165      24.4358
     166      23.8819
     167      23.4393
     168      25.3217
     169      25.4012
     170      25.5493
     171      26.0422
     172      25.9834
     173      26.4195
     174      26.8908
     175      26.6284
     176      27.3232
     177      24.9303
     178      26.5834
     179      26.8733
     180      27.2780
     181      26.7367
     182      27.9299
     183      29.8132
     184      30.5827
     185      27.5267
     186      29.6911
     187      29.9197
     188      30.9027
     189      29.3060
     190      29.0337
     191      30.2199
     192      30.3986
     193      28.7429
     194      28.6689
     195      28.2642
     196      30.2060
     197      28.5889
     198      28.0137
     199      27.5038
     200      27.0163
     201      27.7702
     202      29.9524
     203      29.5520
     204      29.8367
     205      29.5126
     206      28.8057
     207      27.5774
     208      26.6732
     209      26.4693
     210      26.2287
     211      28.7136
     212      26.9310
     213      27.5098
     214      27.2564
     215      29.6140
     216      29.1732
     217      30.7975
     218      30.0269
     219      31.9497
     220      33.0466
     221      31.4099
     222      31.9083
     223      31.3644
     224      32.8347
     225      29.4331
     226      30.4190
     227      29.7949
     228      28.8686
     229      27.2754
     230      28.9902
     231      28.6973
     232      29.5318
     233      31.2604
     234      29.0122
     235      29.7785
     236      31.7703
     237      31.3402
     238      30.6402
     239      31.9192
     240      29.4989
     241      29.8786
     242      28.7738
     243      29.8472
     244      29.5879
     245      28.3410
     246      28.7144
     247      28.5973
     248      29.4475
     249      28.9593
     250      29.1024
     251      27.6435
     252      32.5619
     253      29.6213
     254      27.9288
     255      29.6961
     256      29.0539
     257      28.8560
     258      29.4805
     259      28.7414
     260      29.7376
     261      28.1781
     262      29.1634
     263      32.0477
     264      31.0473
     265      30.7612
     266      30.5723
     267      29.9248
     268      31.3772
     269      31.3112
     270      30.8319
     271      30.9446
     272      30.7178
     273      29.1776
     274      29.8426
     275      29.9529
     276      31.2880
     277      31.7683
     278      29.8052
     279      30.3374
     280      30.9328
     281      30.3288
     282      28.2107
     283      27.1925
     284      29.7561
     285      28.3941
     286      28.8258
     287      30.4075
     288      29.4512
     289      30.4236
     290      28.9015
     291      27.6345
     292      30.0514
     293      29.2080
     294      27.1790
     295      26.0864
     296      28.6760
     297      28.5525
     298      27.0993
     299      28.1036
     300      26.6825
     301      29.1959
     302      25.7382
     303      28.3853
     304      28.7264
     305      28.1637
     306      28.5674
     307      28.1947
     308      28.2838
     309      28.9112
     310      30.0586
     311      30.2818
     312      28.0248
     313      28.3788
     314      28.8530
     315      26.8456
     316      29.4837
     317      28.5376
     318      27.6902
     319      29.4806
     320      27.9254
     321      30.4362
     322      30.2852
     323      29.1602
     324      27.0756
     325      27.1026
     326      27.9805
     327      27.2834
     328      26.4123
     329      28.8758
     330      28.1380
     331      28.9579
     332      28.8752
     333      29.6907
     334      30.5864
     335      28.8466
     336      28.6637
     337      27.7041
     338      27.0907
     339      27.2347
     340      27.8894
     341      31.5432
     342      32.5659
     343      30.1798
     344      28.5156
     345      27.4634
     346      26.3506
     347      28.1046
     348      28.9151
     349      29.2142
     350      27.9482
     351      28.7377
     352      28.8171
     353      27.6465
     354      27.4605
     355      26.3862
     356      27.4026
     357      28.8008
     358      28.2293
     359      28.7726
     360      29.0043
     361      28.5517
     362      28.3080
     363      29.3810
     364      29.4360
     365      27.7570
     366      27.8648
     367      27.3251
     368      26.6863
     369      27.3844
     370      27.2393
     371      29.1068
     372      29.9548
     373      28.0616
     374      27.3061
     375      26.5876
     376      24.4703
     377      23.8444
     378      24.0767
     379      24.3408
     380      23.4688
     381      24.4144
     382      24.1659
     383      24.3718
     384      24.1474
     385      23.9407
     386      23.2105
     387      24.9522
     388      25.2588
     389      24.9359
     390      23.2340
     391      24.4411
     392      25.0999
     393      24.4257
     394      26.6321
     395      28.2322
     396      29.4201
     397      27.1775
     398      27.8890
     399      26.7329
     400      27.5628
