#Frame           gap4
       1      26.9328
       2      26.5754
       3      24.5747
       4      24.5230
       5      23.6129
       6      25.0151
       7      26.0982
       8      25.0442
       9      25.2135
      10      25.5703
      11      25.8858
      12      26.2036
      13      25.9779
      14      25.6696
      15      24.5127
      16      25.2844
      17      24.9327
      18      25.9606
      19      26.5303
      20      26.4588
      21      26.7317
      22      23.9558
      23      27.4110
      24      27.5442
      25      25.1673
      26      26.6252
      27      26.5849
      28      26.3154
      29      26.2253
      30      24.7753
      31      24.1361
      32      24.3465
      33      25.2133
      34      25.7701
      35      26.9386
      36      26.9032
      37      25.5332
      38      25.5009
      39      24.6967
      40      28.1710
      41      28.2268
      42      27.7181
      43      27.6383
      44      27.1829
      45      25.8988
      46      26.0507
      47      26.3660
      48      27.5855
      49      28.3752
      50      26.3503
      51      25.6452
      52      25.2052
      53      27.7551
      54      25.7895
      55      27.2093
      56      27.5161
      57      27.4344
      58      25.9743
      59      27.3328
      60      27.5023
      61      27.7992
      62      24.7701
      63      27.4172
      64      28.4893
      65      28.7379
      66      27.6799
      67      26.7858
      68      26.1904
      69      26.8959
      70      26.9999
      71      26.4587
      72      28.6372
      73      27.3990
      74      25.5820
      75      24.6235
      76      25.0562
      77      25.4466
      78      27.6971
      79      27.8713
      80      25.6339
      81      26.2676
      82      26.6054
      83      26.9600
      84      28.3812
      85      27.9435
      86      27.0474
      87      27.1073
      88      27.5485
      89      25.6805
      90      24.7542
      91      24.3186
      92      25.4849
      93      25.5760
      94      24.6319
      95      24.4051
      96      26.5277
      97      25.7246
      98      26.0658
      99      26.3377
     100      26.6233
     101      27.1907
     102      28.2330
     103      27.6458
     104      27.7593
     105      26.5665
     106      28.8088
     107      29.4797
     108      26.6993
     109      27.6754
     110      28.9889
     111      29.0642
     112      29.4923
     113      27.6423
     114      27.6402
     115      27.8332
     116      27.4497
     117      27.6572
     118      30.3829
     119      28.1463
     120      28.1800
     121      27.5648
     122      30.0613
     123      30.4552
     124      29.3452
     125      27.7399
     126      29.0942
     127      27.5085
     128      28.0605
     129      26.9521
     130      27.9341
     131      27.7328
     132      28.0460
     133      27.5956
     134      28.3979
     135      25.1325
     136      27.8748
     137      27.0252
     138      25.7959
     139      26.1426
     140      26.4640
     141      28.3076
     142      26.5111
     143      24.9197
     144      27.1907
     145      28.5948
     146      28.6440
     147      27.9247
     148      27.7504
     149      25.8126
     150      26.4309
     151      26.6420
     152      28.7715
     153      29.8436
     154      27.5370
     155      29.3124
     156      27.3427
     157      29.0778
     158      29.7684
     159      28.9670
     160      26.3462
     161      26.3033
     162      26.5930
     163      29.2683
     164      26.3749
     165      26.2374
     166      26.2244
     167      26.6452
     168      27.0806
     169      28.8565
     170      27.2663
     171      26.3124
     172      26.6387
     173      26.1127
     174      27.6383
     175      28.5910
     176      28.7805
     177      28.3635
     178      26.5515
     179      28.8277
     180      27.6942
     181      27.5394
     182      26.6843
     183      26.2758
     184      25.7976
     185      26.3138
     186      27.9646
     187      27.5336
     188      27.7592
     189      27.7388
     190      27.6281
     191      28.4665
     192      28.5738
     193      27.5827
     194      27.8681
     195      28.4960
     196      29.1912
     197      29.6670
     198      29.0791
     199      28.3661
     200      27.1822
     201      28.0175
     202      27.4983
     203      27.4968
     204      27.7967
     205      28.5193
     206      29.3503
     207      28.4052
     208      27.4232
     209      28.4486
     210      28.5300
     211      26.8823
     212      29.0680
     213      28.2893
     214      27.5116
     215      30.2177
     216      28.3129
     217      29.0576
     218      29.6420
     219      27.1356
     220      29.5675
     221      26.9158
     222      26.5832
     223      25.8314
     224      27.4428
     225      27.3763
     226      26.1769
     227      27.1881
     228      26.9099
     229      27.7214
     230      28.1981
     231      28.4086
     232      28.4831
     233      27.0562
     234      27.4486
     235      27.0222
     236      26.0019
     237      28.1838
     238      26.2696
     239      26.9925
     240      24.7956
     241      26.0506
     242      27.6302
     243      25.8264
     244      28.1636
     245      28.5244
     246      27.8969
     247      27.0761
     248      26.8671
     249      26.7675
     250      27.3132
     251      26.1364
     252      26.2411
     253      27.0719
     254      26.4652
     255      26.2358
     256      25.5734
     257      25.5530
     258      24.9498
     259      26.1152
     260      26.2172
     261      25.7971
     262      27.4006
     263      25.4657
     264      26.4286
     265      27.6926
     266      27.7716
     267      27.5792
     268      27.6490
     269      26.7335
     270      27.1658
     271      26.1421
     272      25.0149
     273      26.6119
     274      26.9380
     275      26.1814
     276      26.2250
     277      28.8424
     278      25.3701
     279      25.0467
     280      25.1245
     281      26.3149
     282      26.2151
     283      24.8942
     284      26.8603
     285      24.7478
     286      24.9613
     287      26.0688
     288      26.7247
     289      26.5179
     290      26.3793
     291      25.9201
     292      26.5721
     293      25.5483
     294      24.4486
     295      26.3276
     296      26.9649
     297      26.4681
     298      26.9226
     299      25.9856
     300      23.3926
     301      24.4099
     302      25.6135
     303      25.2786
     304      25.5502
     305      24.6212
     306      25.9372
     307      25.7092
     308      25.6592
     309      24.9156
     310      26.2512
     311      26.8188
     312      27.2691
     313      24.8466
     314      25.7744
     315      24.9250
     316      23.9042
     317      26.1924
     318      25.6196
     319      24.8673
     320      26.0090
     321      26.1944
     322      24.9636
     323      26.0171
     324      25.0468
     325      24.5653
     326      26.3987
     327      25.2771
     328      25.4439
     329      25.8539
     330      23.8590
     331      23.9532
     332      23.6806
     333      22.5163
     334      23.5834
     335      24.5968
     336      24.4940
     337      24.5203
     338      26.1244
     339      25.7868
     340      24.9180
     341      25.0182
     342      25.6067
     343      24.7513
     344      25.8447
     345      24.5204
     346      24.2251
     347      23.5217
     348      24.8813
     349      25.8969
     350      27.8288
     351      26.9219
     352      26.7832
     353      26.8420
     354      24.5170
     355      24.4289
     356      24.4935
     357      24.2654
     358      24.1456
     359      24.6281
     360      25.8292
     361      24.8760
     362      25.0476
     363      24.7186
     364      25.4272
     365      24.7667
     366      24.8442
     367      26.2500
     368      26.1524
     369      26.0741
     370      28.0693
     371      27.2115
     372      26.3723
     373      26.9855
     374      24.6518
     375      23.0580
     376      23.3823
     377      24.8999
     378      23.6230
     379      22.6329
     380      22.7912
     381      22.5505
     382      22.0332
     383      20.7303
     384      23.1546
     385      23.5219
     386      24.2935
     387      22.2905
     388      23.5582
     389      23.8505
     390      23.2524
     391      23.6359
     392      24.2048
     393      23.7104
     394      25.1178
     395      24.4675
     396      23.3997
     397      23.6667
     398      24.9341
     399      24.2456
     400      24.7686
