#Frame           gap2
       1      27.8098
       2      27.0307
       3      26.5767
       4      28.3815
       5      26.6206
       6      26.5912
       7      26.4093
       8      28.5627
       9      27.6885
      10      28.6901
      11      25.2402
      12      26.2604
      13      26.3633
      14      23.4146
      15      26.0468
      16      26.7571
      17      27.0028
      18      25.4695
      19      26.5159
      20      26.7984
      21      27.4230
      22      27.7743
      23      27.8559
      24      27.3883
      25      24.8832
      26      25.9680
      27      25.9773
      28      27.4155
      29      27.1631
      30      28.1810
      31      27.9381
      32      26.1096
      33      26.1883
      34      26.8360
      35      24.3779
      36      24.8882
      37      25.5398
      38      25.6240
      39      27.4065
      40      25.7565
      41      24.9702
      42      27.8399
      43      26.0324
      44      25.8161
      45      26.5369
      46      26.7901
      47      26.0396
      48      26.5333
      49      27.4817
      50      28.4084
      51      27.7346
      52      25.3189
      53      27.0288
      54      27.3017
      55      28.7904
      56      26.4733
      57      26.8185
      58      26.2933
      59      28.2180
      60      27.6691
      61      25.6431
      62      26.7127
      63      27.4698
      64      27.2222
      65      29.1264
      66      26.5224
      67      26.7157
      68      27.6770
      69      27.2419
      70      28.1664
      71      27.5937
      72      27.8583
      73      24.9731
      74      26.5951
      75      26.5031
      76      29.2052
      77      24.5904
      78      26.1428
      79      24.6268
      80      24.8906
      81      24.9725
      82      25.2855
      83      26.3954
      84      25.6807
      85      25.9894
      86      25.5972
      87      25.4980
      88      24.9075
      89      24.6765
      90      25.2207
      91      26.0280
      92      26.9424
      93      27.5018
      94      24.6145
      95      27.1048
      96      28.5770
      97      25.3758
      98      27.2154
      99      27.4391
     100      27.5921
     101      27.9955
     102      26.9352
     103      25.6682
     104      25.5216
     105      26.0600
     106      27.0731
     107      25.6525
     108      27.6648
     109      25.0021
     110      26.5252
     111      25.3526
     112      24.4919
     113      25.4909
     114      26.7560
     115      26.8498
     116      27.1893
     117      26.6363
     118      27.4869
     119      25.3684
     120      27.1092
     121      26.0816
     122      25.8721
     123      26.1888
     124      27.7308
     125      26.0709
     126      26.4973
     127      24.2701
     128      26.0330
     129      26.8757
     130      27.8648
     131      26.1420
     132      26.8703
     133      27.8885
     134      27.6554
     135      25.3014
     136      28.4356
     137      27.9315
     138      27.3341
     139      28.0483
     140      27.6416
     141      27.5762
     142      25.6801
     143      27.5290
     144      28.4297
     145      29.0748
     146      28.1648
     147      27.6574
     148      27.0002
     149      26.4056
     150      27.5783
     151      26.1203
     152      26.8992
     153      26.6853
     154      27.2721
     155      27.1606
     156      26.3451
     157      27.3460
     158      27.7830
     159      30.5706
     160      26.5085
     161      28.2797
     162      29.0786
     163      27.4795
     164      30.4214
     165      29.2809
     166      26.6617
     167      26.9717
     168      28.1304
     169      27.1555
     170      28.1906
     171      27.2916
     172      26.7147
     173      26.6776
     174      26.7652
     175      28.2801
     176      26.2329
     177      27.1135
     178      25.7029
     179      26.4151
     180      29.2275
     181      26.7141
     182      26.1109
     183      26.3135
     184      26.6352
     185      26.3817
     186      26.1253
     187      28.4717
     188      28.7426
     189      28.5052
     190      28.3933
     191      27.4334
     192      27.7089
     193      24.8434
     194      26.5973
     195      26.5247
     196      25.6716
     197      28.0793
     198      28.0225
     199      27.6146
     200      27.2451
     201      27.2911
     202      27.3853
     203      28.7279
     204      27.9726
     205      29.5283
     206      28.6448
     207      28.0840
     208      27.2423
     209      26.2607
     210      26.5618
     211      26.9178
     212      26.7272
     213      28.3076
     214      29.3629
     215      27.8379
     216      28.2971
     217      27.5722
     218      28.0877
     219      27.7589
     220      28.8421
     221      29.8737
     222      27.6186
     223      26.8893
     224      26.9454
     225      27.5730
     226      25.4877
     227      27.4171
     228      28.7858
     229      27.2885
     230      26.4275
     231      24.2627
     232      25.4914
     233      27.5054
     234      25.1418
     235      26.0931
     236      23.6694
     237      24.6521
     238      23.5354
     239      26.0013
     240      25.8058
     241      26.6127
     242      24.8873
     243      26.0176
     244      23.7109
     245      25.5232
     246      25.6348
     247      24.3536
     248      23.9399
     249      24.4240
     250      26.4710
     251      26.3676
     252      27.0375
     253      26.6459
     254      25.4942
     255      25.5421
     256      26.3578
     257      24.7026
     258      26.6080
     259      25.6760
     260      25.2804
     261      26.8837
     262      24.9936
     263      24.1246
     264      26.2499
     265      24.3704
     266      25.2810
     267      25.1277
     268      24.6709
     269      24.4007
     270      24.1627
     271      24.9966
     272      25.1170
     273      25.9297
     274      24.4865
     275      24.1542
     276      24.2972
     277      22.8819
     278      24.6453
     279      23.3726
     280      26.1458
     281      24.0496
     282      24.4012
     283      24.1269
     284      26.1604
     285      26.4552
     286      25.5329
     287      24.8530
     288      25.3191
     289      26.8904
     290      26.6215
     291      25.5081
     292      25.1363
     293      26.3288
     294      24.7026
     295      26.1990
     296      24.8835
     297      26.7151
     298      24.8560
     299      24.8150
     300      25.7314
     301      27.3964
     302      25.9567
     303      25.3045
     304      25.9206
     305      27.1155
     306      27.2065
     307      26.5025
     308      24.6266
     309      25.3908
     310      23.8950
     311      24.7238
     312      24.8055
     313      24.7579
     314      26.3598
     315      24.7216
     316      26.8663
     317      23.9188
     318      26.2061
     319      24.3013
     320      24.0806
     321      24.4639
     322      25.2325
     323      23.3808
     324      24.4016
     325      24.0654
     326      25.4139
     327      24.7130
     328      23.8514
     329      23.6040
     330      23.9818
     331      24.8109
     332      25.1365
     333      24.1662
     334      24.6513
     335      26.4258
     336      26.6179
     337      27.4354
     338      26.9145
     339      26.8265
     340      23.7958
     341      26.6462
     342      25.7904
     343      26.1223
     344      23.3206
     345      23.0117
     346      23.6158
     347      24.5488
     348      23.7801
     349      24.0819
     350      25.7527
     351      25.9527
     352      24.2728
     353      25.5888
     354      26.1221
     355      24.5859
     356      23.3723
     357      24.4025
     358      24.8166
     359      24.4384
     360      25.0478
     361      26.6160
     362      26.1977
     363      26.6554
     364      26.5701
     365      28.1816
     366      26.7939
     367      27.1757
     368      25.3851
     369      26.5011
     370      26.6707
     371      26.6149
     372      25.0827
     373      25.8443
     374      25.4571
     375      24.1332
     376      24.9065
     377      24.8392
     378      24.0723
     379      24.1773
     380      25.6902
     381      26.8783
     382      26.5742
     383      25.2812
     384      24.5057
     385      24.4414
     386      24.4199
     387      24.9742
     388      25.1617
     389      25.4733
     390      23.7023
     391      25.3345
     392      25.1424
     393      24.3194
     394      25.1211
     395      23.8298
     396      24.3512
     397      24.4250
     398      25.1203
     399      26.6071
     400      26.7946
