#Frame      end1_rmsd
       1       0.0000
       2       2.5563
       3       2.9037
       4       3.2223
       5       2.5302
       6       2.2648
       7       2.8686
       8       3.3738
       9       2.2941
      10       2.1330
      11       3.9318
      12       2.4993
      13       3.4965
      14       2.1468
      15       2.8061
      16       2.3543
      17       3.3254
      18       2.6966
      19       3.7333
      20       2.6973
      21       3.2415
      22       2.1975
      23       2.7983
      24       2.2790
      25       2.7663
      26       1.8682
      27       2.5605
      28       2.6193
      29       2.8409
      30       2.9672
      31       2.7751
      32       3.2108
      33       2.6433
      34       2.7105
      35       3.3602
      36       2.5123
      37       2.4829
      38       2.2652
      39       3.0966
      40       2.9005
      41       2.5152
      42       2.4746
      43       3.9764
      44       3.3365
      45       2.4156
      46       2.6472
      47       2.5577
      48       3.4721
      49       3.5792
      50       3.4668
      51       2.5067
      52       3.5923
      53       2.7497
      54       3.9905
      55       2.8314
      56       2.7580
      57       2.3869
      58       2.6873
      59       3.5690
      60       4.8959
      61       3.5135
      62       2.7759
      63       4.3275
      64       3.0963
      65       2.9298
      66       3.5066
      67       2.9695
      68       2.8712
      69       2.6581
      70       2.2143
      71       2.5956
      72       2.4969
      73       3.5832
      74       2.7572
      75       3.3132
      76       3.1912
      77       3.0191
      78       2.6886
      79       2.2845
      80       2.2458
      81       2.7490
      82       2.0921
      83       2.6807
      84       2.2283
      85       2.8138
      86       2.9221
      87       3.6853
      88       4.0814
      89       3.5404
      90       2.9326
      91       3.0799
      92       3.2530
      93       5.2771
      94       2.0167
      95       3.3511
      96       3.3716
      97       2.9977
      98       3.4763
      99       2.4893
     100       2.1064
     101       3.3229
     102       3.0347
     103       4.1156
     104       3.8375
     105       2.4746
     106       2.4749
     107       4.0606
     108       3.2830
     109       3.4676
     110       2.5648
     111       2.5532
     112       3.4363
     113       4.0336
     114       3.9127
     115       3.7064
     116       3.1030
     117       4.7528
     118       3.8715
     119       4.2386
     120       3.5979
     121       3.6459
     122       5.0464
     123       4.1645
     124       5.2946
     125       4.7542
     126       3.2959
     127       3.8580
     128       4.1708
     129       3.5387
     130       4.3690
     131       3.9383
     132       3.1718
     133       3.9154
     134       5.0625
     135       5.3613
     136       2.5801
     137       4.0117
     138       3.0440
     139       2.9121
     140       2.8943
     141       3.4819
     142       3.3114
     143       2.9784
     144       2.1372
     145       2.8289
     146       3.0048
     147       3.2806
     148       2.9646
     149       2.8775
     150       2.9138
     151       3.3998
     152       4.4518
     153       4.1744
     154       3.5328
     155       3.6610
     156       3.3974
     157       3.2214
     158       3.8807
     159       2.6109
     160       3.2473
     161       4.1615
     162       3.4628
     163       4.3468
     164       4.3751
     165       4.9361
     166       5.1435
     167       5.2964
     168       4.9324
     169       5.0135
     170       5.0624
     171       3.4092
     172       4.8621
     173       3.5563
     174       4.1847
     175       4.2892
     176       3.8837
     177       2.8936
     178       3.3306
     179       3.4151
     180       2.8249
     181       3.2431
     182       2.7854
     183       2.9760
     184       2.6605
     185       3.3040
     186       3.3585
     187       2.7227
     188       3.0514
     189       2.6929
     190       3.4269
     191       2.6129
     192       2.4442
     193       2.8452
     194       2.4671
     195       2.9102
     196       2.9097
     197       3.3825
     198       3.8868
     199       2.6103
     200       2.9333
     201       2.6585
     202       3.3801
     203       3.6724
     204       4.4810
     205       2.8274
     206       2.6379
     207       2.8290
     208       2.5530
     209       2.9657
     210       2.8295
     211       3.3826
     212       3.4894
     213       3.2269
     214       3.3693
     215       3.2309
     216       3.8995
     217       3.4441
     218       3.0739
     219       2.8995
     220       2.3303
     221       2.4993
     222       2.3595
     223       2.9260
     224       3.4433
     225       2.8929
     226       2.2932
     227       2.7864
     228       3.1910
     229       2.9759
     230       4.2270
     231       3.0592
     232       4.2312
     233       4.1937
     234       3.6392
     235       4.1067
     236       4.1073
     237       3.8353
     238       3.8828
     239       3.8069
     240       4.0007
     241       3.7086
     242       3.3952
     243       3.7421
     244       4.0482
     245       4.6541
     246       3.6493
     247       3.8968
     248       3.7847
     249       5.1621
     250       4.9676
     251       4.8329
     252       4.4029
     253       3.6552
     254       4.1338
     255       5.5255
     256       3.8376
     257       4.3935
     258       3.8027
     259       4.5247
     260       5.3767
     261       5.5118
     262       6.4878
     263       5.4731
     264       5.1509
     265       6.2972
     266       5.0943
     267       5.5427
     268       5.2949
     269       4.6815
     270       5.1071
     271       4.6372
     272       4.9663
     273       4.4663
     274       5.0739
     275       4.3954
     276       4.9013
     277       4.0948
     278       4.0684
     279       5.1626
     280       4.6428
     281       5.0826
     282       5.5167
     283       4.2367
     284       4.3500
     285       4.4973
     286       5.4174
     287       4.5021
     288       4.1741
     289       4.2163
     290       4.3411
     291       4.7784
     292       4.3154
     293       4.8471
     294       5.2992
     295       3.2732
     296       3.5780
     297       2.6126
     298       2.8957
     299       2.4704
     300       2.7026
     301       1.8782
     302       2.9432
     303       3.5656
     304       3.6628
     305       3.0960
     306       2.2898
     307       2.3992
     308       3.3770
     309       3.5754
     310       4.7127
     311       2.7116
     312       2.9187
     313       2.9402
     314       3.3290
     315       3.6990
     316       3.3612
     317       4.4326
     318       2.4956
     319       3.0520
     320       3.3574
     321       2.7517
     322       2.5589
     323       2.3919
     324       2.6863
     325       2.7652
     326       3.2038
     327       2.5082
     328       2.6419
     329       3.3019
     330       3.0385
     331       3.2150
     332       2.6562
     333       3.3535
     334       3.7240
     335       4.2556
     336       3.8300
     337       2.5156
     338       3.8329
     339       2.6494
     340       3.2519
     341       2.9704
     342       2.2510
     343       2.6127
     344       2.8604
     345       3.2680
     346       3.0414
     347       2.9844
     348       2.1394
     349       2.3487
     350       4.0336
     351       5.8290
     352       5.4219
     353       4.5379
     354       5.3659
     355       5.5073
     356       3.7937
     357       4.8892
     358       3.6172
     359       4.0168
     360       4.0391
     361       3.6731
     362       3.9966
     363       2.6125
     364       3.4888
     365       3.5173
     366       2.9443
     367       3.2791
     368       3.1763
     369       3.5868
     370       3.2547
     371       1.9411
     372       3.8313
     373       3.1862
     374       3.6062
     375       3.9464
     376       4.2668
     377       5.0484
     378       3.6435
     379       2.8588
     380       3.1546
     381       4.0516
     382       3.1378
     383       3.8076
     384       3.3679
     385       3.6059
     386       3.7433
     387       3.8865
     388       3.5518
     389       3.4812
     390       3.5813
     391       2.9972
     392       2.4632
     393       2.7556
     394       4.5225
     395       3.6634
     396       3.4789
     397       4.2974
     398       4.1995
     399       2.5233
     400       3.2503
