#Frame      end2_rmsd
       1       0.0000
       2       2.0234
       3       3.2744
       4       3.8760
       5       1.9526
       6       3.3470
       7       3.5722
       8       3.0316
       9       2.7729
      10       3.3280
      11       2.8510
      12       4.0877
      13       1.8619
      14       2.3327
      15       2.1051
      16       3.5903
      17       3.6407
      18       2.2953
      19       3.4877
      20       2.8226
      21       2.8984
      22       2.3073
      23       2.9594
      24       2.5660
      25       3.2515
      26       3.2761
      27       3.5962
      28       3.5227
      29       4.0409
      30       4.0364
      31       3.0402
      32       3.6876
      33       2.6051
      34       4.2719
      35       4.6252
      36       2.4870
      37       3.0906
      38       3.5613
      39       2.6870
      40       3.2284
      41       2.5869
      42       2.6962
      43       2.8754
      44       2.5914
      45       2.9452
      46       3.1498
      47       3.3035
      48       2.6921
      49       3.2719
      50       2.7622
      51       3.2381
      52       3.0999
      53       2.8396
      54       2.3891
      55       2.7356
      56       3.1785
      57       2.5988
      58       2.2889
      59       2.2703
      60       2.6326
      61       3.0824
      62       3.1147
      63       3.3597
      64       2.8058
      65       3.4570
      66       3.6282
      67       4.0721
      68       3.0564
      69       4.2882
      70       3.2402
      71       2.9112
      72       3.6829
      73       4.0873
      74       3.7576
      75       3.2145
      76       2.6193
      77       2.7107
      78       2.5815
      79       3.7328
      80       2.6109
      81       3.4413
      82       3.2174
      83       3.3542
      84       2.7750
      85       2.7167
      86       4.5151
      87       3.7631
      88       3.0846
      89       2.8355
      90       2.5617
      91       2.7422
      92       3.8532
      93       2.8230
      94       3.0993
      95       3.8409
      96       2.9103
      97       1.8281
      98       3.5615
      99       3.5377
     100       3.8718
     101       5.3785
     102       2.8309
     103       3.5250
     104       4.1143
     105       3.4143
     106       4.8104
     107       4.4480
     108       2.7299
     109       3.3380
     110       3.3453
     111       4.3116
     112       4.8937
     113       5.3047
     114       5.1339
     115       4.2873
     116       5.0250
     117       5.6539
     118       4.8455
     119       6.3293
     120       5.8296
     121       4.8195
     122       5.5545
     123       3.5653
     124       4.4341
     125       6.0025
     126       7.8326
     127       7.6441
     128       8.4598
     129       7.8306
     130       7.4128
     131       5.9376
     132       6.8242
     133       5.4075
     134       6.6433
     135       6.1594
     136       6.3250
     137       5.5399
     138       4.1075
     139       5.7874
     140       8.6216
     141       7.6376
     142       9.1720
     143       7.8520
     144       8.7329
     145       6.9873
     146       6.4125
     147       8.2569
     148       6.0658
     149       6.1349
     150       5.3033
     151       6.9446
     152       6.7930
     153       7.5788
     154       6.8354
     155       5.7149
     156       4.5187
     157       5.3538
     158       6.4815
     159       8.2361
     160       6.6781
     161       5.7948
     162       5.4411
     163       6.2834
     164       7.2263
     165       5.7525
     166       6.0813
     167       6.7620
     168       5.2779
     169       5.2062
     170       4.4748
     171       5.3739
     172       5.1551
     173       4.7807
     174       4.2945
     175       6.4988
     176       4.7074
     177       5.4399
     178       5.2049
     179       4.7610
     180       5.0405
     181       4.9656
     182       5.2506
     183       4.3215
     184       2.7551
     185       5.0928
     186       4.7027
     187       3.6386
     188       4.3978
     189       4.6572
     190       5.5561
     191       3.3326
     192       3.2043
     193       4.0142
     194       4.5509
     195       5.0815
     196       6.3480
     197       4.4228
     198       4.4347
     199       3.9815
     200       4.7062
     201       4.3847
     202       3.9024
     203       4.9243
     204       4.1275
     205       4.2100
     206       4.3724
     207       4.2037
     208       4.3167
     209       6.4463
     210       6.7347
     211       6.3503
     212       4.6238
     213       3.6205
     214       3.8077
     215       4.6647
     216       3.7300
     217       4.4184
     218       4.7540
     219       4.3811
     220       4.4666
     221       6.2171
     222       5.4434
     223       6.9015
     224       6.6757
     225       4.9074
     226       5.1737
     227       4.8000
     228       4.2161
     229       5.4983
     230       5.3160
     231       4.7753
     232       4.4900
     233       4.5741
     234       6.2596
     235       5.7578
     236       4.8055
     237       4.7223
     238       4.7237
     239       5.6306
     240       5.5254
     241       4.8498
     242       7.7054
     243       5.8540
     244       5.4121
     245       7.5299
     246       5.7594
     247       6.1634
     248       5.5470
     249       3.8420
     250       6.1043
     251       5.1222
     252       8.6036
     253       6.3459
     254       7.4928
     255       5.4411
     256       7.5046
     257       5.8189
     258       6.3909
     259       7.3115
     260       8.2427
     261       8.9368
     262       9.5681
     263       8.7784
     264       8.1881
     265       9.2169
     266       6.9871
     267       6.2889
     268       6.5099
     269       6.9986
     270       6.6300
     271       6.0539
     272       4.8911
     273       5.4434
     274       6.7083
     275       5.7139
     276       5.9368
     277       7.1281
     278       7.0610
     279       7.0215
     280       6.5884
     281       5.3060
     282       7.3946
     283       6.9715
     284       5.8075
     285       4.9800
     286       6.4769
     287       5.7929
     288       5.5247
     289       7.1651
     290       4.9343
     291       5.7212
     292       5.2000
     293       4.9747
     294       6.1211
     295       7.7607
     296       7.9887
     297       7.2236
     298       9.0503
     299       9.4168
     300      10.1179
     301      10.4487
     302       8.3982
     303       9.1560
     304       8.6241
     305      10.4521
     306       8.6171
     307       9.3416
     308       9.0136
     309       8.5320
     310       8.8715
     311      10.0441
     312      10.4284
     313      11.7819
     314       9.9959
     315      11.6557
     316      11.3447
     317      10.9706
     318       8.6792
     319      10.1370
     320      11.3553
     321      10.2765
     322      10.7058
     323       8.9055
     324       9.7408
     325      11.3097
     326      11.3502
     327      10.1170
     328      10.7223
     329      10.7751
     330      10.9161
     331      11.4536
     332      12.0519
     333      11.4438
     334      11.8217
     335      10.2665
     336      10.4170
     337       9.0029
     338      10.7711
     339      11.5623
     340      12.7942
     341       8.5477
     342      11.0260
     343      10.2261
     344      10.6033
     345       9.8456
     346       9.6760
     347      10.1027
     348      11.4728
     349      11.0699
     350       9.3863
     351      10.7160
     352      10.9115
     353      12.5480
     354       8.6592
     355       7.1071
     356       6.9880
     357       7.7905
     358       7.8450
     359       7.9660
     360       7.7331
     361       8.0367
     362       8.0039
     363       7.5494
     364       7.6101
     365       6.1889
     366       7.5494
     367       8.9368
     368       8.9085
     369       8.1146
     370       7.5841
     371       7.7459
     372       6.7526
     373       6.5418
     374       5.9246
     375       6.8083
     376       7.5909
     377       5.9249
     378       7.1449
     379       6.7362
     380       6.0994
     381       5.3995
     382       7.5113
     383       9.2373
     384       8.6938
     385       8.3779
     386       8.0003
     387      10.3716
     388       9.4886
     389       9.3689
     390      10.6963
     391       9.6751
     392      10.0992
     393       9.2488
     394       9.7148
     395      10.0938
     396       8.6439
     397       9.1411
     398       8.7964
     399       9.4609
     400       8.4287
