#Frame      end1_rmsd
       1       0.0000
       2       2.8841
       3       1.6694
       4       2.1835
       5       2.0134
       6       1.1535
       7       1.8399
       8       3.0426
       9       2.6434
      10       1.8860
      11       2.7923
      12       2.5766
      13       2.4761
      14       2.5401
      15       3.0753
      16       3.0488
      17       1.8801
      18       2.1374
      19       3.0711
      20       1.7625
      21       2.7363
      22       2.9872
      23       2.3748
      24       2.3408
      25       2.5705
      26       1.9843
      27       1.7463
      28       2.3045
      29       2.2317
      30       2.4165
      31       3.1950
      32       3.2142
      33       1.6410
      34       2.1587
      35       2.6494
      36       3.1083
      37       3.3118
      38       2.1760
      39       4.2338
      40       2.0896
      41       3.0816
      42       3.3954
      43       3.1930
      44       3.8419
      45       3.2341
      46       3.3431
      47       3.2195
      48       3.8418
      49       2.9477
      50       2.1883
      51       2.3067
      52       2.9099
      53       2.8574
      54       2.4039
      55       1.9650
      56       2.6881
      57       2.7536
      58       3.6506
      59       2.8253
      60       2.8316
      61       1.6408
      62       3.1850
      63       3.1977
      64       3.5591
      65       3.2216
      66       4.5041
      67       3.4887
      68       2.3656
      69       2.7718
      70       2.8807
      71       2.3678
      72       3.6765
      73       3.1741
      74       2.4178
      75       2.9037
      76       3.1378
      77       1.6792
      78       1.9355
      79       2.4390
      80       3.2671
      81       4.2355
      82       2.1749
      83       2.0822
      84       2.2711
      85       2.8959
      86       2.0230
      87       2.2125
      88       2.0359
      89       2.1578
      90       1.7751
      91       1.9008
      92       2.2670
      93       2.5023
      94       2.9260
      95       2.4065
      96       2.7446
      97       2.8171
      98       2.3923
      99       2.7285
     100       3.1508
     101       2.8659
     102       2.4115
     103       2.3539
     104       2.1888
     105       2.2143
     106       3.0565
     107       3.1938
     108       2.1133
     109       2.4442
     110       2.2412
     111       2.4218
     112       2.3088
     113       1.7013
     114       1.7889
     115       2.6742
     116       1.6738
     117       3.3777
     118       2.3539
     119       2.8626
     120       1.8893
     121       2.6411
     122       2.2116
     123       2.6172
     124       3.0181
     125       2.3861
     126       1.4454
     127       2.5208
     128       2.3852
     129       2.1266
     130       2.6605
     131       2.2518
     132       2.9273
     133       4.0655
     134       2.3601
     135       2.0897
     136       3.1554
     137       3.1730
     138       4.5278
     139       3.4010
     140       3.5420
     141       5.0088
     142       1.9577
     143       4.8081
     144       3.4832
     145       3.7082
     146       3.8310
     147       2.8890
     148       3.3397
     149       4.2507
     150       2.6674
     151       2.8726
     152       2.3133
     153       2.7030
     154       2.2607
     155       2.5188
     156       1.7339
     157       2.1779
     158       3.1145
     159       3.7566
     160       2.4201
     161       2.8388
     162       2.4639
     163       2.3724
     164       2.3174
     165       2.4241
     166       2.5063
     167       3.5415
     168       2.6403
     169       2.4816
     170       2.1431
     171       3.2279
     172       4.0378
     173       3.5893
     174       3.8579
     175       3.1389
     176       2.8643
     177       2.9337
     178       3.2347
     179       2.6039
     180       2.7845
     181       3.1498
     182       3.5865
     183       3.4468
     184       1.7949
     185       2.8052
     186       2.8235
     187       2.0656
     188       3.3494
     189       4.6797
     190       3.9585
     191       2.7596
     192       1.9814
     193       2.3639
     194       3.0604
     195       2.2115
     196       1.6922
     197       2.1155
     198       2.7195
     199       4.7554
     200       2.1360
     201       2.4374
     202       2.8351
     203       3.3999
     204       3.6621
     205       2.8420
     206       2.3993
     207       2.7228
     208       3.0733
     209       1.8864
     210       2.9685
     211       2.3607
     212       2.7000
     213       4.1803
     214       2.6090
     215       2.3374
     216       2.1723
     217       2.5017
     218       2.9597
     219       2.4413
     220       3.1209
     221       3.6250
     222       3.7203
     223       2.4073
     224       3.7682
     225       3.7182
     226       3.0636
     227       2.8684
     228       4.5564
     229       2.9538
     230       3.0146
     231       2.8802
     232       1.9369
     233       2.5966
     234       2.3711
     235       2.4561
     236       2.8267
     237       2.8101
     238       1.9049
     239       2.2681
     240       2.2105
     241       1.8424
     242       2.5660
     243       2.6831
     244       2.2664
     245       3.0930
     246       2.6792
     247       2.0426
     248       2.3077
     249       2.8905
     250       2.3852
     251       2.6497
     252       3.0373
     253       2.4789
     254       2.7761
     255       1.8028
     256       2.7808
     257       3.3857
     258       2.4743
     259       2.1941
     260       2.4074
     261       2.2384
     262       2.7492
     263       2.6064
     264       2.7181
     265       2.5802
     266       2.5225
     267       1.8858
     268       3.7419
     269       2.9927
     270       2.4812
     271       2.4471
     272       2.5294
     273       2.7166
     274       2.6896
     275       3.1101
     276       2.7911
     277       2.8875
     278       2.5864
     279       3.3943
     280       2.5882
     281       2.6647
     282       4.0825
     283       3.3904
     284       3.5113
     285       3.1230
     286       3.3707
     287       2.4009
     288       3.5371
     289       4.2337
     290       3.6717
     291       2.7314
     292       2.0901
     293       2.4290
     294       3.3434
     295       2.9284
     296       2.9232
     297       2.9398
     298       4.5914
     299       3.6701
     300       2.2489
     301       3.1506
     302       2.4086
     303       2.7976
     304       2.0223
     305       3.0529
     306       2.2834
     307       2.2240
     308       1.8589
     309       2.2316
     310       2.2845
     311       3.0422
     312       2.5319
     313       2.2557
     314       2.4092
     315       2.0426
     316       2.1879
     317       2.3866
     318       2.5910
     319       2.2632
     320       2.4986
     321       3.2502
     322       3.2668
     323       3.4569
     324       2.6347
     325       1.8734
     326       1.9154
     327       2.7277
     328       2.1511
     329       2.5746
     330       3.0383
     331       3.7404
     332       3.6495
     333       4.0936
     334       2.5146
     335       3.1068
     336       3.2880
     337       3.0959
     338       2.7950
     339       2.9721
     340       2.6180
     341       3.1501
     342       2.8818
     343       2.8593
     344       3.0801
     345       2.6247
     346       2.2494
     347       2.5593
     348       2.6723
     349       1.4934
     350       2.3915
     351       2.5939
     352       2.7575
     353       2.5467
     354       2.3757
     355       2.5695
     356       3.2961
     357       2.5239
     358       2.4295
     359       2.4386
     360       3.0863
     361       3.5039
     362       3.4236
     363       3.5663
     364       2.2308
     365       2.9965
     366       2.6037
     367       2.9059
     368       3.1788
     369       2.4561
     370       1.9726
     371       2.3825
     372       2.9244
     373       2.1789
     374       2.3075
     375       2.6146
     376       1.7169
     377       2.7620
     378       2.2895
     379       2.7431
     380       2.4530
     381       2.3270
     382       1.8695
     383       1.7463
     384       2.3394
     385       2.1357
     386       1.8351
     387       2.7791
     388       1.9409
     389       3.3508
     390       1.7616
     391       2.9209
     392       1.9884
     393       2.6274
     394       2.2154
     395       2.0690
     396       2.0888
     397       2.8762
     398       1.9702
     399       2.2143
     400       1.9937
