#Frame      end2_rmsd
       1       0.0000
       2       2.6171
       3       3.0823
       4       2.7017
       5       4.2964
       6       5.9198
       7       3.1719
       8       4.3220
       9       4.6160
      10       5.1983
      11       5.4166
      12       6.3429
      13       6.3682
      14       6.5911
      15       4.3342
      16       3.2375
      17       4.3832
      18       3.0921
      19       2.9556
      20       3.6951
      21       3.8788
      22       5.9777
      23       4.7730
      24       6.5063
      25       4.9267
      26       4.6548
      27       6.5091
      28       5.6560
      29       5.6478
      30       4.5534
      31       3.3935
      32       3.2253
      33       4.2260
      34       4.9718
      35       4.6250
      36       4.5541
      37       4.8267
      38       4.7244
      39       4.2868
      40       4.7680
      41       5.1174
      42       5.0250
      43       4.2130
      44       5.1500
      45       4.6704
      46       3.6299
      47       4.2865
      48       4.2513
      49       3.8754
      50       5.3114
      51       4.2877
      52       4.7961
      53       3.8338
      54       4.6444
      55       3.2333
      56       3.6984
      57       5.1518
      58       5.6122
      59       4.9994
      60       5.2734
      61       5.0070
      62       5.0618
      63       4.8947
      64       7.1841
      65       5.0593
      66       4.3344
      67       6.9755
      68       5.5044
      69       5.3778
      70       4.9094
      71       5.0999
      72       2.9840
      73       3.5300
      74       6.7512
      75       5.9865
      76       6.0340
      77       4.9426
      78       5.2595
      79       3.7985
      80       5.6380
      81       4.2751
      82       3.2077
      83       3.4607
      84       5.5268
      85       6.2591
      86       4.6453
      87       4.6207
      88       3.7487
      89       5.2597
      90       5.1378
      91       3.9242
      92       3.6858
      93       3.5045
      94       5.5285
      95       4.1327
      96       3.9808
      97       5.1432
      98       4.7605
      99       2.5968
     100       3.3332
     101       3.4440
     102       3.9524
     103       5.1787
     104       5.5713
     105       4.5847
     106       4.5441
     107       6.1289
     108       5.5859
     109       4.5536
     110       5.7008
     111       6.0268
     112       7.6444
     113       6.1442
     114       6.8600
     115       7.6106
     116       8.5601
     117       7.9289
     118       9.3286
     119       6.5276
     120       8.1347
     121       8.6461
     122       7.8685
     123       7.7310
     124       7.4416
     125       7.7521
     126       7.9187
     127       8.1030
     128       8.3859
     129       7.7832
     130       7.6895
     131       8.0720
     132       7.5502
     133       7.9524
     134       8.0734
     135       8.5643
     136       9.5877
     137       9.6204
     138       9.1134
     139       7.9941
     140       9.5671
     141       8.2189
     142       8.6188
     143       7.6737
     144       9.1353
     145       8.3189
     146       9.9635
     147       7.1640
     148       8.0612
     149       6.3663
     150       5.3355
     151       5.5152
     152       5.9082
     153       8.8269
     154       8.2709
     155       8.8825
     156       8.1697
     157       6.6520
     158       7.5794
     159       7.7204
     160       7.7290
     161       9.0278
     162       9.6849
     163       8.9575
     164       8.0307
     165       7.9060
     166       7.3117
     167       8.9558
     168       7.8227
     169       8.3446
     170       6.6959
     171       8.0399
     172       7.7817
     173       8.5073
     174       8.0462
     175       7.9222
     176       7.9433
     177       9.7399
     178       7.7661
     179       7.9342
     180       7.6749
     181       7.9190
     182       8.4859
     183       7.5515
     184       9.3428
     185       9.9206
     186       7.0208
     187       6.1824
     188       7.3295
     189       7.8716
     190       7.9985
     191       7.0158
     192       7.4769
     193       8.9914
     194       8.8082
     195       8.5587
     196       9.5098
     197       9.2489
     198      10.1845
     199       7.9708
     200      10.6146
     201       9.4821
     202       7.8145
     203       8.8335
     204       9.5532
     205       8.0424
     206       9.2926
     207       8.1728
     208       8.8232
     209       7.9043
     210       8.2985
     211       7.7277
     212       7.5187
     213       7.7615
     214       7.3513
     215       9.1024
     216       7.9425
     217       5.9018
     218       7.0336
     219       7.4563
     220       6.0887
     221       5.4965
     222       5.2903
     223       5.6078
     224       7.9466
     225       7.0054
     226       5.2976
     227       5.9274
     228       5.9535
     229       5.3351
     230       6.0484
     231       6.3772
     232       5.2912
     233       5.8881
     234       6.9827
     235       7.4643
     236       7.8735
     237       6.3191
     238       8.3573
     239       6.7932
     240       8.2228
     241       8.3748
     242       8.7753
     243       9.2978
     244       7.4658
     245       7.8818
     246       7.4436
     247       7.2183
     248       8.5042
     249       8.1606
     250       8.3974
     251       8.2464
     252       7.2042
     253       6.8821
     254       5.8690
     255       7.1177
     256       7.1007
     257       8.0311
     258       7.3650
     259       6.7584
     260       7.1218
     261       7.3950
     262       7.3380
     263       9.2368
     264       7.9673
     265       7.7320
     266       7.0068
     267       8.1734
     268       7.9053
     269       6.8505
     270       3.8083
     271       5.1697
     272       5.9065
     273       6.2783
     274       5.7711
     275       6.6742
     276       6.5030
     277       4.9471
     278       3.9947
     279       6.6749
     280       7.8447
     281       8.1980
     282       8.6144
     283       6.6164
     284       5.9923
     285       7.9869
     286       6.7410
     287       5.3689
     288       6.4381
     289       2.9101
     290       2.8449
     291       4.0815
     292       4.7660
     293       3.3889
     294       4.6936
     295       5.5848
     296       4.7068
     297       6.0340
     298       6.1367
     299       3.6260
     300       4.8132
     301       5.5653
     302       5.6365
     303       6.3242
     304       6.1677
     305       6.4488
     306       5.8672
     307       5.7107
     308       6.6444
     309       5.9191
     310       5.5051
     311       6.2779
     312       7.0462
     313       7.2635
     314       6.8285
     315       5.4895
     316       5.2327
     317       4.7728
     318       3.8557
     319       3.5985
     320       4.0533
     321       3.8491
     322       4.7822
     323       7.1162
     324       5.5316
     325       5.5784
     326       6.5966
     327       6.8288
     328       5.0642
     329       5.2876
     330       5.0409
     331       6.9064
     332       4.9480
     333       7.3746
     334       5.4956
     335       5.8468
     336       4.7894
     337       5.2224
     338       5.4119
     339       5.0371
     340       5.2413
     341       4.4532
     342       7.9618
     343       6.7704
     344       5.7145
     345       3.2216
     346       2.8761
     347       6.4058
     348       6.0339
     349       5.4519
     350       5.6839
     351       5.1765
     352       6.7137
     353       4.8721
     354       5.8477
     355       6.1811
     356       3.9571
     357       4.3914
     358       5.7961
     359       6.3159
     360       7.4654
     361       4.7574
     362       4.8025
     363       4.9084
     364       4.8872
     365       5.4738
     366       4.4330
     367       4.6597
     368       7.3469
     369       7.2225
     370       7.4763
     371       7.1367
     372       7.0624
     373       8.0469
     374       4.8991
     375       4.0011
     376       4.3957
     377       4.3544
     378       5.0522
     379       5.5198
     380       2.7482
     381       3.7439
     382       4.7007
     383       4.4840
     384       3.5820
     385       4.1171
     386       2.0845
     387       2.7195
     388       2.1631
     389       3.2016
     390       4.0922
     391       5.1427
     392       5.3384
     393       5.3404
     394       3.7215
     395       3.2410
     396       2.6162
     397       3.5010
     398       4.4899
     399       3.1924
     400       3.9118
