#Frame      end1_rmsd
       1       0.0000
       2       2.3939
       3       2.5071
       4       2.9138
       5       2.4884
       6       2.0870
       7       2.7880
       8       2.4955
       9       2.0892
      10       2.3481
      11       2.9180
      12       3.2309
      13       3.5946
      14       2.6301
      15       2.7611
      16       2.6162
      17       3.4913
      18       4.1023
      19       3.8235
      20       3.5705
      21       4.0202
      22       3.2094
      23       2.5379
      24       3.5954
      25       3.2704
      26       2.8290
      27       3.8566
      28       3.0117
      29       3.4178
      30       3.3854
      31       3.1547
      32       2.7155
      33       2.1572
      34       2.0544
      35       2.7971
      36       1.7526
      37       2.2308
      38       3.0136
      39       2.7109
      40       2.3241
      41       2.9240
      42       2.4654
      43       2.6720
      44       2.6740
      45       2.8303
      46       3.1407
      47       3.4990
      48       2.9262
      49       1.8807
      50       2.4774
      51       2.3838
      52       2.1256
      53       1.9763
      54       2.6882
      55       2.1673
      56       2.9163
      57       2.5828
      58       3.8505
      59       2.8324
      60       2.7355
      61       2.9033
      62       2.0948
      63       2.5120
      64       2.3942
      65       3.1161
      66       2.4521
      67       2.7647
      68       2.5913
      69       2.5547
      70       2.5689
      71       2.8815
      72       2.3264
      73       2.2056
      74       2.9407
      75       2.5723
      76       2.6627
      77       2.8704
      78       2.3882
      79       2.6539
      80       2.6802
      81       2.3991
      82       2.7051
      83       2.5453
      84       2.8389
      85       3.2063
      86       2.2961
      87       2.8176
      88       2.5862
      89       2.1240
      90       1.9811
      91       2.9452
      92       3.0146
      93       2.2162
      94       2.9415
      95       3.5071
      96       4.0897
      97       2.4559
      98       2.5277
      99       2.0111
     100       2.8773
     101       2.8174
     102       3.4196
     103       2.8673
     104       3.4979
     105       3.4848
     106       3.0684
     107       2.8130
     108       3.2386
     109       3.8556
     110       3.8596
     111       3.6913
     112       4.0581
     113       3.5689
     114       3.2104
     115       3.1156
     116       3.4403
     117       4.7371
     118       3.1665
     119       2.8785
     120       2.9645
     121       3.6277
     122       4.9553
     123       2.7931
     124       4.6003
     125       3.8770
     126       2.5117
     127       3.8013
     128       3.6004
     129       3.3130
     130       3.3832
     131       3.1678
     132       3.3326
     133       3.1834
     134       2.9774
     135       4.4470
     136       3.5898
     137       3.6667
     138       3.6137
     139       3.8023
     140       3.6325
     141       3.4472
     142       4.4790
     143       4.9480
     144       3.3378
     145       3.7619
     146       4.1500
     147       3.2137
     148       4.7682
     149       4.1472
     150       3.7748
     151       2.7029
     152       3.2003
     153       3.1592
     154       4.4225
     155       3.9559
     156       5.5809
     157       3.4910
     158       2.6992
     159       2.6880
     160       3.1355
     161       4.0213
     162       2.2323
     163       3.1291
     164       2.9680
     165       2.8948
     166       2.0172
     167       2.4236
     168       2.0733
     169       2.3205
     170       2.9725
     171       3.7557
     172       2.6153
     173       3.3380
     174       3.2663
     175       2.9717
     176       2.9548
     177       3.0993
     178       3.3974
     179       2.9034
     180       2.3750
     181       3.2243
     182       3.5025
     183       3.2039
     184       2.6005
     185       3.3425
     186       6.1236
     187       3.9012
     188       4.0561
     189       4.1354
     190       4.0311
     191       3.2439
     192       3.5168
     193       3.5787
     194       3.1955
     195       4.7288
     196       5.4909
     197       4.7112
     198       6.1817
     199       5.9060
     200       6.2359
     201       6.3756
     202       4.3767
     203       5.4302
     204       4.9392
     205       3.8793
     206       4.3633
     207       5.5124
     208       4.8251
     209       5.6324
     210       6.9890
     211       8.4673
     212       4.0155
     213       4.9689
     214       4.8925
     215       5.8996
     216       5.4176
     217       6.1550
     218       5.4478
     219       5.4441
     220       4.9665
     221       4.4275
     222       4.6640
     223       6.0195
     224       5.5700
     225       5.6073
     226       7.2418
     227       4.9432
     228       5.2134
     229       5.5116
     230       5.6538
     231       6.8517
     232       5.7351
     233       5.8372
     234       3.9899
     235       5.6894
     236       4.4771
     237       4.2520
     238       3.8977
     239       5.1351
     240       3.9137
     241       4.2380
     242       4.7669
     243       3.9999
     244       4.2872
     245       5.8123
     246       4.2528
     247       4.0828
     248       3.4323
     249       4.7478
     250       3.1787
     251       4.9411
     252       3.6367
     253       4.6003
     254       4.6226
     255       5.2928
     256       5.9831
     257       6.8587
     258       4.2187
     259       3.3511
     260       2.8847
     261       2.7722
     262       3.0511
     263       4.1017
     264       4.5887
     265       4.0662
     266       4.8201
     267       3.1793
     268       4.2045
     269       3.9566
     270       4.3862
     271       4.7268
     272       3.8703
     273       4.0779
     274       5.2109
     275       2.6658
     276       4.2904
     277       4.2309
     278       3.4919
     279       4.9529
     280       5.1438
     281       4.3421
     282       4.2624
     283       6.0919
     284       5.2402
     285       4.7650
     286       5.7313
     287       5.2516
     288       5.4549
     289       7.0667
     290       6.8667
     291       8.3280
     292       6.9020
     293       6.9797
     294       6.1103
     295       6.7354
     296       7.1279
     297       6.2393
     298       5.8680
     299       6.8153
     300       7.0177
     301       7.1923
     302       7.8989
     303       7.5426
     304       8.0617
     305       7.0686
     306       7.0619
     307       8.9232
     308       6.6870
     309       7.3398
     310       7.2454
     311       6.7720
     312       6.7842
     313       5.6693
     314       8.2730
     315       7.4590
     316       7.5849
     317       7.3370
     318       6.7973
     319       8.1713
     320       7.8719
     321       7.6061
     322       7.0578
     323       7.8676
     324      10.2165
     325       7.6700
     326       8.3140
     327       7.5658
     328       8.1221
     329       8.1136
     330       7.0061
     331       7.8875
     332       8.4165
     333       6.9011
     334       7.6824
     335       8.0868
     336       7.8669
     337       7.0711
     338       7.6277
     339       6.6872
     340       7.3462
     341       6.3647
     342       8.5281
     343       8.1469
     344       6.7649
     345       6.9207
     346       7.2985
     347       7.0370
     348       7.5527
     349       6.2857
     350       6.8221
     351       6.7527
     352       6.2556
     353       6.6077
     354       5.7884
     355       7.2367
     356       8.6040
     357       6.8495
     358       6.8081
     359       6.7398
     360       6.9938
     361       7.9492
     362       6.3665
     363       5.8321
     364       6.7259
     365       6.4098
     366       7.8571
     367       6.6165
     368       7.6576
     369       7.3431
     370       8.4626
     371       9.2495
     372       9.0247
     373       8.3764
     374       7.6179
     375       6.7374
     376       8.3489
     377       8.1323
     378       6.7185
     379       6.7869
     380       8.2043
     381       5.7443
     382       7.3648
     383       7.0738
     384       7.0278
     385       7.0037
     386       7.2344
     387       6.6132
     388       6.7829
     389       8.0114
     390       6.3214
     391       5.6150
     392       6.8129
     393       6.2834
     394       5.9684
     395       7.4736
     396       5.3151
     397       5.9750
     398       7.1872
     399       7.4672
     400       7.4205
