#Frame      end2_rmsd
       1       0.0000
       2       2.1642
       3       1.9225
       4       2.4211
       5       2.5247
       6       2.7362
       7       3.3056
       8       1.7929
       9       2.2951
      10       2.5587
      11       2.6416
      12       2.1078
      13       1.9834
      14       2.8245
      15       2.5409
      16       2.4601
      17       2.4166
      18       4.0269
      19       4.4658
      20       3.6743
      21       4.7152
      22       2.4878
      23       4.3231
      24       2.4308
      25       2.2425
      26       4.1453
      27       4.0348
      28       4.2003
      29       4.0374
      30       2.5775
      31       2.4800
      32       3.1773
      33       2.6355
      34       1.6340
      35       2.1220
      36       2.3842
      37       2.7059
      38       2.3308
      39       4.0771
      40       2.7375
      41       2.3231
      42       1.7809
      43       1.8048
      44       2.7538
      45       2.9712
      46       3.1383
      47       2.9495
      48       3.1246
      49       2.5724
      50       2.8968
      51       3.2831
      52       3.5924
      53       3.7624
      54       5.7013
      55       4.2603
      56       3.1621
      57       3.1976
      58       2.9444
      59       4.3238
      60       4.4051
      61       4.7759
      62       3.9152
      63       6.0280
      64       5.2428
      65       5.6324
      66       4.2703
      67       3.7474
      68       5.5931
      69       5.6268
      70       4.3385
      71       4.9961
      72       4.9508
      73       5.1100
      74       5.3983
      75       4.5039
      76       5.6238
      77       4.0399
      78       4.3783
      79       4.4663
      80       5.3408
      81       3.5614
      82       4.1975
      83       5.5128
      84       4.1708
      85       5.3133
      86       4.6456
      87       5.1215
      88       6.2237
      89       5.3522
      90       4.8758
      91       5.0637
      92       6.2797
      93       6.6826
      94       5.9672
      95       5.6533
      96       5.7203
      97       5.5537
      98       4.9953
      99       5.2635
     100       4.1691
     101       2.9687
     102       3.6787
     103       3.5736
     104       4.6749
     105       5.8317
     106       6.0726
     107       4.2077
     108       4.8602
     109       5.6625
     110       4.3925
     111       3.7482
     112       5.2362
     113       2.8667
     114       5.3363
     115       3.4640
     116       4.5474
     117       6.7404
     118       5.0720
     119       4.4703
     120       5.4292
     121       4.6729
     122       4.9521
     123       3.6327
     124       4.3725
     125       3.9002
     126       4.6980
     127       4.9235
     128       6.9161
     129       6.9029
     130       6.1202
     131       5.8309
     132       5.6668
     133       5.9202
     134       4.6167
     135       5.8297
     136       6.4961
     137       5.8610
     138       4.2647
     139       4.2052
     140       5.2409
     141       5.0692
     142       6.6580
     143       4.5464
     144       4.8186
     145       5.4082
     146       4.3390
     147       4.0151
     148       6.6962
     149       4.2633
     150       5.1845
     151       4.8455
     152       5.0343
     153       5.1727
     154       4.1375
     155       4.1577
     156       5.6811
     157       4.4841
     158       4.7643
     159       5.0496
     160       5.0528
     161       4.1599
     162       4.9625
     163       5.4184
     164       4.5173
     165       4.7664
     166       5.6444
     167       5.1487
     168       4.8954
     169       4.0797
     170       4.9421
     171       4.5689
     172       5.2741
     173       4.3853
     174       4.3307
     175       4.0528
     176       4.4860
     177       5.3410
     178       5.0913
     179       6.3018
     180       6.1119
     181       5.5243
     182       4.4435
     183       4.3426
     184       5.5837
     185       5.0573
     186       5.5186
     187       4.0754
     188       5.1894
     189       4.6294
     190       3.5499
     191       4.4868
     192       6.4252
     193       6.7111
     194       5.1305
     195       4.0084
     196       6.0729
     197       5.2051
     198       4.6474
     199       5.3740
     200       3.3249
     201       4.9107
     202       5.2969
     203       4.8260
     204       3.8652
     205       4.3938
     206       3.7291
     207       4.4460
     208       4.8871
     209       4.2133
     210       5.0573
     211       3.0865
     212       4.2114
     213       5.2961
     214       3.6577
     215       5.2632
     216       5.2524
     217       5.8659
     218       4.8846
     219       5.4764
     220       4.7857
     221       4.3928
     222       6.1174
     223       3.7546
     224       5.2457
     225       4.8516
     226       4.6257
     227       4.5920
     228       5.1023
     229       7.3467
     230       5.3913
     231       4.6937
     232       4.3002
     233       6.2981
     234       4.8934
     235       5.6042
     236       5.6015
     237       6.4963
     238       6.3231
     239       6.1221
     240       5.6606
     241       6.2495
     242       5.9770
     243       5.1029
     244       5.4501
     245       5.0397
     246       5.3367
     247       5.8464
     248       4.2425
     249       5.4224
     250       5.9744
     251       5.4445
     252       5.5124
     253       5.3139
     254       4.9212
     255       6.0302
     256       5.7703
     257       4.7106
     258       4.6596
     259       4.8086
     260       4.8978
     261       4.7820
     262       4.0503
     263       4.7989
     264       6.3939
     265       5.4281
     266       5.4066
     267       5.4597
     268       5.5191
     269       4.2703
     270       5.1853
     271       4.6599
     272       4.7273
     273       5.8815
     274       4.8660
     275       4.9092
     276       4.8803
     277       5.2899
     278       5.5275
     279       5.2370
     280       5.1416
     281       3.9283
     282       4.7524
     283       5.1759
     284       4.2774
     285       4.7900
     286       4.4819
     287       4.1697
     288       4.3008
     289       4.5469
     290       4.5709
     291       3.9333
     292       3.9175
     293       4.9951
     294       4.7075
     295       5.2644
     296       4.4948
     297       4.7530
     298       4.4634
     299       5.6544
     300       4.7748
     301       4.5657
     302       6.0292
     303       4.6218
     304       4.7111
     305       6.7091
     306       4.5595
     307       4.7072
     308       5.9163
     309       4.2906
     310       5.0916
     311       4.7584
     312       5.9548
     313       6.0002
     314       4.5104
     315       5.5053
     316       6.1532
     317       5.7630
     318       4.1378
     319       5.8797
     320       4.6141
     321       6.6226
     322       6.1696
     323       5.4238
     324       4.3443
     325       4.7491
     326       5.9399
     327       5.6373
     328       6.7492
     329       4.7925
     330       5.8064
     331       5.9629
     332       5.2708
     333       5.2614
     334       5.2660
     335       4.8632
     336       5.4146
     337       6.2823
     338       5.9737
     339       6.3961
     340       5.1253
     341       7.4382
     342       5.8445
     343       6.1326
     344       5.8806
     345       5.3602
     346       3.8932
     347       5.4429
     348       4.4160
     349       4.7335
     350       5.0561
     351       6.2174
     352       6.1799
     353       5.6990
     354       6.3853
     355       5.2656
     356       5.3952
     357       5.4965
     358       3.4990
     359       4.6469
     360       5.7067
     361       3.3744
     362       3.9273
     363       4.5997
     364       6.5475
     365       3.3630
     366       5.6351
     367       3.9538
     368       5.7911
     369       4.1363
     370       5.4779
     371       5.4169
     372       5.6356
     373       5.7521
     374       4.0282
     375       4.2754
     376       5.3172
     377       5.7447
     378       5.8257
     379       4.3938
     380       4.2322
     381       3.7445
     382       3.5930
     383       5.6728
     384       3.9095
     385       4.6944
     386       3.4026
     387       4.5280
     388       4.4405
     389       3.8271
     390       5.1685
     391       3.9400
     392       3.7766
     393       2.9903
     394       4.1207
     395       6.1638
     396       4.5178
     397       4.8215
     398       5.1445
     399       4.8625
     400       4.2134
