#Frame      end1_rmsd
       1       0.0000
       2       2.4095
       3       3.0696
       4       3.0130
       5       2.3949
       6       2.7119
       7       2.6926
       8       3.3106
       9       2.7729
      10       2.3694
      11       3.1395
      12       2.9382
      13       3.2128
      14       2.1620
      15       2.9580
      16       2.4227
      17       2.4888
      18       2.3895
      19       2.4080
      20       2.4652
      21       2.2698
      22       3.4851
      23       2.3087
      24       3.3748
      25       2.6882
      26       3.3081
      27       2.6183
      28       2.7547
      29       2.5084
      30       2.2186
      31       2.6001
      32       2.3536
      33       3.0034
      34       2.7245
      35       3.5002
      36       3.8600
      37       2.6845
      38       3.6549
      39       2.3166
      40       2.8644
      41       2.3907
      42       3.4938
      43       3.0544
      44       2.8077
      45       3.7065
      46       3.0611
      47       2.6625
      48       2.7734
      49       2.0530
      50       2.6620
      51       2.5463
      52       2.4626
      53       3.5546
      54       2.8300
      55       2.3008
      56       2.5891
      57       2.8988
      58       3.4892
      59       3.7856
      60       3.2386
      61       3.4665
      62       3.3972
      63       3.4938
      64       3.3722
      65       3.8207
      66       2.8898
      67       1.7855
      68       2.5656
      69       3.4704
      70       4.1569
      71       3.8735
      72       3.2310
      73       2.9519
      74       2.6469
      75       2.9460
      76       2.6029
      77       2.4685
      78       3.1431
      79       3.3125
      80       3.3719
      81       3.5553
      82       2.8718
      83       3.5044
      84       3.6913
      85       2.7365
      86       2.0589
      87       2.3993
      88       2.7192
      89       1.9372
      90       2.3595
      91       2.2227
      92       2.4690
      93       1.9599
      94       2.2178
      95       2.8392
      96       2.7691
      97       2.9254
      98       3.9849
      99       3.3168
     100       2.4952
     101       3.0883
     102       3.4124
     103       2.4831
     104       3.5382
     105       3.7154
     106       2.9169
     107       3.5559
     108       4.1146
     109       3.2615
     110       2.6045
     111       3.3063
     112       3.1427
     113       2.5585
     114       2.0589
     115       2.9110
     116       3.6934
     117       3.9512
     118       2.9810
     119       2.4412
     120       3.3936
     121       2.8388
     122       3.0570
     123       2.4276
     124       2.9790
     125       2.4891
     126       2.6331
     127       2.0734
     128       2.3321
     129       2.4650
     130       3.3141
     131       4.0637
     132       3.0504
     133       2.6846
     134       4.2498
     135       3.0448
     136       2.4837
     137       2.4965
     138       2.3545
     139       2.5477
     140       2.6250
     141       2.6769
     142       2.8269
     143       4.6492
     144       3.5223
     145       2.6329
     146       3.1140
     147       2.9440
     148       2.7391
     149       2.2303
     150       2.1182
     151       2.2093
     152       3.8636
     153       2.5467
     154       2.8500
     155       2.8839
     156       2.6127
     157       3.6254
     158       2.1313
     159       2.9000
     160       3.6200
     161       2.2415
     162       2.6191
     163       2.1181
     164       2.4217
     165       5.0310
     166       4.5194
     167       3.7455
     168       5.0823
     169       3.2864
     170       3.1974
     171       3.2885
     172       2.9261
     173       3.5088
     174       3.5226
     175       3.3583
     176       3.3233
     177       2.6472
     178       2.6825
     179       3.9421
     180       2.7460
     181       2.3537
     182       3.2496
     183       2.2224
     184       2.2946
     185       3.4078
     186       4.2902
     187       2.9780
     188       2.7002
     189       2.4616
     190       3.0915
     191       2.5504
     192       2.8790
     193       2.9026
     194       3.9297
     195       3.4624
     196       3.1110
     197       3.2569
     198       3.4509
     199       3.6499
     200       2.7112
     201       3.3807
     202       2.7636
     203       2.4983
     204       2.9379
     205       4.7717
     206       2.9278
     207       2.9426
     208       2.6976
     209       4.0295
     210       2.0093
     211       2.4219
     212       4.0340
     213       2.8682
     214       3.4649
     215       4.7857
     216       4.2668
     217       2.4845
     218       2.9743
     219       2.0611
     220       2.2041
     221       3.4937
     222       2.4424
     223       2.0973
     224       2.2862
     225       2.3555
     226       3.1891
     227       3.1914
     228       3.0014
     229       2.2777
     230       3.8568
     231       3.5003
     232       3.8866
     233       3.3171
     234       5.2768
     235       4.1195
     236       3.3086
     237       3.6688
     238       3.8493
     239       3.5154
     240       2.8693
     241       2.7388
     242       2.8119
     243       2.7328
     244       2.4512
     245       3.8739
     246       4.6099
     247       3.2915
     248       2.7015
     249       3.4914
     250       3.6116
     251       4.1909
     252       3.0607
     253       3.3044
     254       3.8716
     255       2.8078
     256       3.4054
     257       3.8989
     258       3.1690
     259       4.7822
     260       2.8775
     261       3.8719
     262       4.1736
     263       2.7962
     264       3.4190
     265       2.9190
     266       3.6938
     267       3.3818
     268       3.2453
     269       3.4368
     270       4.1343
     271       3.5604
     272       3.4155
     273       4.3345
     274       5.0906
     275       4.3101
     276       2.8117
     277       2.5049
     278       2.4415
     279       3.5506
     280       2.9226
     281       4.6756
     282       3.7054
     283       3.0108
     284       3.4382
     285       3.5457
     286       2.0601
     287       2.8595
     288       2.3436
     289       1.9801
     290       2.4675
     291       2.0597
     292       2.6947
     293       2.4675
     294       3.2349
     295       3.0083
     296       2.7855
     297       2.6450
     298       2.5805
     299       3.6167
     300       2.3572
     301       3.0103
     302       2.4817
     303       3.3375
     304       2.8069
     305       2.3168
     306       2.8922
     307       2.6673
     308       2.4838
     309       3.4591
     310       2.8500
     311       3.1103
     312       3.5675
     313       2.2924
     314       3.6509
     315       3.9318
     316       3.9085
     317       2.7037
     318       2.3736
     319       3.0378
     320       2.7848
     321       3.0914
     322       2.5348
     323       4.1591
     324       3.8806
     325       3.1754
     326       3.0941
     327       2.2141
     328       3.6439
     329       2.4804
     330       3.0718
     331       3.0220
     332       3.1010
     333       2.6013
     334       3.4418
     335       2.6898
     336       2.5245
     337       2.6944
     338       3.6974
     339       3.1147
     340       3.0681
     341       3.5642
     342       3.3896
     343       3.0908
     344       2.4743
     345       2.3658
     346       2.7401
     347       2.6857
     348       2.8429
     349       2.4846
     350       2.7466
     351       3.5984
     352       2.8624
     353       3.7578
     354       2.8943
     355       3.4730
     356       2.6472
     357       3.0298
     358       2.5469
     359       2.2301
     360       2.6671
     361       2.8515
     362       2.7835
     363       2.6088
     364       2.1935
     365       2.1006
     366       2.6142
     367       2.0585
     368       2.2870
     369       2.4163
     370       2.5173
     371       2.4059
     372       2.8575
     373       3.8009
     374       2.6932
     375       2.3566
     376       2.4823
     377       2.8795
     378       2.3956
     379       2.3958
     380       2.6264
     381       2.6018
     382       3.5319
     383       3.3531
     384       3.3818
     385       3.8423
     386       3.9307
     387       4.9576
     388       4.2945
     389       4.0829
     390       4.5551
     391       5.6678
     392       4.7135
     393       5.6809
     394       6.4969
     395       6.6681
     396       4.8938
     397       5.7068
     398       5.5118
     399       4.6464
     400       4.5582
