#Frame      end2_rmsd
       1       0.0000
       2       2.9811
       3       3.7251
       4       2.2674
       5       3.0165
       6       3.3725
       7       2.5250
       8       2.1713
       9       3.6603
      10       3.0968
      11       2.5749
      12       2.7773
      13       2.6149
      14       2.9821
      15       2.5845
      16       3.4643
      17       3.4044
      18       2.9260
      19       2.0991
      20       2.8805
      21       3.6203
      22       3.4312
      23       2.9963
      24       2.5687
      25       4.6171
      26       4.9077
      27       3.3646
      28       2.9378
      29       3.6237
      30       3.4900
      31       5.4167
      32       4.9161
      33       4.6866
      34       4.5587
      35       4.9368
      36       2.6835
      37       3.4795
      38       3.4034
      39       2.9013
      40       5.1308
      41       5.3968
      42       4.6549
      43       3.5402
      44       4.6887
      45       4.1646
      46       4.2267
      47       4.8836
      48       4.4687
      49       4.5280
      50       6.5384
      51       5.7685
      52       5.1247
      53       4.7058
      54       4.5962
      55       6.0279
      56       5.0195
      57       4.7552
      58       6.5404
      59       5.0162
      60       5.6978
      61       5.1983
      62       3.8405
      63       3.1362
      64       4.2278
      65       4.4231
      66       3.3246
      67       4.6758
      68       4.3211
      69       3.8825
      70       2.8758
      71       4.5082
      72       4.5970
      73       5.4054
      74       5.4070
      75       5.2883
      76       4.2321
      77       3.8352
      78       3.6585
      79       3.4249
      80       4.1689
      81       3.7156
      82       3.9683
      83       4.6671
      84       3.7505
      85       3.0730
      86       2.2601
      87       3.2133
      88       2.8521
      89       3.7081
      90       5.2529
      91       3.8212
      92       4.3947
      93       3.6792
      94       2.9423
      95       4.2971
      96       3.5653
      97       3.6506
      98       4.2658
      99       4.3491
     100       6.2771
     101       4.4461
     102       3.1552
     103       4.5032
     104       6.0290
     105       6.4175
     106       5.8345
     107       5.1523
     108       4.7604
     109       6.5349
     110       6.0045
     111       7.8207
     112       7.3134
     113       5.3626
     114       6.1560
     115       5.6379
     116       5.8836
     117       3.0258
     118       2.4290
     119       3.0358
     120       3.5391
     121       5.9254
     122       5.8051
     123       3.6089
     124       2.6852
     125       5.5989
     126       5.7012
     127       5.3045
     128       4.3355
     129       4.5855
     130       4.4239
     131       3.5542
     132       5.0588
     133       4.2313
     134       5.5819
     135       3.8058
     136       3.9957
     137       5.0458
     138       4.3306
     139       4.2693
     140       5.7120
     141       4.9915
     142       4.5376
     143       3.5569
     144       4.5198
     145       6.4759
     146       5.6919
     147       3.7379
     148       2.9092
     149       4.3884
     150       3.3238
     151       5.9242
     152       6.7434
     153       6.7362
     154       5.1700
     155       4.5206
     156       3.9802
     157       4.5474
     158       3.9694
     159       4.0757
     160       4.2579
     161       3.9885
     162       6.4875
     163       5.2677
     164       5.9779
     165       5.0259
     166       6.0085
     167       6.2481
     168       7.9063
     169       6.4831
     170       5.6687
     171       5.8137
     172       6.3272
     173       6.6632
     174       4.5275
     175       4.7800
     176       6.1757
     177       5.8996
     178       5.6312
     179       7.6686
     180       7.3197
     181       7.2469
     182       7.3628
     183       5.4971
     184       5.8657
     185       4.9947
     186       4.7461
     187       7.7557
     188       6.8367
     189       8.1921
     190       6.1187
     191       8.2066
     192       6.6059
     193       7.6689
     194       7.2383
     195       8.6233
     196       9.6963
     197       9.2595
     198       9.5607
     199      10.6394
     200       6.9929
     201       6.9907
     202       5.1763
     203       4.6789
     204       5.6635
     205       3.8707
     206       4.4877
     207       4.5568
     208       6.1630
     209       6.3496
     210       6.5914
     211       6.2938
     212       6.0487
     213       5.6872
     214       4.5581
     215       5.5637
     216       5.0485
     217       5.0942
     218       5.2804
     219       6.1843
     220       6.8177
     221       6.1406
     222       3.8909
     223       5.9389
     224       2.8896
     225       3.7060
     226       5.3762
     227       4.5034
     228       4.3697
     229       4.3831
     230       3.3432
     231       2.5361
     232       2.7049
     233       2.9604
     234       3.3675
     235       3.6444
     236       2.7036
     237       2.4468
     238       3.5841
     239       2.8615
     240       3.6412
     241       4.8888
     242       4.0631
     243       3.6762
     244       2.2764
     245       2.6517
     246       3.1057
     247       2.4748
     248       4.7229
     249       3.6770
     250       2.3028
     251       4.1680
     252       3.2827
     253       4.2933
     254       5.0119
     255       4.3290
     256       3.3442
     257       3.8218
     258       3.7174
     259       4.6386
     260       3.2699
     261       3.7055
     262       4.6073
     263       3.2134
     264       2.8220
     265       4.0452
     266       3.6006
     267       4.5921
     268       4.4498
     269       4.5816
     270       3.1996
     271       4.0406
     272       3.5462
     273       4.2666
     274       3.9639
     275       4.3451
     276       4.1933
     277       4.3396
     278       3.8943
     279       3.0256
     280       3.6325
     281       3.1722
     282       3.9672
     283       3.2929
     284       4.0797
     285       3.4812
     286       2.9808
     287       4.2409
     288       4.3401
     289       2.9767
     290       3.1625
     291       3.0953
     292       5.3541
     293       4.0158
     294       3.1342
     295       4.1272
     296       2.9113
     297       3.3936
     298       4.5921
     299       2.4290
     300       1.8031
     301       4.1020
     302       2.7814
     303       3.9161
     304       5.2608
     305       4.9504
     306       5.2313
     307       4.5431
     308       3.5869
     309       4.7637
     310       3.4345
     311       3.2160
     312       3.8458
     313       3.9987
     314       3.6650
     315       3.2043
     316       3.4941
     317       5.2281
     318       3.1981
     319       3.1728
     320       3.5210
     321       3.0105
     322       4.1716
     323       2.8035
     324       4.2895
     325       2.5917
     326       2.4765
     327       2.2086
     328       2.7736
     329       2.4350
     330       2.9690
     331       2.8817
     332       4.7783
     333       3.0474
     334       3.4373
     335       2.7334
     336       3.3493
     337       3.3255
     338       2.5000
     339       3.3281
     340       3.1214
     341       2.1609
     342       2.3163
     343       2.2016
     344       2.7995
     345       2.8966
     346       2.2758
     347       2.1189
     348       2.3379
     349       3.4735
     350       2.8182
     351       2.9749
     352       3.0572
     353       3.6001
     354       3.0363
     355       2.4504
     356       3.1652
     357       2.5605
     358       3.9297
     359       2.1092
     360       2.1393
     361       2.8570
     362       2.0382
     363       2.0404
     364       2.8585
     365       1.7736
     366       2.2084
     367       2.2972
     368       3.1477
     369       3.2798
     370       2.7300
     371       2.6856
     372       2.8203
     373       2.2910
     374       2.2460
     375       2.2854
     376       2.8224
     377       2.8247
     378       2.2134
     379       2.8834
     380       2.6422
     381       2.6627
     382       3.1717
     383       3.0367
     384       1.8722
     385       2.1368
     386       2.1702
     387       2.5422
     388       2.8829
     389       3.7747
     390       3.0325
     391       3.4221
     392       2.4340
     393       3.0480
     394       2.6767
     395       2.6975
     396       2.3435
     397       2.0561
     398       2.1860
     399       2.1590
     400       2.6763
