#Res             RMSF
   1.000       4.4470
   2.000       1.9776
   3.000       0.9718
   4.000       0.7534
   5.000       0.7845
   6.000       0.6485
   7.000       0.5988
   8.000       0.6018
   9.000       0.5429
  10.000       0.4934
  11.000       0.4995
  12.000       0.5143
  13.000       0.4733
  14.000       0.4169
  15.000       0.4965
  16.000       0.4851
  17.000       0.4219
  18.000       0.4442
  19.000       0.5066
  20.000       0.5361
  21.000       0.5590
  22.000       0.5548
  23.000       0.4984
  24.000       0.4324
  25.000       0.4366
  26.000       0.5056
  27.000       0.4957
  28.000       0.4766
  29.000       0.4588
  30.000       0.4038
  31.000       0.4627
  32.000       0.4763
  33.000       0.4308
  34.000       0.3882
  35.000       0.4411
  36.000       0.5034
  37.000       0.4627
  38.000       0.4675
  39.000       0.6232
  40.000       0.7974
  41.000       0.6933
  42.000       0.6361
  43.000       0.7057
  44.000       0.9231
  45.000       0.5631
  46.000       0.5511
  47.000       0.5408
  48.000       0.5818
  49.000       0.6598
  50.000       0.5252
  51.000       0.4437
  52.000       0.4035
  53.000       0.4276
  54.000       0.4463
  55.000       0.4050
  56.000       0.3482
  57.000       0.3882
  58.000       0.4161
  59.000       0.3954
  60.000       0.3887
  61.000       0.4095
  62.000       0.4139
  63.000       0.3910
  64.000       0.3912
  65.000       0.4490
  66.000       0.3865
  67.000       0.3747
  68.000       0.4224
  69.000       0.4107
  70.000       0.3701
  71.000       0.3888
  72.000       0.4324
  73.000       0.4132
  74.000       0.4102
  75.000       0.4517
  76.000       0.4928
  77.000       0.5416
  78.000       0.5852
  79.000       0.4524
  80.000       0.4905
  81.000       0.3945
  82.000       0.3625
  83.000       0.4239
  84.000       0.4770
  85.000       0.4425
  86.000       0.3821
  87.000       0.4464
  88.000       0.5159
  89.000       0.4876
  90.000       0.5553
  91.000       0.6325
  92.000       0.6758
  93.000       0.6826
  94.000       0.9474
  95.000       1.1289
  96.000       1.6526
  97.000       2.9645
