#Res             RMSF
 176.000       1.4105
 177.000       1.0006
 178.000       0.6787
 179.000       0.6111
 180.000       0.5552
 181.000       0.6906
 182.000       0.7021
 183.000       0.5634
 184.000       0.5868
 185.000       0.4685
 186.000       0.5187
 187.000       0.4561
 188.000       0.5411
 189.000       0.4652
 190.000       0.6003
 191.000       0.5178
 192.000       0.4285
 193.000       0.4092
 194.000       0.4643
 195.000       0.4855
 196.000       0.5056
 197.000       0.6318
 198.000       0.7390
 199.000       0.7132
 200.000       0.9475
 201.000       0.5942
 202.000       0.6359
 203.000       0.7301
 204.000       0.5489
 205.000       0.4690
 206.000       0.5389
 207.000       0.6471
 208.000       0.4967
 209.000       0.4042
 210.000       0.3777
 211.000       0.3946
 212.000       0.4199
 213.000       0.4127
 214.000       0.3965
 215.000       0.4139
 216.000       0.4656
 217.000       0.4254
 218.000       0.3859
 219.000       0.4376
 220.000       0.4667
 221.000       0.4261
 222.000       0.4622
 223.000       0.5445
 224.000       0.4616
 225.000       0.4339
 226.000       0.5379
 227.000       0.5528
 228.000       0.4507
 229.000       0.4920
 230.000       0.5954
 231.000       0.6021
 232.000       0.5567
 233.000       0.7331
 234.000       0.8419
 235.000       0.8170
 236.000       0.8743
 237.000       0.6761
 238.000       0.6829
 239.000       0.5201
 240.000       0.4154
 241.000       0.4564
 242.000       0.4758
 243.000       0.4941
 244.000       0.4381
 245.000       0.4892
 246.000       0.5825
 247.000       0.6286
 248.000       0.6501
 249.000       0.9380
 250.000       1.3193
 251.000       1.2666
 252.000       1.2656
 253.000       1.3999
 254.000       1.2127
 255.000       1.2182
 256.000       1.5556
 257.000       1.6103
 258.000       1.3593
 259.000       1.3704
 260.000       2.2416
 261.000       1.4371
 262.000       0.7021
 263.000       0.5827
 264.000       0.5515
 265.000       0.6233
 266.000       0.6235
 267.000       0.8040
 268.000       1.2413
 269.000       0.7106
 270.000       0.8010
 271.000       0.8224
 272.000       0.8359
 273.000       0.9128
 274.000       0.9302
 275.000       1.0106
 276.000       0.9654
 277.000       0.9026
 278.000       1.0654
 279.000       1.4799
 280.000       2.1931
