#Res             RMSF
 377.000       3.1046
 378.000       2.0805
 379.000       1.1886
 380.000       0.8686
 381.000       0.6034
 382.000       0.5589
 383.000       0.5225
 384.000       0.5227
 385.000       0.4975
 386.000       0.4958
 387.000       0.4507
 388.000       0.4748
 389.000       0.5111
 390.000       0.4365
 391.000       0.3846
 392.000       0.4600
 393.000       0.4419
 394.000       0.4085
 395.000       0.4224
 396.000       0.5060
 397.000       0.5354
 398.000       0.5272
 399.000       0.5018
 400.000       0.4155
 401.000       0.4003
 402.000       0.3931
 403.000       0.4976
 404.000       0.5038
 405.000       0.5331
 406.000       0.5223
 407.000       0.4236
 408.000       0.4633
 409.000       0.5039
 410.000       0.4556
 411.000       0.4018
 412.000       0.4549
 413.000       0.5064
 414.000       0.5060
 415.000       0.4917
 416.000       0.6344
 417.000       0.8798
 418.000       0.7776
 419.000       0.7107
 420.000       0.7786
 421.000       0.9831
 422.000       0.5695
 423.000       0.5334
 424.000       0.5395
 425.000       0.5665
 426.000       0.6868
 427.000       0.5110
 428.000       0.4057
 429.000       0.3741
 430.000       0.4283
 431.000       0.4161
 432.000       0.3803
 433.000       0.3265
 434.000       0.3319
 435.000       0.3631
 436.000       0.3552
 437.000       0.3355
 438.000       0.3630
 439.000       0.3669
 440.000       0.3469
 441.000       0.3399
 442.000       0.4079
 443.000       0.3398
 444.000       0.3232
 445.000       0.3633
 446.000       0.3512
 447.000       0.3323
 448.000       0.3532
 449.000       0.4211
 450.000       0.4058
 451.000       0.4223
 452.000       0.4746
 453.000       0.5075
 454.000       0.5676
 455.000       0.6149
 456.000       0.5045
 457.000       0.4981
 458.000       0.4031
 459.000       0.3526
 460.000       0.4380
 461.000       0.4934
 462.000       0.5024
 463.000       0.3841
 464.000       0.4689
 465.000       0.5903
 466.000       0.4672
 467.000       0.4295
 468.000       0.4976
 469.000       0.5692
 470.000       0.5466
 471.000       0.5410
 472.000       0.7253
 473.000       0.7745
 474.000       1.7240
 475.000       2.9491
