#Res             RMSF
 476.000       3.0113
 477.000       2.2948
 478.000       1.2720
 479.000       1.3195
 480.000       0.6924
 481.000       0.5483
 482.000       0.6721
 483.000       0.6249
 484.000       0.5524
 485.000       0.5108
 486.000       0.4715
 487.000       0.4046
 488.000       0.3895
 489.000       0.3806
 490.000       0.3434
 491.000       0.3625
 492.000       0.3590
 493.000       0.3328
 494.000       0.3564
 495.000       0.3834
 496.000       0.4148
 497.000       0.4644
 498.000       0.3851
 499.000       0.4638
 500.000       0.4191
 501.000       0.3992
 502.000       0.4291
 503.000       0.5067
 504.000       0.4942
 505.000       0.4265
 506.000       0.4543
 507.000       0.5901
 508.000       0.5181
 509.000       0.4153
 510.000       0.5390
 511.000       0.5156
 512.000       0.4595
 513.000       0.3986
 514.000       0.4182
 515.000       0.4780
 516.000       0.4336
 517.000       0.3873
 518.000       0.4292
 519.000       0.4325
 520.000       0.3849
 521.000       0.3521
 522.000       0.4104
 523.000       0.3189
 524.000       0.3242
 525.000       0.3570
 526.000       0.3680
 527.000       0.3666
 528.000       0.3747
 529.000       0.4896
 530.000       0.5323
 531.000       0.5156
 532.000       0.5861
 533.000       0.4963
 534.000       0.6942
 535.000       0.4490
 536.000       0.3910
 537.000       0.4223
 538.000       0.3920
 539.000       0.3896
 540.000       0.3311
 541.000       0.3308
 542.000       0.3523
 543.000       0.3687
 544.000       0.3315
 545.000       0.3653
 546.000       0.4473
 547.000       0.5152
 548.000       0.5731
 549.000       0.7345
 550.000       0.6521
 551.000       0.6346
 552.000       0.4875
 553.000       0.4989
 554.000       0.6685
 555.000       0.5907
 556.000       1.1751
 557.000       2.2853
