#Res             RMSF
 281.000       2.9285
 282.000       2.1866
 283.000       1.7752
 284.000       1.2589
 285.000       0.9513
 286.000       0.6556
 287.000       0.6457
 288.000       0.5018
 289.000       0.5096
 290.000       0.6001
 291.000       0.5378
 292.000       0.4901
 293.000       0.4960
 294.000       0.5344
 295.000       0.4556
 296.000       0.4771
 297.000       0.6147
 298.000       0.6616
 299.000       0.6428
 300.000       0.6610
 301.000       0.7525
 302.000       0.9516
 303.000       0.6476
 304.000       0.6016
 305.000       0.5054
 306.000       0.5849
 307.000       0.7073
 308.000       0.7134
 309.000       0.5204
 310.000       0.4731
 311.000       0.5387
 312.000       0.4595
 313.000       0.4086
 314.000       0.4214
 315.000       0.4489
 316.000       0.4276
 317.000       0.4188
 318.000       0.4811
 319.000       0.4685
 320.000       0.4001
 321.000       0.3792
 322.000       0.4550
 323.000       0.4271
 324.000       0.3559
 325.000       0.4140
 326.000       0.4730
 327.000       0.4008
 328.000       0.3635
 329.000       0.4630
 330.000       0.4412
 331.000       0.3879
 332.000       0.4449
 333.000       0.5422
 334.000       0.6030
 335.000       0.6771
 336.000       0.6759
 337.000       0.5850
 338.000       0.6173
 339.000       0.5126
 340.000       0.4309
 341.000       0.4474
 342.000       0.4419
 343.000       0.4275
 344.000       0.3748
 345.000       0.3758
 346.000       0.4038
 347.000       0.3613
 348.000       0.3609
 349.000       0.4373
 350.000       0.5082
 351.000       0.4502
 352.000       0.4837
 353.000       0.5363
 354.000       0.7566
 355.000       0.8279
 356.000       1.0116
 357.000       0.6074
 358.000       0.5266
 359.000       0.6892
 360.000       0.5524
 361.000       0.4398
 362.000       0.4282
 363.000       0.4763
 364.000       0.4360
 365.000       0.4058
 366.000       0.4623
 367.000       0.4909
 368.000       0.4582
 369.000       0.4886
 370.000       0.5766
 371.000       0.6023
 372.000       0.5763
 373.000       0.7400
 374.000       1.0027
 375.000       2.2191
 376.000       3.2281
