#Res             RMSF
 662.000       1.1547
 663.000       1.0899
 664.000       0.6748
 665.000       0.4497
 666.000       0.3871
 667.000       0.3559
 668.000       0.3845
 669.000       0.4126
 670.000       0.3906
 671.000       0.3780
 672.000       0.4278
 673.000       0.3846
 674.000       0.4073
 675.000       0.5336
 676.000       0.6158
 677.000       0.5889
 678.000       0.5375
 679.000       0.6110
 680.000       0.7196
 681.000       0.5169
 682.000       0.4743
 683.000       0.4138
 684.000       0.4577
 685.000       0.5505
 686.000       0.5489
 687.000       0.4004
 688.000       0.3740
 689.000       0.4759
 690.000       0.4114
 691.000       0.3494
 692.000       0.3679
 693.000       0.4003
 694.000       0.3775
 695.000       0.3801
 696.000       0.4041
 697.000       0.3882
 698.000       0.4053
 699.000       0.3720
 700.000       0.4235
 701.000       0.4400
 702.000       0.3729
 703.000       0.3985
 704.000       0.4521
 705.000       0.3816
 706.000       0.3397
 707.000       0.3888
 708.000       0.3829
 709.000       0.3495
 710.000       0.4004
 711.000       0.4533
 712.000       0.5355
 713.000       0.5963
 714.000       0.5976
 715.000       0.5408
 716.000       0.6340
 717.000       0.5038
 718.000       0.3967
 719.000       0.3892
 720.000       0.4022
 721.000       0.3878
 722.000       0.3591
 723.000       0.3909
 724.000       0.4256
 725.000       0.3440
 726.000       0.3472
 727.000       0.3858
 728.000       0.4319
 729.000       0.4539
 730.000       0.4704
 731.000       0.5001
 732.000       0.6088
 733.000       0.9462
 734.000       0.7958
 735.000       0.5685
 736.000       0.4851
 737.000       0.5399
 738.000       0.4806
 739.000       0.4197
 740.000       0.4127
 741.000       0.4379
 742.000       0.4076
 743.000       0.4280
 744.000       0.4398
 745.000       0.4566
 746.000       0.4156
 747.000       0.4409
 748.000       0.5085
 749.000       0.5287
 750.000       0.5034
 751.000       0.7159
 752.000       0.9604
 753.000       2.0951
