#Res             RMSF
 558.000       1.4616
 559.000       0.9462
 560.000       0.6616
 561.000       0.5066
 562.000       0.6504
 563.000       0.6666
 564.000       0.5373
 565.000       0.6216
 566.000       0.4267
 567.000       0.4500
 568.000       0.3697
 569.000       0.4295
 570.000       0.4005
 571.000       0.5118
 572.000       0.4512
 573.000       0.3982
 574.000       0.3912
 575.000       0.4426
 576.000       0.4874
 577.000       0.4725
 578.000       0.5903
 579.000       0.8074
 580.000       0.8180
 581.000       0.9446
 582.000       0.6061
 583.000       0.6503
 584.000       0.6696
 585.000       0.6104
 586.000       0.5373
 587.000       0.5942
 588.000       0.6883
 589.000       0.4920
 590.000       0.3729
 591.000       0.3438
 592.000       0.3441
 593.000       0.3811
 594.000       0.3660
 595.000       0.3359
 596.000       0.3419
 597.000       0.3952
 598.000       0.3842
 599.000       0.3786
 600.000       0.4107
 601.000       0.4419
 602.000       0.4307
 603.000       0.4774
 604.000       0.5215
 605.000       0.4507
 606.000       0.4509
 607.000       0.5368
 608.000       0.4898
 609.000       0.4398
 610.000       0.5127
 611.000       0.5988
 612.000       0.5819
 613.000       0.5416
 614.000       0.7027
 615.000       0.8470
 616.000       0.8081
 617.000       0.8508
 618.000       0.6551
 619.000       0.6697
 620.000       0.5265
 621.000       0.3985
 622.000       0.4135
 623.000       0.4373
 624.000       0.4628
 625.000       0.4344
 626.000       0.4465
 627.000       0.5053
 628.000       0.7029
 629.000       0.7091
 630.000       0.5765
 631.000       0.7108
 632.000       1.0897
 633.000       0.8809
 634.000       0.9395
 635.000       0.7192
 636.000       0.5916
 637.000       0.6117
 638.000       0.6824
 639.000       0.6492
 640.000       0.6954
 641.000       0.9521
 642.000       1.0044
 643.000       0.7229
 644.000       0.6004
 645.000       0.5598
 646.000       0.6046
 647.000       0.6192
 648.000       0.5732
 649.000       0.6372
 650.000       0.6290
 651.000       0.8270
 652.000       0.7494
 653.000       0.8160
 654.000       0.8621
 655.000       0.8555
 656.000       0.9586
 657.000       0.9452
 658.000       0.8853
 659.000       1.0553
 660.000       1.4511
 661.000       2.0335
