#Res             RMSF
 662.000       1.1969
 663.000       1.0711
 664.000       0.7267
 665.000       0.5165
 666.000       0.4247
 667.000       0.4131
 668.000       0.4219
 669.000       0.4246
 670.000       0.3910
 671.000       0.3865
 672.000       0.4368
 673.000       0.3969
 674.000       0.4147
 675.000       0.5556
 676.000       0.6307
 677.000       0.5996
 678.000       0.5595
 679.000       0.6788
 680.000       0.7688
 681.000       0.5695
 682.000       0.5322
 683.000       0.4522
 684.000       0.5184
 685.000       0.6114
 686.000       0.6347
 687.000       0.4471
 688.000       0.4288
 689.000       0.5105
 690.000       0.4326
 691.000       0.3703
 692.000       0.4136
 693.000       0.4445
 694.000       0.3856
 695.000       0.4220
 696.000       0.4277
 697.000       0.4221
 698.000       0.4141
 699.000       0.3843
 700.000       0.4515
 701.000       0.4506
 702.000       0.3844
 703.000       0.4255
 704.000       0.4872
 705.000       0.4126
 706.000       0.3607
 707.000       0.4126
 708.000       0.4401
 709.000       0.3947
 710.000       0.4342
 711.000       0.5148
 712.000       0.6299
 713.000       0.6721
 714.000       0.6887
 715.000       0.6157
 716.000       0.6486
 717.000       0.5427
 718.000       0.4164
 719.000       0.4171
 720.000       0.4361
 721.000       0.4188
 722.000       0.3669
 723.000       0.3886
 724.000       0.4236
 725.000       0.3631
 726.000       0.3651
 727.000       0.3911
 728.000       0.4545
 729.000       0.4788
 730.000       0.4640
 731.000       0.4761
 732.000       0.6207
 733.000       1.0259
 734.000       0.8344
 735.000       0.5840
 736.000       0.4992
 737.000       0.5813
 738.000       0.5118
 739.000       0.4367
 740.000       0.4310
 741.000       0.4680
 742.000       0.4371
 743.000       0.4303
 744.000       0.4454
 745.000       0.4723
 746.000       0.4188
 747.000       0.4505
 748.000       0.5393
 749.000       0.5476
 750.000       0.5173
 751.000       0.7384
 752.000       1.5982
 753.000       2.7163
