#Res             RMSF
  98.000       1.0728
  99.000       0.6916
 100.000       0.7721
 101.000       0.8418
 102.000       0.6165
 103.000       0.5651
 104.000       0.4423
 105.000       0.4175
 106.000       0.4710
 107.000       0.3779
 108.000       0.3387
 109.000       0.4009
 110.000       0.4156
 111.000       0.3601
 112.000       0.3929
 113.000       0.4134
 114.000       0.4412
 115.000       0.4557
 116.000       0.3851
 117.000       0.4399
 118.000       0.4062
 119.000       0.3895
 120.000       0.4304
 121.000       0.4722
 122.000       0.4768
 123.000       0.4167
 124.000       0.4090
 125.000       0.4952
 126.000       0.4644
 127.000       0.3917
 128.000       0.4411
 129.000       0.4930
 130.000       0.5373
 131.000       0.5349
 132.000       0.5334
 133.000       0.5719
 134.000       0.5471
 135.000       0.4813
 136.000       0.4828
 137.000       0.5318
 138.000       0.3909
 139.000       0.3441
 140.000       0.3934
 141.000       0.3443
 142.000       0.3069
 143.000       0.3331
 144.000       0.3664
 145.000       0.3464
 146.000       0.3260
 147.000       0.4581
 148.000       0.5468
 149.000       0.5288
 150.000       0.5778
 151.000       0.5233
 152.000       0.5758
 153.000       0.4454
 154.000       0.3695
 155.000       0.4265
 156.000       0.4441
 157.000       0.4304
 158.000       0.3424
 159.000       0.3428
 160.000       0.3833
 161.000       0.3903
 162.000       0.3462
 163.000       0.4529
 164.000       0.5709
 165.000       0.7687
 166.000       1.2255
 167.000       2.2154
 168.000       0.7995
 169.000       0.7280
 170.000       0.5287
 171.000       0.5117
 172.000       0.6637
 173.000       0.7354
 174.000       1.2746
 175.000       2.3774
