#Res             RMSF
 558.000       1.3835
 559.000       0.8700
 560.000       0.6190
 561.000       0.5178
 562.000       0.6651
 563.000       0.6657
 564.000       0.5498
 565.000       0.6240
 566.000       0.4502
 567.000       0.4667
 568.000       0.3904
 569.000       0.4345
 570.000       0.3879
 571.000       0.4995
 572.000       0.4467
 573.000       0.4012
 574.000       0.3903
 575.000       0.4436
 576.000       0.4871
 577.000       0.4961
 578.000       0.6055
 579.000       0.7853
 580.000       0.7877
 581.000       0.9558
 582.000       0.6103
 583.000       0.6526
 584.000       0.7104
 585.000       0.6119
 586.000       0.5336
 587.000       0.5608
 588.000       0.6630
 589.000       0.4950
 590.000       0.3793
 591.000       0.3504
 592.000       0.3590
 593.000       0.3957
 594.000       0.3797
 595.000       0.3499
 596.000       0.3609
 597.000       0.4025
 598.000       0.3839
 599.000       0.3701
 600.000       0.4014
 601.000       0.4282
 602.000       0.4190
 603.000       0.4651
 604.000       0.5130
 605.000       0.4488
 606.000       0.4491
 607.000       0.5365
 608.000       0.5105
 609.000       0.4411
 610.000       0.5002
 611.000       0.6047
 612.000       0.5898
 613.000       0.5325
 614.000       0.6949
 615.000       0.8217
 616.000       0.7911
 617.000       0.8356
 618.000       0.6431
 619.000       0.6401
 620.000       0.5191
 621.000       0.3988
 622.000       0.4211
 623.000       0.4304
 624.000       0.4646
 625.000       0.4322
 626.000       0.4454
 627.000       0.5056
 628.000       0.6695
 629.000       0.6739
 630.000       0.6018
 631.000       0.8951
 632.000       1.2626
 633.000       1.0545
 634.000       1.0548
 635.000       0.8277
 636.000       0.6788
 637.000       0.7752
 638.000       0.8056
 639.000       0.7441
 640.000       0.8521
 641.000       1.7791
 642.000       1.4667
 643.000       0.7690
 644.000       0.5670
 645.000       0.5536
 646.000       0.5737
 647.000       0.5689
 648.000       0.5477
 649.000       0.6404
 650.000       0.6036
 651.000       0.7501
 652.000       0.7272
 653.000       0.8210
 654.000       0.8715
 655.000       0.8838
 656.000       1.0016
 657.000       1.0176
 658.000       0.9464
 659.000       1.1175
 660.000       1.4908
 661.000       2.1412
