#Res             RMSF
 476.000       3.1325
 477.000       1.9337
 478.000       1.4035
 479.000       0.9511
 480.000       0.5562
 481.000       0.5273
 482.000       0.6576
 483.000       0.6985
 484.000       0.5946
 485.000       0.5314
 486.000       0.5375
 487.000       0.5357
 488.000       0.5368
 489.000       0.3867
 490.000       0.3945
 491.000       0.4123
 492.000       0.3569
 493.000       0.3362
 494.000       0.3723
 495.000       0.4007
 496.000       0.4407
 497.000       0.4511
 498.000       0.4071
 499.000       0.4407
 500.000       0.4091
 501.000       0.4401
 502.000       0.4340
 503.000       0.5159
 504.000       0.4964
 505.000       0.4284
 506.000       0.4588
 507.000       0.5487
 508.000       0.4868
 509.000       0.3884
 510.000       0.4342
 511.000       0.5050
 512.000       0.4846
 513.000       0.4481
 514.000       0.4840
 515.000       0.5133
 516.000       0.4772
 517.000       0.4790
 518.000       0.4960
 519.000       0.4601
 520.000       0.3640
 521.000       0.3386
 522.000       0.3929
 523.000       0.3408
 524.000       0.3267
 525.000       0.3665
 526.000       0.4061
 527.000       0.3901
 528.000       0.3984
 529.000       0.5545
 530.000       0.6419
 531.000       0.5850
 532.000       0.6231
 533.000       0.4814
 534.000       0.6421
 535.000       0.4598
 536.000       0.4150
 537.000       0.4214
 538.000       0.4276
 539.000       0.4017
 540.000       0.3361
 541.000       0.3398
 542.000       0.3768
 543.000       0.3443
 544.000       0.3349
 545.000       0.4048
 546.000       0.4608
 547.000       0.5248
 548.000       0.5607
 549.000       0.6804
 550.000       0.7106
 551.000       0.5759
 552.000       0.4701
 553.000       0.4801
 554.000       0.7197
 555.000       0.6444
 556.000       1.3107
 557.000       2.7042
