#Res             RMSF
  98.000       1.2099
  99.000       0.7302
 100.000       0.8183
 101.000       0.9118
 102.000       0.6432
 103.000       0.5674
 104.000       0.4400
 105.000       0.4483
 106.000       0.5172
 107.000       0.3779
 108.000       0.3266
 109.000       0.4317
 110.000       0.4290
 111.000       0.3524
 112.000       0.3776
 113.000       0.4103
 114.000       0.4376
 115.000       0.4457
 116.000       0.3653
 117.000       0.4334
 118.000       0.3790
 119.000       0.3685
 120.000       0.4303
 121.000       0.4549
 122.000       0.4751
 123.000       0.4125
 124.000       0.3918
 125.000       0.4672
 126.000       0.4451
 127.000       0.4011
 128.000       0.4369
 129.000       0.4847
 130.000       0.5209
 131.000       0.5052
 132.000       0.5225
 133.000       0.5617
 134.000       0.5678
 135.000       0.5011
 136.000       0.5149
 137.000       0.5313
 138.000       0.3763
 139.000       0.3568
 140.000       0.4144
 141.000       0.3446
 142.000       0.2928
 143.000       0.3429
 144.000       0.3783
 145.000       0.3532
 146.000       0.3169
 147.000       0.4680
 148.000       0.5887
 149.000       0.5498
 150.000       0.6078
 151.000       0.5655
 152.000       0.6192
 153.000       0.4701
 154.000       0.3686
 155.000       0.4386
 156.000       0.4555
 157.000       0.4436
 158.000       0.3591
 159.000       0.3605
 160.000       0.3930
 161.000       0.4052
 162.000       0.3518
 163.000       0.4845
 164.000       0.6179
 165.000       0.6636
 166.000       1.1085
 167.000       2.2444
 168.000       0.8171
 169.000       0.5794
 170.000       0.4719
 171.000       0.4748
 172.000       0.6244
 173.000       0.7408
 174.000       1.1971
 175.000       2.2568
