#Res             RMSF
  98.000       1.0718
  99.000       0.6912
 100.000       0.7716
 101.000       0.8409
 102.000       0.6158
 103.000       0.5651
 104.000       0.4423
 105.000       0.4177
 106.000       0.4712
 107.000       0.3787
 108.000       0.3404
 109.000       0.4016
 110.000       0.4152
 111.000       0.3601
 112.000       0.3932
 113.000       0.4132
 114.000       0.4409
 115.000       0.4556
 116.000       0.3852
 117.000       0.4396
 118.000       0.4059
 119.000       0.3894
 120.000       0.4308
 121.000       0.4725
 122.000       0.4775
 123.000       0.4166
 124.000       0.4090
 125.000       0.4952
 126.000       0.4645
 127.000       0.3919
 128.000       0.4407
 129.000       0.4925
 130.000       0.5369
 131.000       0.5345
 132.000       0.5333
 133.000       0.5719
 134.000       0.5471
 135.000       0.4818
 136.000       0.4829
 137.000       0.5317
 138.000       0.3911
 139.000       0.3439
 140.000       0.3932
 141.000       0.3445
 142.000       0.3070
 143.000       0.3331
 144.000       0.3665
 145.000       0.3464
 146.000       0.3257
 147.000       0.4579
 148.000       0.5463
 149.000       0.5283
 150.000       0.5782
 151.000       0.5235
 152.000       0.5767
 153.000       0.4463
 154.000       0.3695
 155.000       0.4264
 156.000       0.4448
 157.000       0.4307
 158.000       0.3427
 159.000       0.3428
 160.000       0.3831
 161.000       0.3898
 162.000       0.3461
 163.000       0.4529
 164.000       0.5705
 165.000       0.7683
 166.000       1.2249
 167.000       2.2128
 168.000       0.8004
 169.000       0.7295
 170.000       0.5296
 171.000       0.5129
 172.000       0.6642
 173.000       0.7365
 174.000       1.2790
 175.000       2.3863
