#Res             RMSF
 377.000       3.1059
 378.000       2.0777
 379.000       1.1867
 380.000       0.8690
 381.000       0.6033
 382.000       0.5588
 383.000       0.5222
 384.000       0.5232
 385.000       0.4972
 386.000       0.4936
 387.000       0.4481
 388.000       0.4728
 389.000       0.5088
 390.000       0.4352
 391.000       0.3835
 392.000       0.4588
 393.000       0.4402
 394.000       0.4086
 395.000       0.4224
 396.000       0.5054
 397.000       0.5356
 398.000       0.5264
 399.000       0.5018
 400.000       0.4160
 401.000       0.4007
 402.000       0.3935
 403.000       0.4978
 404.000       0.5043
 405.000       0.5333
 406.000       0.5224
 407.000       0.4238
 408.000       0.4635
 409.000       0.5039
 410.000       0.4555
 411.000       0.4021
 412.000       0.4551
 413.000       0.5060
 414.000       0.5056
 415.000       0.4923
 416.000       0.6352
 417.000       0.8806
 418.000       0.7783
 419.000       0.7113
 420.000       0.7792
 421.000       0.9832
 422.000       0.5686
 423.000       0.5324
 424.000       0.5388
 425.000       0.5659
 426.000       0.6870
 427.000       0.5109
 428.000       0.4055
 429.000       0.3741
 430.000       0.4283
 431.000       0.4164
 432.000       0.3806
 433.000       0.3268
 434.000       0.3323
 435.000       0.3631
 436.000       0.3549
 437.000       0.3359
 438.000       0.3634
 439.000       0.3673
 440.000       0.3473
 441.000       0.3403
 442.000       0.4081
 443.000       0.3402
 444.000       0.3234
 445.000       0.3636
 446.000       0.3510
 447.000       0.3321
 448.000       0.3534
 449.000       0.4215
 450.000       0.4056
 451.000       0.4222
 452.000       0.4749
 453.000       0.5081
 454.000       0.5680
 455.000       0.6152
 456.000       0.5048
 457.000       0.4984
 458.000       0.4028
 459.000       0.3524
 460.000       0.4382
 461.000       0.4938
 462.000       0.5030
 463.000       0.3845
 464.000       0.4693
 465.000       0.5909
 466.000       0.4677
 467.000       0.4298
 468.000       0.4977
 469.000       0.5690
 470.000       0.5460
 471.000       0.5406
 472.000       0.7251
 473.000       0.7748
 474.000       1.7128
 475.000       2.9452
