#Res             RMSF
   1.000       3.9012
   2.000       2.0599
   3.000       0.8335
   4.000       0.6916
   5.000       0.6385
   6.000       0.5435
   7.000       0.5420
   8.000       0.5438
   9.000       0.5066
  10.000       0.4511
  11.000       0.4697
  12.000       0.4878
  13.000       0.4448
  14.000       0.3900
  15.000       0.4654
  16.000       0.4416
  17.000       0.4100
  18.000       0.4429
  19.000       0.5126
  20.000       0.5369
  21.000       0.5747
  22.000       0.5449
  23.000       0.5270
  24.000       0.4140
  25.000       0.4263
  26.000       0.4719
  27.000       0.4762
  28.000       0.4796
  29.000       0.4592
  30.000       0.3924
  31.000       0.4618
  32.000       0.4923
  33.000       0.4437
  34.000       0.3831
  35.000       0.4497
  36.000       0.5103
  37.000       0.4596
  38.000       0.4678
  39.000       0.6371
  40.000       0.7886
  41.000       0.6775
  42.000       0.6534
  43.000       0.7683
  44.000       1.0291
  45.000       0.6029
  46.000       0.5803
  47.000       0.5656
  48.000       0.6009
  49.000       0.6651
  50.000       0.5528
  51.000       0.4407
  52.000       0.3860
  53.000       0.4363
  54.000       0.4515
  55.000       0.3928
  56.000       0.3505
  57.000       0.3886
  58.000       0.4137
  59.000       0.4090
  60.000       0.4100
  61.000       0.4145
  62.000       0.4232
  63.000       0.3876
  64.000       0.3881
  65.000       0.4553
  66.000       0.3782
  67.000       0.3720
  68.000       0.4191
  69.000       0.4023
  70.000       0.3659
  71.000       0.3833
  72.000       0.4277
  73.000       0.4053
  74.000       0.4123
  75.000       0.4453
  76.000       0.4818
  77.000       0.5348
  78.000       0.5672
  79.000       0.4368
  80.000       0.5025
  81.000       0.3825
  82.000       0.3542
  83.000       0.4147
  84.000       0.4325
  85.000       0.4221
  86.000       0.3720
  87.000       0.4307
  88.000       0.5010
  89.000       0.4669
  90.000       0.5227
  91.000       0.5631
  92.000       0.6189
  93.000       0.5661
  94.000       0.7550
  95.000       1.0370
  96.000       1.5192
  97.000       2.3072
