#Res             RMSF
 476.000       3.1665
 477.000       2.2068
 478.000       1.4012
 479.000       1.2053
 480.000       0.6605
 481.000       0.5466
 482.000       0.6722
 483.000       0.6694
 484.000       0.5755
 485.000       0.5234
 486.000       0.5142
 487.000       0.4856
 488.000       0.4856
 489.000       0.3960
 490.000       0.3716
 491.000       0.4003
 492.000       0.3648
 493.000       0.3397
 494.000       0.3703
 495.000       0.3997
 496.000       0.4300
 497.000       0.4625
 498.000       0.3996
 499.000       0.4524
 500.000       0.4167
 501.000       0.4242
 502.000       0.4369
 503.000       0.5246
 504.000       0.5117
 505.000       0.4335
 506.000       0.4676
 507.000       0.5786
 508.000       0.5078
 509.000       0.4036
 510.000       0.4917
 511.000       0.5118
 512.000       0.4752
 513.000       0.4258
 514.000       0.4595
 515.000       0.5044
 516.000       0.4602
 517.000       0.4419
 518.000       0.4661
 519.000       0.4471
 520.000       0.3762
 521.000       0.3508
 522.000       0.4091
 523.000       0.3366
 524.000       0.3316
 525.000       0.3710
 526.000       0.3951
 527.000       0.3818
 528.000       0.3892
 529.000       0.5234
 530.000       0.5929
 531.000       0.5550
 532.000       0.6106
 533.000       0.4949
 534.000       0.6785
 535.000       0.4640
 536.000       0.4088
 537.000       0.4290
 538.000       0.4179
 539.000       0.4000
 540.000       0.3377
 541.000       0.3394
 542.000       0.3704
 543.000       0.3581
 544.000       0.3342
 545.000       0.3895
 546.000       0.4601
 547.000       0.5266
 548.000       0.5705
 549.000       0.7143
 550.000       0.6889
 551.000       0.6090
 552.000       0.4825
 553.000       0.4979
 554.000       0.7088
 555.000       0.6225
 556.000       1.2574
 557.000       2.5063
