#Res             RMSF
 281.000       1.4105
 282.000       1.1154
 283.000       1.6821
 284.000       1.2361
 285.000       1.3805
 286.000       1.1032
 287.000       0.6633
 288.000       0.4780
 289.000       0.4524
 290.000       0.5469
 291.000       0.4622
 292.000       0.4077
 293.000       0.4004
 294.000       0.4426
 295.000       0.4267
 296.000       0.4253
 297.000       0.5560
 298.000       0.6685
 299.000       0.6331
 300.000       0.6102
 301.000       0.7367
 302.000       0.7852
 303.000       0.5745
 304.000       0.5247
 305.000       0.4376
 306.000       0.5083
 307.000       0.6339
 308.000       0.6555
 309.000       0.4710
 310.000       0.4307
 311.000       0.5348
 312.000       0.4630
 313.000       0.3916
 314.000       0.4343
 315.000       0.4415
 316.000       0.3917
 317.000       0.3947
 318.000       0.4271
 319.000       0.4440
 320.000       0.4514
 321.000       0.4182
 322.000       0.4774
 323.000       0.4392
 324.000       0.3842
 325.000       0.4434
 326.000       0.4691
 327.000       0.3737
 328.000       0.3803
 329.000       0.4511
 330.000       0.4757
 331.000       0.4717
 332.000       0.4909
 333.000       0.5800
 334.000       0.6650
 335.000       0.7443
 336.000       0.7446
 337.000       0.5961
 338.000       0.5860
 339.000       0.5400
 340.000       0.4402
 341.000       0.4294
 342.000       0.4474
 343.000       0.4470
 344.000       0.4092
 345.000       0.3831
 346.000       0.3661
 347.000       0.3607
 348.000       0.3705
 349.000       0.4192
 350.000       0.4880
 351.000       0.4670
 352.000       0.5108
 353.000       0.5608
 354.000       0.7510
 355.000       0.8200
 356.000       0.8910
 357.000       0.6256
 358.000       0.4776
 359.000       0.6162
 360.000       0.5245
 361.000       0.4424
 362.000       0.4332
 363.000       0.4680
 364.000       0.4413
 365.000       0.4637
 366.000       0.4864
 367.000       0.4912
 368.000       0.4598
 369.000       0.4967
 370.000       0.5757
 371.000       0.5613
 372.000       0.5311
 373.000       0.7665
 374.000       0.9794
 375.000       2.3776
 376.000       3.6379
