#Res             RMSF
 377.000       2.5835
 378.000       1.9196
 379.000       1.1152
 380.000       0.8559
 381.000       0.6084
 382.000       0.5571
 383.000       0.5009
 384.000       0.4956
 385.000       0.5022
 386.000       0.4828
 387.000       0.4161
 388.000       0.4567
 389.000       0.5046
 390.000       0.4215
 391.000       0.3745
 392.000       0.4706
 393.000       0.4187
 394.000       0.3869
 395.000       0.4122
 396.000       0.5229
 397.000       0.5210
 398.000       0.5305
 399.000       0.4994
 400.000       0.4040
 401.000       0.3847
 402.000       0.3854
 403.000       0.4561
 404.000       0.4791
 405.000       0.5000
 406.000       0.4592
 407.000       0.4151
 408.000       0.4676
 409.000       0.4995
 410.000       0.4334
 411.000       0.3897
 412.000       0.4428
 413.000       0.4771
 414.000       0.4622
 415.000       0.4689
 416.000       0.5913
 417.000       0.8507
 418.000       0.7760
 419.000       0.6982
 420.000       0.7267
 421.000       0.9877
 422.000       0.5676
 423.000       0.5206
 424.000       0.5345
 425.000       0.5580
 426.000       0.7120
 427.000       0.4946
 428.000       0.3918
 429.000       0.3647
 430.000       0.4201
 431.000       0.4020
 432.000       0.3528
 433.000       0.3140
 434.000       0.3123
 435.000       0.3397
 436.000       0.3322
 437.000       0.3260
 438.000       0.3608
 439.000       0.3579
 440.000       0.3451
 441.000       0.3340
 442.000       0.4000
 443.000       0.3352
 444.000       0.3284
 445.000       0.3627
 446.000       0.3529
 447.000       0.3278
 448.000       0.3539
 449.000       0.4421
 450.000       0.4031
 451.000       0.4124
 452.000       0.4734
 453.000       0.5046
 454.000       0.5563
 455.000       0.5832
 456.000       0.4800
 457.000       0.4825
 458.000       0.3924
 459.000       0.3372
 460.000       0.4180
 461.000       0.4748
 462.000       0.4814
 463.000       0.3650
 464.000       0.4677
 465.000       0.6227
 466.000       0.4736
 467.000       0.4188
 468.000       0.5162
 469.000       0.5695
 470.000       0.5419
 471.000       0.5353
 472.000       0.7206
 473.000       0.7449
 474.000       1.9520
 475.000       2.1737
