#Res             RMSF
 476.000       3.1641
 477.000       2.2068
 478.000       1.4015
 479.000       1.2053
 480.000       0.6606
 481.000       0.5465
 482.000       0.6725
 483.000       0.6688
 484.000       0.5750
 485.000       0.5232
 486.000       0.5140
 487.000       0.4856
 488.000       0.4854
 489.000       0.3960
 490.000       0.3716
 491.000       0.3998
 492.000       0.3644
 493.000       0.3395
 494.000       0.3700
 495.000       0.3993
 496.000       0.4300
 497.000       0.4625
 498.000       0.3996
 499.000       0.4523
 500.000       0.4168
 501.000       0.4237
 502.000       0.4369
 503.000       0.5254
 504.000       0.5123
 505.000       0.4337
 506.000       0.4687
 507.000       0.5797
 508.000       0.5090
 509.000       0.4034
 510.000       0.4919
 511.000       0.5123
 512.000       0.4761
 513.000       0.4257
 514.000       0.4598
 515.000       0.5064
 516.000       0.4606
 517.000       0.4425
 518.000       0.4668
 519.000       0.4472
 520.000       0.3763
 521.000       0.3517
 522.000       0.4103
 523.000       0.3372
 524.000       0.3321
 525.000       0.3720
 526.000       0.3961
 527.000       0.3819
 528.000       0.3891
 529.000       0.5245
 530.000       0.5937
 531.000       0.5554
 532.000       0.6105
 533.000       0.4953
 534.000       0.6785
 535.000       0.4635
 536.000       0.4084
 537.000       0.4292
 538.000       0.4178
 539.000       0.3998
 540.000       0.3375
 541.000       0.3390
 542.000       0.3700
 543.000       0.3578
 544.000       0.3339
 545.000       0.3894
 546.000       0.4598
 547.000       0.5266
 548.000       0.5702
 549.000       0.7152
 550.000       0.6893
 551.000       0.6089
 552.000       0.4823
 553.000       0.4978
 554.000       0.7081
 555.000       0.6223
 556.000       1.2569
 557.000       2.5054
