#Res             RMSF
 558.000       1.2824
 559.000       0.7684
 560.000       0.5527
 561.000       0.5173
 562.000       0.6644
 563.000       0.6484
 564.000       0.5561
 565.000       0.6168
 566.000       0.4656
 567.000       0.4787
 568.000       0.4043
 569.000       0.4310
 570.000       0.3702
 571.000       0.4823
 572.000       0.4304
 573.000       0.3915
 574.000       0.3818
 575.000       0.4384
 576.000       0.4759
 577.000       0.5041
 578.000       0.6151
 579.000       0.7622
 580.000       0.7404
 581.000       0.9454
 582.000       0.6071
 583.000       0.6342
 584.000       0.7288
 585.000       0.5896
 586.000       0.5216
 587.000       0.5128
 588.000       0.6203
 589.000       0.4806
 590.000       0.3778
 591.000       0.3469
 592.000       0.3619
 593.000       0.3998
 594.000       0.3892
 595.000       0.3599
 596.000       0.3705
 597.000       0.4021
 598.000       0.3773
 599.000       0.3567
 600.000       0.3843
 601.000       0.4080
 602.000       0.4002
 603.000       0.4384
 604.000       0.4965
 605.000       0.4425
 606.000       0.4382
 607.000       0.5162
 608.000       0.5164
 609.000       0.4347
 610.000       0.4746
 611.000       0.5934
 612.000       0.5815
 613.000       0.5084
 614.000       0.6720
 615.000       0.7854
 616.000       0.7662
 617.000       0.8131
 618.000       0.6228
 619.000       0.6033
 620.000       0.5071
 621.000       0.3913
 622.000       0.3982
 623.000       0.3898
 624.000       0.4091
 625.000       0.4084
 626.000       0.4362
 627.000       0.4751
 628.000       0.5451
 629.000       0.5527
 630.000       0.6094
 631.000       0.8472
 632.000       1.0910
 633.000       1.0361
 634.000       1.0922
 635.000       0.8658
 636.000       0.7102
 637.000       0.8034
 638.000       0.8533
 639.000       0.8175
 640.000       0.8858
 641.000       1.8500
 642.000       1.5970
 643.000       0.6786
 644.000       0.4930
 645.000       0.4923
 646.000       0.5179
 647.000       0.5036
 648.000       0.5077
 649.000       0.6038
 650.000       0.5639
 651.000       0.5852
 652.000       0.6336
 653.000       0.7752
 654.000       0.8086
 655.000       0.8290
 656.000       0.8985
 657.000       0.8868
 658.000       0.8219
 659.000       1.0016
 660.000       1.3439
 661.000       2.1010
