#Res             RMSF
 176.000       1.2874
 177.000       0.9127
 178.000       0.6411
 179.000       0.5932
 180.000       0.5344
 181.000       0.6338
 182.000       0.6575
 183.000       0.5470
 184.000       0.5796
 185.000       0.4611
 186.000       0.5072
 187.000       0.4411
 188.000       0.5175
 189.000       0.4055
 190.000       0.5050
 191.000       0.4615
 192.000       0.3994
 193.000       0.3726
 194.000       0.4588
 195.000       0.4909
 196.000       0.5129
 197.000       0.6507
 198.000       0.7570
 199.000       0.6996
 200.000       0.9383
 201.000       0.5540
 202.000       0.5903
 203.000       0.6248
 204.000       0.5405
 205.000       0.4721
 206.000       0.5485
 207.000       0.5919
 208.000       0.4927
 209.000       0.4079
 210.000       0.3736
 211.000       0.3868
 212.000       0.4173
 213.000       0.4178
 214.000       0.3941
 215.000       0.4002
 216.000       0.4460
 217.000       0.4085
 218.000       0.3691
 219.000       0.4298
 220.000       0.4530
 221.000       0.4184
 222.000       0.4580
 223.000       0.5418
 224.000       0.4634
 225.000       0.4317
 226.000       0.5239
 227.000       0.5309
 228.000       0.4372
 229.000       0.4645
 230.000       0.5706
 231.000       0.5862
 232.000       0.5450
 233.000       0.7045
 234.000       0.8192
 235.000       0.7876
 236.000       0.8536
 237.000       0.6830
 238.000       0.6615
 239.000       0.5135
 240.000       0.4128
 241.000       0.4039
 242.000       0.4340
 243.000       0.4113
 244.000       0.4009
 245.000       0.4424
 246.000       0.4897
 247.000       0.5419
 248.000       0.5817
 249.000       0.8757
 250.000       1.1739
 251.000       1.1876
 252.000       1.3100
 253.000       1.4002
 254.000       1.1951
 255.000       1.3022
 256.000       1.7877
 257.000       1.8317
 258.000       1.4473
 259.000       1.3418
 260.000       2.0866
 261.000       1.2823
 262.000       0.6664
 263.000       0.5700
 264.000       0.5569
 265.000       0.6123
 266.000       0.5579
 267.000       0.7101
 268.000       0.5412
 269.000       0.5634
 270.000       0.5783
 271.000       0.6925
 272.000       0.7649
 273.000       0.8607
 274.000       0.8941
 275.000       0.9772
 276.000       0.8968
 277.000       0.8382
 278.000       1.0183
 279.000       1.3932
 280.000       2.0222
