#Res             RMSF
 377.000       3.4564
 378.000       1.8509
 379.000       1.2113
 380.000       0.8437
 381.000       0.5718
 382.000       0.5444
 383.000       0.5337
 384.000       0.5402
 385.000       0.4845
 386.000       0.4979
 387.000       0.4698
 388.000       0.4804
 389.000       0.5105
 390.000       0.4445
 391.000       0.3896
 392.000       0.4477
 393.000       0.4625
 394.000       0.4262
 395.000       0.4278
 396.000       0.4871
 397.000       0.5456
 398.000       0.5069
 399.000       0.4919
 400.000       0.4218
 401.000       0.4108
 402.000       0.3932
 403.000       0.5125
 404.000       0.5172
 405.000       0.5495
 406.000       0.5645
 407.000       0.4274
 408.000       0.4491
 409.000       0.4827
 410.000       0.4524
 411.000       0.3919
 412.000       0.4371
 413.000       0.5028
 414.000       0.5105
 415.000       0.4843
 416.000       0.6523
 417.000       0.8720
 418.000       0.7570
 419.000       0.7152
 420.000       0.8186
 421.000       0.9575
 422.000       0.5537
 423.000       0.5228
 424.000       0.5289
 425.000       0.5700
 426.000       0.6615
 427.000       0.5232
 428.000       0.4140
 429.000       0.3804
 430.000       0.4317
 431.000       0.4240
 432.000       0.3988
 433.000       0.3358
 434.000       0.3484
 435.000       0.3785
 436.000       0.3657
 437.000       0.3391
 438.000       0.3545
 439.000       0.3713
 440.000       0.3414
 441.000       0.3426
 442.000       0.4104
 443.000       0.3398
 444.000       0.3154
 445.000       0.3607
 446.000       0.3417
 447.000       0.3274
 448.000       0.3472
 449.000       0.3937
 450.000       0.3981
 451.000       0.4174
 452.000       0.4643
 453.000       0.4980
 454.000       0.5672
 455.000       0.6258
 456.000       0.5058
 457.000       0.4847
 458.000       0.3900
 459.000       0.3562
 460.000       0.4528
 461.000       0.5080
 462.000       0.5193
 463.000       0.3992
 464.000       0.4699
 465.000       0.5499
 466.000       0.4527
 467.000       0.4355
 468.000       0.4681
 469.000       0.5330
 470.000       0.5171
 471.000       0.5438
 472.000       0.6985
 473.000       0.7504
 474.000       1.1478
 475.000       3.0054
