#Res             RMSF
 662.000       1.1837
 663.000       0.9895
 664.000       0.7361
 665.000       0.5325
 666.000       0.4429
 667.000       0.4455
 668.000       0.4420
 669.000       0.4270
 670.000       0.3835
 671.000       0.3912
 672.000       0.4433
 673.000       0.4077
 674.000       0.4214
 675.000       0.5769
 676.000       0.6433
 677.000       0.6116
 678.000       0.5773
 679.000       0.7340
 680.000       0.8125
 681.000       0.6023
 682.000       0.5730
 683.000       0.4780
 684.000       0.5285
 685.000       0.5910
 686.000       0.6613
 687.000       0.4814
 688.000       0.4730
 689.000       0.5361
 690.000       0.4498
 691.000       0.3865
 692.000       0.4445
 693.000       0.4701
 694.000       0.3895
 695.000       0.4284
 696.000       0.4364
 697.000       0.4480
 698.000       0.4177
 699.000       0.3914
 700.000       0.4750
 701.000       0.4558
 702.000       0.3846
 703.000       0.4441
 704.000       0.4987
 705.000       0.4159
 706.000       0.3767
 707.000       0.4274
 708.000       0.4728
 709.000       0.4352
 710.000       0.4608
 711.000       0.5590
 712.000       0.7039
 713.000       0.7381
 714.000       0.7458
 715.000       0.6510
 716.000       0.6486
 717.000       0.5648
 718.000       0.4262
 719.000       0.4197
 720.000       0.4472
 721.000       0.4467
 722.000       0.3758
 723.000       0.3838
 724.000       0.3961
 725.000       0.3767
 726.000       0.3772
 727.000       0.3975
 728.000       0.4731
 729.000       0.4902
 730.000       0.4566
 731.000       0.4481
 732.000       0.6180
 733.000       1.0869
 734.000       0.8590
 735.000       0.5862
 736.000       0.5094
 737.000       0.6129
 738.000       0.5387
 739.000       0.4502
 740.000       0.4450
 741.000       0.4944
 742.000       0.4632
 743.000       0.4298
 744.000       0.4474
 745.000       0.4856
 746.000       0.4215
 747.000       0.4587
 748.000       0.5639
 749.000       0.5594
 750.000       0.5273
 751.000       0.7438
 752.000       1.9082
 753.000       3.1251
