#Res             RMSF
 176.000       1.4897
 177.000       1.0369
 178.000       0.7023
 179.000       0.6204
 180.000       0.5664
 181.000       0.7363
 182.000       0.7357
 183.000       0.5729
 184.000       0.5884
 185.000       0.4741
 186.000       0.5269
 187.000       0.4664
 188.000       0.5557
 189.000       0.5046
 190.000       0.6727
 191.000       0.5661
 192.000       0.4535
 193.000       0.4446
 194.000       0.4611
 195.000       0.4789
 196.000       0.4975
 197.000       0.6143
 198.000       0.7193
 199.000       0.7271
 200.000       0.9358
 201.000       0.6252
 202.000       0.6656
 203.000       0.7719
 204.000       0.5179
 205.000       0.4454
 206.000       0.5289
 207.000       0.6910
 208.000       0.4975
 209.000       0.3949
 210.000       0.3775
 211.000       0.3949
 212.000       0.4117
 213.000       0.4008
 214.000       0.3960
 215.000       0.4189
 216.000       0.4693
 217.000       0.4296
 218.000       0.3954
 219.000       0.4346
 220.000       0.4641
 221.000       0.4240
 222.000       0.4630
 223.000       0.5463
 224.000       0.4545
 225.000       0.4318
 226.000       0.5384
 227.000       0.5569
 228.000       0.4527
 229.000       0.5092
 230.000       0.6070
 231.000       0.6013
 232.000       0.5475
 233.000       0.7493
 234.000       0.8472
 235.000       0.8349
 236.000       0.8840
 237.000       0.6572
 238.000       0.6905
 239.000       0.5236
 240.000       0.4148
 241.000       0.4888
 242.000       0.5023
 243.000       0.5378
 244.000       0.4543
 245.000       0.5135
 246.000       0.6395
 247.000       0.6881
 248.000       0.6915
 249.000       0.9650
 250.000       1.3833
 251.000       1.2973
 252.000       1.2185
 253.000       1.3625
 254.000       1.2197
 255.000       1.1177
 256.000       1.2580
 257.000       1.2990
 258.000       1.2198
 259.000       1.3839
 260.000       2.3787
 261.000       1.5139
 262.000       0.7121
 263.000       0.5924
 264.000       0.5464
 265.000       0.6276
 266.000       0.6668
 267.000       0.8684
 268.000       1.5418
 269.000       0.7941
 270.000       0.9599
 271.000       0.9227
 272.000       0.8907
 273.000       0.9503
 274.000       0.9526
 275.000       1.0171
 276.000       1.0022
 277.000       0.9394
 278.000       1.0843
 279.000       1.5384
 280.000       2.3322
