#Res             RMSF
   1.000       3.2660
   2.000       1.5942
   3.000       1.0004
   4.000       0.7383
   5.000       0.7795
   6.000       0.6448
   7.000       0.5919
   8.000       0.5748
   9.000       0.5071
  10.000       0.4939
  11.000       0.5056
  12.000       0.5204
  13.000       0.4864
  14.000       0.4303
  15.000       0.4979
  16.000       0.5078
  17.000       0.4184
  18.000       0.4382
  19.000       0.4927
  20.000       0.5196
  21.000       0.5331
  22.000       0.5258
  23.000       0.4406
  24.000       0.4100
  25.000       0.3884
  26.000       0.4162
  27.000       0.4310
  28.000       0.4570
  29.000       0.4491
  30.000       0.3836
  31.000       0.4148
  32.000       0.4375
  33.000       0.4076
  34.000       0.3707
  35.000       0.4161
  36.000       0.4835
  37.000       0.4580
  38.000       0.4628
  39.000       0.6062
  40.000       0.8043
  41.000       0.7084
  42.000       0.6212
  43.000       0.6369
  44.000       0.8058
  45.000       0.5223
  46.000       0.5147
  47.000       0.5120
  48.000       0.5594
  49.000       0.6467
  50.000       0.4879
  51.000       0.4077
  52.000       0.3695
  53.000       0.3936
  54.000       0.3906
  55.000       0.3472
  56.000       0.3155
  57.000       0.3702
  58.000       0.4070
  59.000       0.3782
  60.000       0.3596
  61.000       0.3901
  62.000       0.3818
  63.000       0.3849
  64.000       0.3918
  65.000       0.4397
  66.000       0.3853
  67.000       0.3645
  68.000       0.4182
  69.000       0.4076
  70.000       0.3534
  71.000       0.3698
  72.000       0.4115
  73.000       0.4007
  74.000       0.3948
  75.000       0.4448
  76.000       0.4889
  77.000       0.5319
  78.000       0.5871
  79.000       0.4533
  80.000       0.4672
  81.000       0.4021
  82.000       0.3615
  83.000       0.4247
  84.000       0.5074
  85.000       0.4485
  86.000       0.3752
  87.000       0.4525
  88.000       0.5201
  89.000       0.4920
  90.000       0.5759
  91.000       0.6886
  92.000       0.7098
  93.000       0.7336
  94.000       0.9832
  95.000       1.1116
  96.000       1.7504
  97.000       3.4172
