#Res             RMSF
  98.000       0.9020
  99.000       0.6216
 100.000       0.6567
 101.000       0.6551
 102.000       0.4717
 103.000       0.4535
 104.000       0.4344
 105.000       0.3606
 106.000       0.3612
 107.000       0.3298
 108.000       0.3318
 109.000       0.3356
 110.000       0.3318
 111.000       0.3220
 112.000       0.3758
 113.000       0.3921
 114.000       0.4234
 115.000       0.4420
 116.000       0.3849
 117.000       0.4357
 118.000       0.4257
 119.000       0.3994
 120.000       0.4100
 121.000       0.4641
 122.000       0.4506
 123.000       0.4001
 124.000       0.3987
 125.000       0.4843
 126.000       0.4496
 127.000       0.3498
 128.000       0.3956
 129.000       0.4689
 130.000       0.4692
 131.000       0.4545
 132.000       0.4750
 133.000       0.5205
 134.000       0.4342
 135.000       0.4244
 136.000       0.4412
 137.000       0.5007
 138.000       0.4027
 139.000       0.3289
 140.000       0.3653
 141.000       0.3353
 142.000       0.3155
 143.000       0.3188
 144.000       0.3478
 145.000       0.3322
 146.000       0.3309
 147.000       0.4443
 148.000       0.4940
 149.000       0.5006
 150.000       0.5363
 151.000       0.4311
 152.000       0.5299
 153.000       0.4176
 154.000       0.3632
 155.000       0.3978
 156.000       0.4113
 157.000       0.4067
 158.000       0.3194
 159.000       0.3176
 160.000       0.3675
 161.000       0.3701
 162.000       0.3363
 163.000       0.3977
 164.000       0.4746
 165.000       0.6689
 166.000       0.7894
 167.000       0.7999
 168.000       0.5684
 169.000       0.7374
 170.000       0.5248
 171.000       0.5269
 172.000       0.6893
 173.000       0.7194
 174.000       1.3463
 175.000       2.4970
