#Res             RMSF
 176.000       1.5929
 177.000       1.0892
 178.000       0.7075
 179.000       0.5693
 180.000       0.5091
 181.000       0.6441
 182.000       0.7109
 183.000       0.5909
 184.000       0.6243
 185.000       0.4732
 186.000       0.4964
 187.000       0.4299
 188.000       0.4725
 189.000       0.4179
 190.000       0.5063
 191.000       0.4519
 192.000       0.4097
 193.000       0.4094
 194.000       0.4859
 195.000       0.5208
 196.000       0.4992
 197.000       0.6453
 198.000       0.7816
 199.000       0.7397
 200.000       0.9083
 201.000       0.6160
 202.000       0.6718
 203.000       0.7136
 204.000       0.6021
 205.000       0.5183
 206.000       0.5421
 207.000       0.5984
 208.000       0.5174
 209.000       0.4324
 210.000       0.3915
 211.000       0.4250
 212.000       0.4492
 213.000       0.4185
 214.000       0.3804
 215.000       0.4150
 216.000       0.4506
 217.000       0.4310
 218.000       0.4137
 219.000       0.4669
 220.000       0.4927
 221.000       0.4865
 222.000       0.5045
 223.000       0.5801
 224.000       0.4733
 225.000       0.4443
 226.000       0.5214
 227.000       0.5365
 228.000       0.4500
 229.000       0.5005
 230.000       0.6276
 231.000       0.6102
 232.000       0.5567
 233.000       0.7256
 234.000       0.8343
 235.000       0.8186
 236.000       0.8430
 237.000       0.6931
 238.000       0.6263
 239.000       0.5010
 240.000       0.4238
 241.000       0.4757
 242.000       0.5088
 243.000       0.5563
 244.000       0.5070
 245.000       0.5375
 246.000       0.6168
 247.000       0.6637
 248.000       0.6232
 249.000       0.8220
 250.000       1.0697
 251.000       1.1887
 252.000       1.2582
 253.000       1.2441
 254.000       1.4200
 255.000       1.1914
 256.000       1.4524
 257.000       1.7759
 258.000       1.5336
 259.000       1.2517
 260.000       1.3733
 261.000       1.0085
 262.000       0.5914
 263.000       0.5815
 264.000       0.6025
 265.000       0.7072
 266.000       0.6221
 267.000       0.6073
 268.000       0.6808
 269.000       0.6871
 270.000       0.8963
 271.000       0.8023
 272.000       0.8447
 273.000       0.8506
 274.000       0.9246
 275.000       1.0611
 276.000       1.0678
 277.000       0.9493
 278.000       1.0865
 279.000       1.4352
 280.000       2.1194
