#Res             RMSF
   1.000       2.6239
   2.000       1.6317
   3.000       1.0165
   4.000       0.6439
   5.000       0.6772
   6.000       0.5305
   7.000       0.5084
   8.000       0.5235
   9.000       0.4842
  10.000       0.4330
  11.000       0.4449
  12.000       0.4702
  13.000       0.4144
  14.000       0.3670
  15.000       0.4460
  16.000       0.4516
  17.000       0.4330
  18.000       0.4319
  19.000       0.5070
  20.000       0.5400
  21.000       0.5520
  22.000       0.5413
  23.000       0.4746
  24.000       0.4197
  25.000       0.4202
  26.000       0.4737
  27.000       0.4991
  28.000       0.5044
  29.000       0.4960
  30.000       0.4198
  31.000       0.4747
  32.000       0.5128
  33.000       0.4771
  34.000       0.4089
  35.000       0.4468
  36.000       0.5361
  37.000       0.5109
  38.000       0.4843
  39.000       0.6524
  40.000       0.8462
  41.000       0.7266
  42.000       0.6763
  43.000       0.7665
  44.000       0.9575
  45.000       0.5611
  46.000       0.5311
  47.000       0.5009
  48.000       0.5604
  49.000       0.6351
  50.000       0.4955
  51.000       0.4229
  52.000       0.3887
  53.000       0.4116
  54.000       0.4201
  55.000       0.3694
  56.000       0.3316
  57.000       0.3543
  58.000       0.3860
  59.000       0.3881
  60.000       0.3657
  61.000       0.4073
  62.000       0.4279
  63.000       0.3865
  64.000       0.3472
  65.000       0.4523
  66.000       0.4017
  67.000       0.3351
  68.000       0.3773
  69.000       0.3733
  70.000       0.3179
  71.000       0.3455
  72.000       0.3989
  73.000       0.3793
  74.000       0.3993
  75.000       0.4658
  76.000       0.4790
  77.000       0.5239
  78.000       0.5811
  79.000       0.4632
  80.000       0.4542
  81.000       0.4034
  82.000       0.3445
  83.000       0.4086
  84.000       0.4491
  85.000       0.4525
  86.000       0.3655
  87.000       0.4501
  88.000       0.5386
  89.000       0.4717
  90.000       0.4750
  91.000       0.6211
  92.000       0.7648
  93.000       0.7879
  94.000       0.8113
  95.000       0.9793
  96.000       1.0762
  97.000       1.6833
