#Res             RMSF
 662.000       2.3971
 663.000       1.7803
 664.000       1.5542
 665.000       0.7508
 666.000       0.4775
 667.000       0.4831
 668.000       0.5292
 669.000       0.5121
 670.000       0.4487
 671.000       0.4513
 672.000       0.4889
 673.000       0.4145
 674.000       0.4326
 675.000       0.5563
 676.000       0.6355
 677.000       0.5831
 678.000       0.6060
 679.000       0.8710
 680.000       0.7931
 681.000       0.5744
 682.000       0.5386
 683.000       0.4143
 684.000       0.4754
 685.000       0.6188
 686.000       0.6407
 687.000       0.4443
 688.000       0.4105
 689.000       0.5104
 690.000       0.4442
 691.000       0.3826
 692.000       0.4250
 693.000       0.4458
 694.000       0.3921
 695.000       0.3818
 696.000       0.4180
 697.000       0.4208
 698.000       0.4317
 699.000       0.3823
 700.000       0.4236
 701.000       0.4330
 702.000       0.3928
 703.000       0.4552
 704.000       0.5341
 705.000       0.4268
 706.000       0.3525
 707.000       0.4313
 708.000       0.4062
 709.000       0.3627
 710.000       0.4393
 711.000       0.4930
 712.000       0.5446
 713.000       0.6069
 714.000       0.6533
 715.000       0.5935
 716.000       0.6407
 717.000       0.5432
 718.000       0.4280
 719.000       0.4058
 720.000       0.4153
 721.000       0.4155
 722.000       0.3669
 723.000       0.3695
 724.000       0.4253
 725.000       0.3578
 726.000       0.3651
 727.000       0.3768
 728.000       0.4216
 729.000       0.4649
 730.000       0.4633
 731.000       0.4476
 732.000       0.5512
 733.000       0.8075
 734.000       0.7598
 735.000       0.5518
 736.000       0.4901
 737.000       0.5637
 738.000       0.4894
 739.000       0.4820
 740.000       0.4262
 741.000       0.4387
 742.000       0.4196
 743.000       0.4278
 744.000       0.4746
 745.000       0.4852
 746.000       0.4186
 747.000       0.4629
 748.000       0.5618
 749.000       0.5568
 750.000       0.5427
 751.000       0.8282
 752.000       1.3099
 753.000       2.4130
