#Res             RMSF
 176.000       1.3648
 177.000       0.8972
 178.000       0.6004
 179.000       0.5208
 180.000       0.4886
 181.000       0.6020
 182.000       0.6905
 183.000       0.5877
 184.000       0.6275
 185.000       0.4717
 186.000       0.4741
 187.000       0.4143
 188.000       0.4526
 189.000       0.4121
 190.000       0.5095
 191.000       0.4550
 192.000       0.4204
 193.000       0.4151
 194.000       0.4746
 195.000       0.5173
 196.000       0.4991
 197.000       0.6149
 198.000       0.7491
 199.000       0.7194
 200.000       0.7743
 201.000       0.6383
 202.000       0.6666
 203.000       0.6967
 204.000       0.6066
 205.000       0.5196
 206.000       0.5515
 207.000       0.6059
 208.000       0.5175
 209.000       0.4442
 210.000       0.3990
 211.000       0.4183
 212.000       0.4503
 213.000       0.4316
 214.000       0.3914
 215.000       0.4162
 216.000       0.4582
 217.000       0.4410
 218.000       0.4221
 219.000       0.4553
 220.000       0.4863
 221.000       0.4742
 222.000       0.4856
 223.000       0.5846
 224.000       0.4721
 225.000       0.4356
 226.000       0.5236
 227.000       0.5432
 228.000       0.4425
 229.000       0.5064
 230.000       0.6518
 231.000       0.6213
 232.000       0.5788
 233.000       0.7626
 234.000       0.8708
 235.000       0.8538
 236.000       0.8725
 237.000       0.7018
 238.000       0.6711
 239.000       0.5127
 240.000       0.4145
 241.000       0.4732
 242.000       0.5130
 243.000       0.5620
 244.000       0.5161
 245.000       0.5414
 246.000       0.6161
 247.000       0.6759
 248.000       0.6184
 249.000       0.8988
 250.000       1.2157
 251.000       1.3001
 252.000       1.4135
 253.000       1.3365
 254.000       1.4719
 255.000       1.2919
 256.000       1.8035
 257.000       1.9822
 258.000       1.5258
 259.000       1.3879
 260.000       1.4920
 261.000       1.2068
 262.000       0.6580
 263.000       0.6363
 264.000       0.6010
 265.000       0.6712
 266.000       0.5992
 267.000       0.6240
 268.000       0.7012
 269.000       0.7108
 270.000       0.9395
 271.000       0.8482
 272.000       0.8827
 273.000       0.8873
 274.000       0.9330
 275.000       1.0330
 276.000       0.9804
 277.000       0.8902
 278.000       1.0584
 279.000       1.4071
 280.000       2.1105
