#Res             RMSF
 281.000       5.7075
 282.000       4.3702
 283.000       2.7168
 284.000       1.3515
 285.000       0.9766
 286.000       0.7996
 287.000       0.6539
 288.000       0.5388
 289.000       0.5591
 290.000       0.6147
 291.000       0.5395
 292.000       0.5046
 293.000       0.5445
 294.000       0.5820
 295.000       0.5222
 296.000       0.5412
 297.000       0.6877
 298.000       0.7269
 299.000       0.7028
 300.000       0.6848
 301.000       0.8016
 302.000       0.9506
 303.000       0.7174
 304.000       0.6681
 305.000       0.5917
 306.000       0.6383
 307.000       0.7073
 308.000       0.7803
 309.000       0.5962
 310.000       0.5573
 311.000       0.6382
 312.000       0.5397
 313.000       0.4815
 314.000       0.5203
 315.000       0.5146
 316.000       0.4777
 317.000       0.4660
 318.000       0.4973
 319.000       0.4704
 320.000       0.4655
 321.000       0.4229
 322.000       0.4775
 323.000       0.4469
 324.000       0.4075
 325.000       0.4654
 326.000       0.5263
 327.000       0.4351
 328.000       0.4414
 329.000       0.5830
 330.000       0.5799
 331.000       0.5198
 332.000       0.6339
 333.000       0.8013
 334.000       0.8811
 335.000       0.8661
 336.000       0.8921
 337.000       0.7423
 338.000       0.7293
 339.000       0.6385
 340.000       0.5272
 341.000       0.5318
 342.000       0.5275
 343.000       0.5209
 344.000       0.4464
 345.000       0.4174
 346.000       0.4143
 347.000       0.4066
 348.000       0.3938
 349.000       0.4220
 350.000       0.5013
 351.000       0.4789
 352.000       0.4764
 353.000       0.6881
 354.000       1.2017
 355.000       1.1512
 356.000       1.2102
 357.000       0.8478
 358.000       0.5967
 359.000       0.6932
 360.000       0.5401
 361.000       0.4404
 362.000       0.4509
 363.000       0.4982
 364.000       0.4625
 365.000       0.4570
 366.000       0.5083
 367.000       0.5297
 368.000       0.4662
 369.000       0.5546
 370.000       0.6600
 371.000       0.6374
 372.000       0.6379
 373.000       0.8185
 374.000       0.9937
 375.000       2.0072
 376.000       3.1928
