#Res             RMSF
 558.000       1.6073
 559.000       1.0500
 560.000       0.7047
 561.000       0.5274
 562.000       0.6758
 563.000       0.6569
 564.000       0.5310
 565.000       0.5794
 566.000       0.4268
 567.000       0.4414
 568.000       0.4101
 569.000       0.4989
 570.000       0.4671
 571.000       0.5811
 572.000       0.5267
 573.000       0.4534
 574.000       0.4358
 575.000       0.4934
 576.000       0.5315
 577.000       0.5942
 578.000       0.7190
 579.000       0.8291
 580.000       0.7516
 581.000       0.9047
 582.000       0.6126
 583.000       0.6529
 584.000       0.7344
 585.000       0.5900
 586.000       0.5144
 587.000       0.5759
 588.000       0.6936
 589.000       0.5230
 590.000       0.3995
 591.000       0.3841
 592.000       0.4014
 593.000       0.4086
 594.000       0.3857
 595.000       0.3793
 596.000       0.3798
 597.000       0.4167
 598.000       0.4047
 599.000       0.3730
 600.000       0.4085
 601.000       0.4410
 602.000       0.4313
 603.000       0.4719
 604.000       0.4973
 605.000       0.4440
 606.000       0.4524
 607.000       0.5014
 608.000       0.4890
 609.000       0.4338
 610.000       0.4904
 611.000       0.6038
 612.000       0.6137
 613.000       0.5300
 614.000       0.6953
 615.000       0.8452
 616.000       0.7898
 617.000       0.8379
 618.000       0.6391
 619.000       0.6690
 620.000       0.4918
 621.000       0.4095
 622.000       0.4465
 623.000       0.4669
 624.000       0.4679
 625.000       0.4436
 626.000       0.4656
 627.000       0.5533
 628.000       0.6568
 629.000       0.6168
 630.000       0.6021
 631.000       0.9311
 632.000       1.1517
 633.000       0.8097
 634.000       0.7558
 635.000       0.6405
 636.000       0.5667
 637.000       0.6085
 638.000       0.6377
 639.000       0.6841
 640.000       0.6964
 641.000       1.2916
 642.000       1.1555
 643.000       0.6236
 644.000       0.5272
 645.000       0.5608
 646.000       0.5750
 647.000       0.5316
 648.000       0.5147
 649.000       0.6422
 650.000       0.6141
 651.000       0.8635
 652.000       0.8258
 653.000       0.8373
 654.000       0.8268
 655.000       0.8289
 656.000       0.9415
 657.000       0.9405
 658.000       0.8474
 659.000       0.9855
 660.000       1.3527
 661.000       2.0616
