#Res             RMSF
  98.000       1.1880
  99.000       0.8108
 100.000       0.8578
 101.000       0.9416
 102.000       0.6144
 103.000       0.5771
 104.000       0.4441
 105.000       0.4158
 106.000       0.4378
 107.000       0.3578
 108.000       0.3046
 109.000       0.3783
 110.000       0.3830
 111.000       0.3368
 112.000       0.3729
 113.000       0.4063
 114.000       0.4224
 115.000       0.4473
 116.000       0.3930
 117.000       0.4524
 118.000       0.4243
 119.000       0.4157
 120.000       0.4326
 121.000       0.4908
 122.000       0.4618
 123.000       0.3629
 124.000       0.4122
 125.000       0.5455
 126.000       0.5079
 127.000       0.4118
 128.000       0.4727
 129.000       0.5311
 130.000       0.5350
 131.000       0.5047
 132.000       0.4949
 133.000       0.5326
 134.000       0.4920
 135.000       0.4582
 136.000       0.4945
 137.000       0.4854
 138.000       0.4022
 139.000       0.3873
 140.000       0.4581
 141.000       0.3746
 142.000       0.3304
 143.000       0.3629
 144.000       0.3935
 145.000       0.3570
 146.000       0.3597
 147.000       0.4897
 148.000       0.5358
 149.000       0.5896
 150.000       0.6550
 151.000       0.5265
 152.000       0.6107
 153.000       0.4719
 154.000       0.3970
 155.000       0.4494
 156.000       0.4435
 157.000       0.4243
 158.000       0.3451
 159.000       0.3669
 160.000       0.3838
 161.000       0.3764
 162.000       0.3961
 163.000       0.4460
 164.000       0.5700
 165.000       0.6556
 166.000       0.7130
 167.000       0.7407
 168.000       0.7089
 169.000       0.6227
 170.000       0.4763
 171.000       0.4608
 172.000       0.6192
 173.000       1.1243
 174.000       2.3790
 175.000       3.0039
