#Res             RMSF
 281.000       5.6384
 282.000       4.2325
 283.000       2.6811
 284.000       1.5484
 285.000       1.0909
 286.000       0.8230
 287.000       0.6594
 288.000       0.5339
 289.000       0.5564
 290.000       0.6238
 291.000       0.5575
 292.000       0.5081
 293.000       0.5344
 294.000       0.5674
 295.000       0.4958
 296.000       0.5084
 297.000       0.6666
 298.000       0.7172
 299.000       0.7140
 300.000       0.7221
 301.000       0.8436
 302.000       0.9800
 303.000       0.7401
 304.000       0.6647
 305.000       0.5672
 306.000       0.5976
 307.000       0.6689
 308.000       0.7709
 309.000       0.5587
 310.000       0.4997
 311.000       0.6051
 312.000       0.5114
 313.000       0.4373
 314.000       0.4887
 315.000       0.4856
 316.000       0.4797
 317.000       0.4504
 318.000       0.4760
 319.000       0.4692
 320.000       0.4685
 321.000       0.4244
 322.000       0.4747
 323.000       0.4659
 324.000       0.4197
 325.000       0.4745
 326.000       0.5427
 327.000       0.4570
 328.000       0.4518
 329.000       0.5700
 330.000       0.5652
 331.000       0.5026
 332.000       0.5984
 333.000       0.7015
 334.000       0.7543
 335.000       0.7819
 336.000       0.8191
 337.000       0.6940
 338.000       0.7217
 339.000       0.6269
 340.000       0.5339
 341.000       0.5346
 342.000       0.5281
 343.000       0.5165
 344.000       0.4638
 345.000       0.4310
 346.000       0.4169
 347.000       0.3943
 348.000       0.4003
 349.000       0.4455
 350.000       0.4911
 351.000       0.4554
 352.000       0.4677
 353.000       0.7303
 354.000       1.2588
 355.000       1.2507
 356.000       1.3399
 357.000       0.8764
 358.000       0.6113
 359.000       0.7333
 360.000       0.5286
 361.000       0.4326
 362.000       0.4682
 363.000       0.4941
 364.000       0.4748
 365.000       0.4788
 366.000       0.5199
 367.000       0.5399
 368.000       0.4778
 369.000       0.5810
 370.000       0.6684
 371.000       0.6213
 372.000       0.6321
 373.000       0.8179
 374.000       0.9654
 375.000       2.3515
 376.000       3.3560
