#Res             RMSF
 176.000       1.5947
 177.000       1.0903
 178.000       0.7079
 179.000       0.5689
 180.000       0.5083
 181.000       0.6445
 182.000       0.7116
 183.000       0.5912
 184.000       0.6247
 185.000       0.4735
 186.000       0.4965
 187.000       0.4303
 188.000       0.4729
 189.000       0.4183
 190.000       0.5067
 191.000       0.4523
 192.000       0.4101
 193.000       0.4096
 194.000       0.4863
 195.000       0.5214
 196.000       0.4997
 197.000       0.6455
 198.000       0.7821
 199.000       0.7401
 200.000       0.9072
 201.000       0.6156
 202.000       0.6722
 203.000       0.7141
 204.000       0.6027
 205.000       0.5185
 206.000       0.5423
 207.000       0.5988
 208.000       0.5177
 209.000       0.4328
 210.000       0.3919
 211.000       0.4255
 212.000       0.4497
 213.000       0.4188
 214.000       0.3805
 215.000       0.4152
 216.000       0.4508
 217.000       0.4310
 218.000       0.4138
 219.000       0.4665
 220.000       0.4922
 221.000       0.4867
 222.000       0.5044
 223.000       0.5802
 224.000       0.4736
 225.000       0.4446
 226.000       0.5215
 227.000       0.5365
 228.000       0.4503
 229.000       0.5010
 230.000       0.6276
 231.000       0.6104
 232.000       0.5572
 233.000       0.7263
 234.000       0.8350
 235.000       0.8192
 236.000       0.8439
 237.000       0.6938
 238.000       0.6269
 239.000       0.5013
 240.000       0.4241
 241.000       0.4762
 242.000       0.5090
 243.000       0.5567
 244.000       0.5066
 245.000       0.5376
 246.000       0.6174
 247.000       0.6642
 248.000       0.6236
 249.000       0.8229
 250.000       1.0707
 251.000       1.1897
 252.000       1.2592
 253.000       1.2447
 254.000       1.4216
 255.000       1.1924
 256.000       1.4533
 257.000       1.7777
 258.000       1.5352
 259.000       1.2532
 260.000       1.3749
 261.000       1.0092
 262.000       0.5918
 263.000       0.5819
 264.000       0.6020
 265.000       0.7073
 266.000       0.6223
 267.000       0.6076
 268.000       0.6812
 269.000       0.6865
 270.000       0.8965
 271.000       0.8018
 272.000       0.8449
 273.000       0.8512
 274.000       0.9244
 275.000       1.0613
 276.000       1.0684
 277.000       0.9497
 278.000       1.0872
 279.000       1.4361
 280.000       2.1198
