#Res             RMSF
 377.000       2.5780
 378.000       1.9361
 379.000       1.2902
 380.000       0.8533
 381.000       0.5641
 382.000       0.5356
 383.000       0.4980
 384.000       0.5182
 385.000       0.5254
 386.000       0.5052
 387.000       0.4936
 388.000       0.5142
 389.000       0.5616
 390.000       0.4923
 391.000       0.4320
 392.000       0.5104
 393.000       0.5127
 394.000       0.4623
 395.000       0.4943
 396.000       0.5784
 397.000       0.5951
 398.000       0.5930
 399.000       0.5640
 400.000       0.5124
 401.000       0.4276
 402.000       0.3958
 403.000       0.4361
 404.000       0.4283
 405.000       0.4583
 406.000       0.4607
 407.000       0.3668
 408.000       0.3718
 409.000       0.4003
 410.000       0.3895
 411.000       0.3830
 412.000       0.4199
 413.000       0.4328
 414.000       0.4623
 415.000       0.4664
 416.000       0.5708
 417.000       0.8056
 418.000       0.7865
 419.000       0.7093
 420.000       0.7542
 421.000       0.9974
 422.000       0.5691
 423.000       0.5518
 424.000       0.5236
 425.000       0.5589
 426.000       0.6916
 427.000       0.4797
 428.000       0.4103
 429.000       0.3849
 430.000       0.4438
 431.000       0.4485
 432.000       0.3893
 433.000       0.3579
 434.000       0.3805
 435.000       0.4024
 436.000       0.4084
 437.000       0.4090
 438.000       0.4185
 439.000       0.4285
 440.000       0.3969
 441.000       0.4067
 442.000       0.4668
 443.000       0.3927
 444.000       0.3719
 445.000       0.4730
 446.000       0.4958
 447.000       0.4205
 448.000       0.4377
 449.000       0.4892
 450.000       0.4687
 451.000       0.4610
 452.000       0.5059
 453.000       0.5484
 454.000       0.5858
 455.000       0.6046
 456.000       0.4993
 457.000       0.5423
 458.000       0.4112
 459.000       0.3939
 460.000       0.4582
 461.000       0.4807
 462.000       0.4617
 463.000       0.4163
 464.000       0.4551
 465.000       0.4479
 466.000       0.4888
 467.000       0.7403
 468.000       0.7179
 469.000       0.7933
 470.000       0.9425
 471.000       1.2461
 472.000       1.3726
 473.000       1.2854
 474.000       1.5675
 475.000       2.4875
