#Res             RMSF
  98.000       1.2189
  99.000       0.7770
 100.000       0.8209
 101.000       0.8879
 102.000       0.5852
 103.000       0.6028
 104.000       0.4361
 105.000       0.4315
 106.000       0.4304
 107.000       0.3572
 108.000       0.3218
 109.000       0.3652
 110.000       0.3680
 111.000       0.3375
 112.000       0.3688
 113.000       0.4051
 114.000       0.4275
 115.000       0.4472
 116.000       0.3798
 117.000       0.4342
 118.000       0.4067
 119.000       0.4000
 120.000       0.4230
 121.000       0.4840
 122.000       0.4559
 123.000       0.3625
 124.000       0.4023
 125.000       0.5239
 126.000       0.4868
 127.000       0.4043
 128.000       0.4499
 129.000       0.5123
 130.000       0.5158
 131.000       0.4817
 132.000       0.4870
 133.000       0.5324
 134.000       0.4875
 135.000       0.4720
 136.000       0.5069
 137.000       0.4934
 138.000       0.4142
 139.000       0.3793
 140.000       0.4318
 141.000       0.3566
 142.000       0.3195
 143.000       0.3545
 144.000       0.3816
 145.000       0.3478
 146.000       0.3449
 147.000       0.4765
 148.000       0.5345
 149.000       0.5553
 150.000       0.6100
 151.000       0.4945
 152.000       0.5965
 153.000       0.4612
 154.000       0.4031
 155.000       0.4396
 156.000       0.4386
 157.000       0.4251
 158.000       0.3482
 159.000       0.3618
 160.000       0.3707
 161.000       0.3572
 162.000       0.3608
 163.000       0.4111
 164.000       0.5190
 165.000       0.5836
 166.000       0.6481
 167.000       0.6726
 168.000       0.6681
 169.000       0.6023
 170.000       0.4597
 171.000       0.4752
 172.000       0.6201
 173.000       0.9006
 174.000       1.9134
 175.000       2.7418
