#Res             RMSF
 281.000       5.7056
 282.000       4.3683
 283.000       2.7159
 284.000       1.3507
 285.000       0.9759
 286.000       0.7989
 287.000       0.6532
 288.000       0.5383
 289.000       0.5591
 290.000       0.6149
 291.000       0.5393
 292.000       0.5043
 293.000       0.5441
 294.000       0.5828
 295.000       0.5231
 296.000       0.5418
 297.000       0.6887
 298.000       0.7279
 299.000       0.7032
 300.000       0.6846
 301.000       0.8017
 302.000       0.9499
 303.000       0.7168
 304.000       0.6675
 305.000       0.5914
 306.000       0.6380
 307.000       0.7065
 308.000       0.7794
 309.000       0.5956
 310.000       0.5570
 311.000       0.6379
 312.000       0.5397
 313.000       0.4814
 314.000       0.5201
 315.000       0.5141
 316.000       0.4775
 317.000       0.4659
 318.000       0.4975
 319.000       0.4700
 320.000       0.4650
 321.000       0.4232
 322.000       0.4771
 323.000       0.4466
 324.000       0.4073
 325.000       0.4651
 326.000       0.5263
 327.000       0.4351
 328.000       0.4416
 329.000       0.5830
 330.000       0.5794
 331.000       0.5194
 332.000       0.6337
 333.000       0.8010
 334.000       0.8804
 335.000       0.8662
 336.000       0.8924
 337.000       0.7422
 338.000       0.7291
 339.000       0.6379
 340.000       0.5266
 341.000       0.5312
 342.000       0.5275
 343.000       0.5205
 344.000       0.4460
 345.000       0.4171
 346.000       0.4140
 347.000       0.4070
 348.000       0.3935
 349.000       0.4230
 350.000       0.5027
 351.000       0.4791
 352.000       0.4759
 353.000       0.6873
 354.000       1.2004
 355.000       1.1501
 356.000       1.2091
 357.000       0.8473
 358.000       0.5963
 359.000       0.6935
 360.000       0.5407
 361.000       0.4402
 362.000       0.4506
 363.000       0.4978
 364.000       0.4622
 365.000       0.4568
 366.000       0.5078
 367.000       0.5292
 368.000       0.4659
 369.000       0.5542
 370.000       0.6597
 371.000       0.6369
 372.000       0.6380
 373.000       0.8183
 374.000       0.9951
 375.000       2.0051
 376.000       3.1897
