#Res             RMSF
  98.000       1.2339
  99.000       0.7271
 100.000       0.7727
 101.000       0.8213
 102.000       0.5447
 103.000       0.6087
 104.000       0.4219
 105.000       0.4245
 106.000       0.4007
 107.000       0.3500
 108.000       0.3360
 109.000       0.3488
 110.000       0.3449
 111.000       0.3324
 112.000       0.3588
 113.000       0.3963
 114.000       0.4248
 115.000       0.4379
 116.000       0.3603
 117.000       0.4096
 118.000       0.3861
 119.000       0.3811
 120.000       0.4088
 121.000       0.4729
 122.000       0.4440
 123.000       0.3576
 124.000       0.3893
 125.000       0.4980
 126.000       0.4606
 127.000       0.3947
 128.000       0.4225
 129.000       0.4895
 130.000       0.4927
 131.000       0.4514
 132.000       0.4697
 133.000       0.5280
 134.000       0.4806
 135.000       0.4760
 136.000       0.5104
 137.000       0.4987
 138.000       0.4232
 139.000       0.3654
 140.000       0.4005
 141.000       0.3372
 142.000       0.3050
 143.000       0.3425
 144.000       0.3666
 145.000       0.3360
 146.000       0.3294
 147.000       0.4616
 148.000       0.5215
 149.000       0.5100
 150.000       0.5607
 151.000       0.4610
 152.000       0.5783
 153.000       0.4362
 154.000       0.3863
 155.000       0.3961
 156.000       0.4066
 157.000       0.4042
 158.000       0.3349
 159.000       0.3453
 160.000       0.3460
 161.000       0.3295
 162.000       0.3196
 163.000       0.3715
 164.000       0.4624
 165.000       0.5008
 166.000       0.5728
 167.000       0.5876
 168.000       0.6168
 169.000       0.5796
 170.000       0.4412
 171.000       0.4856
 172.000       0.6023
 173.000       0.5764
 174.000       1.1110
 175.000       2.3483
