#Res             RMSF
 377.000       2.5082
 378.000       1.8753
 379.000       1.4688
 380.000       0.8640
 381.000       0.5890
 382.000       0.6184
 383.000       0.6565
 384.000       0.6136
 385.000       0.5554
 386.000       0.4782
 387.000       0.4537
 388.000       0.4502
 389.000       0.4598
 390.000       0.4398
 391.000       0.4183
 392.000       0.4978
 393.000       0.5315
 394.000       0.4880
 395.000       0.5021
 396.000       0.5756
 397.000       0.5829
 398.000       0.5387
 399.000       0.5427
 400.000       0.4756
 401.000       0.4229
 402.000       0.4199
 403.000       0.4716
 404.000       0.4602
 405.000       0.4843
 406.000       0.4969
 407.000       0.3975
 408.000       0.4194
 409.000       0.4627
 410.000       0.4299
 411.000       0.3784
 412.000       0.4115
 413.000       0.5145
 414.000       0.4978
 415.000       0.4744
 416.000       0.6028
 417.000       0.7922
 418.000       0.7001
 419.000       0.6644
 420.000       0.7161
 421.000       0.8974
 422.000       0.5476
 423.000       0.4835
 424.000       0.5069
 425.000       0.5820
 426.000       0.6741
 427.000       0.5003
 428.000       0.4516
 429.000       0.3864
 430.000       0.4327
 431.000       0.4757
 432.000       0.4001
 433.000       0.3429
 434.000       0.3975
 435.000       0.4346
 436.000       0.3749
 437.000       0.3735
 438.000       0.4165
 439.000       0.4242
 440.000       0.3872
 441.000       0.3909
 442.000       0.5143
 443.000       0.4444
 444.000       0.3879
 445.000       0.4880
 446.000       0.5224
 447.000       0.4105
 448.000       0.4151
 449.000       0.4647
 450.000       0.4298
 451.000       0.4309
 452.000       0.4815
 453.000       0.4937
 454.000       0.5338
 455.000       0.5959
 456.000       0.4868
 457.000       0.4832
 458.000       0.4121
 459.000       0.3911
 460.000       0.4611
 461.000       0.5261
 462.000       0.5188
 463.000       0.4592
 464.000       0.5110
 465.000       0.5186
 466.000       0.4495
 467.000       0.6418
 468.000       0.6463
 469.000       0.7166
 470.000       0.9247
 471.000       1.1843
 472.000       1.2760
 473.000       1.1997
 474.000       1.0843
 475.000       1.5415
