#Res             RMSF
 281.000       3.3153
 282.000       2.3802
 283.000       1.6212
 284.000       0.8796
 285.000       0.8400
 286.000       0.6819
 287.000       0.5608
 288.000       0.4893
 289.000       0.5054
 290.000       0.5343
 291.000       0.4850
 292.000       0.4713
 293.000       0.4880
 294.000       0.5286
 295.000       0.5019
 296.000       0.5181
 297.000       0.6546
 298.000       0.7299
 299.000       0.6566
 300.000       0.6169
 301.000       0.7541
 302.000       0.8695
 303.000       0.6476
 304.000       0.6147
 305.000       0.5307
 306.000       0.5590
 307.000       0.6270
 308.000       0.6867
 309.000       0.5084
 310.000       0.4576
 311.000       0.6017
 312.000       0.5167
 313.000       0.4522
 314.000       0.4789
 315.000       0.4975
 316.000       0.4173
 317.000       0.4360
 318.000       0.4627
 319.000       0.4411
 320.000       0.4349
 321.000       0.3749
 322.000       0.4121
 323.000       0.4018
 324.000       0.3568
 325.000       0.3900
 326.000       0.4660
 327.000       0.3523
 328.000       0.3668
 329.000       0.4836
 330.000       0.4360
 331.000       0.4226
 332.000       0.5138
 333.000       0.7139
 334.000       0.9005
 335.000       0.7995
 336.000       0.7458
 337.000       0.5837
 338.000       0.5780
 339.000       0.5100
 340.000       0.4137
 341.000       0.4220
 342.000       0.4182
 343.000       0.4245
 344.000       0.3545
 345.000       0.3523
 346.000       0.3679
 347.000       0.3494
 348.000       0.3257
 349.000       0.3822
 350.000       0.4741
 351.000       0.4428
 352.000       0.4684
 353.000       0.5241
 354.000       0.7399
 355.000       0.8314
 356.000       0.9102
 357.000       0.6590
 358.000       0.5073
 359.000       0.5926
 360.000       0.5338
 361.000       0.4406
 362.000       0.4172
 363.000       0.4887
 364.000       0.4462
 365.000       0.4241
 366.000       0.4658
 367.000       0.4929
 368.000       0.4220
 369.000       0.4860
 370.000       0.5905
 371.000       0.5795
 372.000       0.5880
 373.000       0.7726
 374.000       0.9320
 375.000       1.4861
 376.000       2.7090
