#Res             RMSF
 476.000       2.5045
 477.000       1.5538
 478.000       0.7669
 479.000       0.7231
 480.000       0.4822
 481.000       0.4667
 482.000       0.5507
 483.000       0.5558
 484.000       0.4646
 485.000       0.4738
 486.000       0.4199
 487.000       0.4481
 488.000       0.4428
 489.000       0.3723
 490.000       0.3505
 491.000       0.3647
 492.000       0.3458
 493.000       0.3117
 494.000       0.3497
 495.000       0.3736
 496.000       0.3966
 497.000       0.4051
 498.000       0.3549
 499.000       0.4070
 500.000       0.3893
 501.000       0.3760
 502.000       0.4046
 503.000       0.4624
 504.000       0.4404
 505.000       0.3887
 506.000       0.4195
 507.000       0.4796
 508.000       0.4455
 509.000       0.3662
 510.000       0.4133
 511.000       0.4640
 512.000       0.4566
 513.000       0.4511
 514.000       0.4850
 515.000       0.5049
 516.000       0.4804
 517.000       0.4753
 518.000       0.4407
 519.000       0.4393
 520.000       0.3701
 521.000       0.3480
 522.000       0.3536
 523.000       0.3053
 524.000       0.3007
 525.000       0.3188
 526.000       0.3369
 527.000       0.3380
 528.000       0.3626
 529.000       0.4690
 530.000       0.5107
 531.000       0.5114
 532.000       0.5576
 533.000       0.4474
 534.000       0.6181
 535.000       0.4088
 536.000       0.3690
 537.000       0.3992
 538.000       0.3943
 539.000       0.3615
 540.000       0.3116
 541.000       0.3093
 542.000       0.3383
 543.000       0.3292
 544.000       0.3209
 545.000       0.3551
 546.000       0.4024
 547.000       0.4208
 548.000       0.4519
 549.000       0.6081
 550.000       0.6084
 551.000       0.5058
 552.000       0.4426
 553.000       0.4541
 554.000       0.6323
 555.000       0.6358
 556.000       1.3173
 557.000       2.6394
