#Res             RMSF
 558.000       1.3863
 559.000       0.8877
 560.000       0.6180
 561.000       0.4975
 562.000       0.6814
 563.000       0.6585
 564.000       0.5382
 565.000       0.5960
 566.000       0.4232
 567.000       0.4298
 568.000       0.3871
 569.000       0.4695
 570.000       0.4535
 571.000       0.5487
 572.000       0.4649
 573.000       0.4081
 574.000       0.4126
 575.000       0.4613
 576.000       0.4476
 577.000       0.5114
 578.000       0.6905
 579.000       0.7966
 580.000       0.6810
 581.000       0.9378
 582.000       0.6261
 583.000       0.6472
 584.000       0.7267
 585.000       0.5831
 586.000       0.4963
 587.000       0.5730
 588.000       0.6599
 589.000       0.5076
 590.000       0.3912
 591.000       0.3770
 592.000       0.3933
 593.000       0.4047
 594.000       0.3859
 595.000       0.3702
 596.000       0.3778
 597.000       0.4261
 598.000       0.4019
 599.000       0.3671
 600.000       0.4121
 601.000       0.4407
 602.000       0.4241
 603.000       0.4622
 604.000       0.4769
 605.000       0.4416
 606.000       0.4535
 607.000       0.5032
 608.000       0.4920
 609.000       0.4558
 610.000       0.4985
 611.000       0.5985
 612.000       0.6065
 613.000       0.5330
 614.000       0.6921
 615.000       0.8426
 616.000       0.7990
 617.000       0.8277
 618.000       0.6419
 619.000       0.6338
 620.000       0.5000
 621.000       0.4317
 622.000       0.4668
 623.000       0.4676
 624.000       0.4646
 625.000       0.4496
 626.000       0.4767
 627.000       0.5125
 628.000       0.5825
 629.000       0.6239
 630.000       0.5976
 631.000       0.8998
 632.000       1.1900
 633.000       0.8122
 634.000       0.7453
 635.000       0.6348
 636.000       0.5936
 637.000       0.6390
 638.000       0.6544
 639.000       0.6736
 640.000       0.7346
 641.000       1.3411
 642.000       1.1067
 643.000       0.5856
 644.000       0.5097
 645.000       0.5363
 646.000       0.5324
 647.000       0.5043
 648.000       0.5057
 649.000       0.6447
 650.000       0.6047
 651.000       0.7499
 652.000       0.7614
 653.000       0.8310
 654.000       0.8248
 655.000       0.8344
 656.000       0.9474
 657.000       0.9432
 658.000       0.8487
 659.000       0.9863
 660.000       1.3750
 661.000       2.1358
