#Res             RMSF
 558.000       1.7404
 559.000       1.1171
 560.000       0.7273
 561.000       0.5367
 562.000       0.6671
 563.000       0.6541
 564.000       0.5212
 565.000       0.5631
 566.000       0.4310
 567.000       0.4516
 568.000       0.4305
 569.000       0.5124
 570.000       0.4714
 571.000       0.5834
 572.000       0.5413
 573.000       0.4449
 574.000       0.4420
 575.000       0.5140
 576.000       0.5733
 577.000       0.6108
 578.000       0.7021
 579.000       0.8119
 580.000       0.7611
 581.000       0.8027
 582.000       0.5880
 583.000       0.6542
 584.000       0.7385
 585.000       0.5936
 586.000       0.5138
 587.000       0.5598
 588.000       0.7159
 589.000       0.5289
 590.000       0.4063
 591.000       0.3848
 592.000       0.4013
 593.000       0.4103
 594.000       0.3849
 595.000       0.3845
 596.000       0.3780
 597.000       0.4027
 598.000       0.4054
 599.000       0.3730
 600.000       0.3995
 601.000       0.4384
 602.000       0.4365
 603.000       0.4796
 604.000       0.5151
 605.000       0.4426
 606.000       0.4477
 607.000       0.4975
 608.000       0.4744
 609.000       0.4016
 610.000       0.4738
 611.000       0.5967
 612.000       0.6118
 613.000       0.5226
 614.000       0.6934
 615.000       0.8393
 616.000       0.7775
 617.000       0.8423
 618.000       0.6316
 619.000       0.6929
 620.000       0.4796
 621.000       0.3801
 622.000       0.4197
 623.000       0.4612
 624.000       0.4659
 625.000       0.4296
 626.000       0.4445
 627.000       0.5827
 628.000       0.7081
 629.000       0.6042
 630.000       0.6036
 631.000       0.9587
 632.000       1.1086
 633.000       0.7960
 634.000       0.7534
 635.000       0.6372
 636.000       0.5302
 637.000       0.5717
 638.000       0.6158
 639.000       0.6883
 640.000       0.6429
 641.000       1.2166
 642.000       1.1781
 643.000       0.6505
 644.000       0.5392
 645.000       0.5798
 646.000       0.6043
 647.000       0.5505
 648.000       0.5207
 649.000       0.5837
 650.000       0.5988
 651.000       0.8555
 652.000       0.8435
 653.000       0.8237
 654.000       0.8050
 655.000       0.8118
 656.000       0.9223
 657.000       0.9230
 658.000       0.8274
 659.000       0.9611
 660.000       1.2962
 661.000       1.9668
