#Res             RMSF
 662.000       1.8415
 663.000       1.1950
 664.000       1.0779
 665.000       0.6009
 666.000       0.4326
 667.000       0.4047
 668.000       0.4664
 669.000       0.4745
 670.000       0.4147
 671.000       0.4211
 672.000       0.4612
 673.000       0.4145
 674.000       0.3990
 675.000       0.5096
 676.000       0.5969
 677.000       0.5602
 678.000       0.5297
 679.000       0.7452
 680.000       0.7292
 681.000       0.5596
 682.000       0.5046
 683.000       0.4333
 684.000       0.4729
 685.000       0.5689
 686.000       0.5975
 687.000       0.4169
 688.000       0.3806
 689.000       0.4757
 690.000       0.3938
 691.000       0.3656
 692.000       0.4007
 693.000       0.4001
 694.000       0.3769
 695.000       0.3821
 696.000       0.4126
 697.000       0.3824
 698.000       0.3735
 699.000       0.3442
 700.000       0.4119
 701.000       0.4221
 702.000       0.3604
 703.000       0.4054
 704.000       0.4551
 705.000       0.3721
 706.000       0.3318
 707.000       0.4115
 708.000       0.4147
 709.000       0.3542
 710.000       0.4086
 711.000       0.4890
 712.000       0.5512
 713.000       0.5970
 714.000       0.6050
 715.000       0.5165
 716.000       0.5512
 717.000       0.4844
 718.000       0.3927
 719.000       0.4091
 720.000       0.4210
 721.000       0.4004
 722.000       0.3415
 723.000       0.3389
 724.000       0.3698
 725.000       0.3425
 726.000       0.3413
 727.000       0.3561
 728.000       0.4126
 729.000       0.4471
 730.000       0.4364
 731.000       0.4406
 732.000       0.5681
 733.000       0.9504
 734.000       0.7997
 735.000       0.5897
 736.000       0.4821
 737.000       0.5315
 738.000       0.4813
 739.000       0.4436
 740.000       0.4065
 741.000       0.4369
 742.000       0.4289
 743.000       0.4291
 744.000       0.4561
 745.000       0.4694
 746.000       0.4246
 747.000       0.4667
 748.000       0.5622
 749.000       0.5617
 750.000       0.5630
 751.000       0.8278
 752.000       1.5432
 753.000       2.7115
