#Res             RMSF
   1.000       2.3259
   2.000       1.5851
   3.000       0.9592
   4.000       0.6192
   5.000       0.7222
   6.000       0.5631
   7.000       0.5120
   8.000       0.5226
   9.000       0.4855
  10.000       0.4155
  11.000       0.4407
  12.000       0.4660
  13.000       0.4122
  14.000       0.3658
  15.000       0.4419
  16.000       0.4491
  17.000       0.4421
  18.000       0.4493
  19.000       0.5325
  20.000       0.5528
  21.000       0.5727
  22.000       0.5545
  23.000       0.4648
  24.000       0.4348
  25.000       0.4432
  26.000       0.4888
  27.000       0.4864
  28.000       0.5038
  29.000       0.5069
  30.000       0.4254
  31.000       0.4673
  32.000       0.5231
  33.000       0.4874
  34.000       0.4147
  35.000       0.4617
  36.000       0.5712
  37.000       0.5460
  38.000       0.5031
  39.000       0.6970
  40.000       0.9138
  41.000       0.7719
  42.000       0.6911
  43.000       0.7620
  44.000       0.9463
  45.000       0.5552
  46.000       0.5296
  47.000       0.5009
  48.000       0.5467
  49.000       0.6323
  50.000       0.5103
  51.000       0.4363
  52.000       0.4040
  53.000       0.4251
  54.000       0.4315
  55.000       0.3689
  56.000       0.3388
  57.000       0.3765
  58.000       0.4077
  59.000       0.4009
  60.000       0.3802
  61.000       0.4180
  62.000       0.4197
  63.000       0.3744
  64.000       0.3440
  65.000       0.4432
  66.000       0.3920
  67.000       0.3267
  68.000       0.3720
  69.000       0.3597
  70.000       0.3100
  71.000       0.3337
  72.000       0.3757
  73.000       0.3562
  74.000       0.3943
  75.000       0.4646
  76.000       0.4958
  77.000       0.5376
  78.000       0.5765
  79.000       0.4367
  80.000       0.4407
  81.000       0.4110
  82.000       0.3358
  83.000       0.4048
  84.000       0.4482
  85.000       0.4505
  86.000       0.3573
  87.000       0.4532
  88.000       0.5754
  89.000       0.5037
  90.000       0.5142
  91.000       0.6695
  92.000       0.8132
  93.000       0.8694
  94.000       0.8748
  95.000       1.0668
  96.000       1.0727
  97.000       1.6633
