#Res             RMSF
 377.000       2.5434
 378.000       1.9084
 379.000       1.3858
 380.000       0.8633
 381.000       0.5851
 382.000       0.6104
 383.000       0.6154
 384.000       0.5840
 385.000       0.5522
 386.000       0.4921
 387.000       0.4750
 388.000       0.4841
 389.000       0.5140
 390.000       0.4673
 391.000       0.4266
 392.000       0.5068
 393.000       0.5258
 394.000       0.4770
 395.000       0.4979
 396.000       0.5794
 397.000       0.5941
 398.000       0.5666
 399.000       0.5552
 400.000       0.4983
 401.000       0.4348
 402.000       0.4271
 403.000       0.4903
 404.000       0.4916
 405.000       0.5489
 406.000       0.5527
 407.000       0.3989
 408.000       0.4160
 409.000       0.4791
 410.000       0.4535
 411.000       0.3894
 412.000       0.4173
 413.000       0.4979
 414.000       0.5170
 415.000       0.4877
 416.000       0.6182
 417.000       0.8926
 418.000       0.8169
 419.000       0.7107
 420.000       0.7416
 421.000       0.9785
 422.000       0.5633
 423.000       0.5239
 424.000       0.5220
 425.000       0.5794
 426.000       0.6902
 427.000       0.4990
 428.000       0.4356
 429.000       0.3906
 430.000       0.4416
 431.000       0.4621
 432.000       0.3944
 433.000       0.3502
 434.000       0.3900
 435.000       0.4223
 436.000       0.3990
 437.000       0.3972
 438.000       0.4274
 439.000       0.4543
 440.000       0.4139
 441.000       0.4067
 442.000       0.5146
 443.000       0.4522
 444.000       0.3884
 445.000       0.4899
 446.000       0.5273
 447.000       0.4249
 448.000       0.4340
 449.000       0.4874
 450.000       0.4589
 451.000       0.4547
 452.000       0.4999
 453.000       0.5253
 454.000       0.5681
 455.000       0.6054
 456.000       0.4967
 457.000       0.5188
 458.000       0.4149
 459.000       0.3977
 460.000       0.4652
 461.000       0.5084
 462.000       0.5010
 463.000       0.4484
 464.000       0.5074
 465.000       0.5018
 466.000       0.4731
 467.000       0.7081
 468.000       0.6897
 469.000       0.7691
 470.000       0.9568
 471.000       1.2455
 472.000       1.3582
 473.000       1.2586
 474.000       1.3706
 475.000       2.1235
