#Res             RMSF
   1.000       2.7707
   2.000       1.5294
   3.000       0.9842
   4.000       0.6576
   5.000       0.6010
   6.000       0.4630
   7.000       0.4914
   8.000       0.5100
   9.000       0.4657
  10.000       0.4363
  11.000       0.4392
  12.000       0.4643
  13.000       0.4019
  14.000       0.3474
  15.000       0.4322
  16.000       0.4376
  17.000       0.4048
  18.000       0.3936
  19.000       0.4736
  20.000       0.5211
  21.000       0.5242
  22.000       0.5218
  23.000       0.4745
  24.000       0.3959
  25.000       0.3793
  26.000       0.4258
  27.000       0.4706
  28.000       0.4801
  29.000       0.4663
  30.000       0.4101
  31.000       0.4775
  32.000       0.4910
  33.000       0.4487
  34.000       0.3841
  35.000       0.4139
  36.000       0.4868
  37.000       0.4625
  38.000       0.4532
  39.000       0.5897
  40.000       0.7648
  41.000       0.6796
  42.000       0.6545
  43.000       0.7666
  44.000       0.9637
  45.000       0.5560
  46.000       0.5236
  47.000       0.4909
  48.000       0.5610
  49.000       0.6328
  50.000       0.4786
  51.000       0.4089
  52.000       0.3726
  53.000       0.3993
  54.000       0.4100
  55.000       0.3712
  56.000       0.3181
  57.000       0.3274
  58.000       0.3656
  59.000       0.3764
  60.000       0.3499
  61.000       0.3901
  62.000       0.4288
  63.000       0.3941
  64.000       0.3470
  65.000       0.4583
  66.000       0.4052
  67.000       0.3378
  68.000       0.3747
  69.000       0.3771
  70.000       0.3232
  71.000       0.3486
  72.000       0.4047
  73.000       0.3962
  74.000       0.3964
  75.000       0.4494
  76.000       0.4532
  77.000       0.5044
  78.000       0.5672
  79.000       0.4760
  80.000       0.4594
  81.000       0.3869
  82.000       0.3471
  83.000       0.4073
  84.000       0.4478
  85.000       0.4535
  86.000       0.3710
  87.000       0.4399
  88.000       0.5001
  89.000       0.4385
  90.000       0.4316
  91.000       0.5711
  92.000       0.7110
  93.000       0.6816
  94.000       0.7318
  95.000       0.8635
  96.000       1.0281
  97.000       1.6156
