#Res             RMSF
 476.000       3.5669
 477.000       1.8549
 478.000       1.2124
 479.000       1.0495
 480.000       0.6345
 481.000       0.6337
 482.000       0.9540
 483.000       1.0164
 484.000       0.6724
 485.000       0.6111
 486.000       0.4846
 487.000       0.5627
 488.000       0.5110
 489.000       0.3795
 490.000       0.3808
 491.000       0.4420
 492.000       0.3962
 493.000       0.3422
 494.000       0.3936
 495.000       0.4253
 496.000       0.4311
 497.000       0.4464
 498.000       0.3991
 499.000       0.4771
 500.000       0.4565
 501.000       0.4421
 502.000       0.4823
 503.000       0.5454
 504.000       0.5334
 505.000       0.4192
 506.000       0.4340
 507.000       0.5010
 508.000       0.4745
 509.000       0.3742
 510.000       0.4330
 511.000       0.4814
 512.000       0.4569
 513.000       0.4389
 514.000       0.4779
 515.000       0.5069
 516.000       0.4479
 517.000       0.4883
 518.000       0.5361
 519.000       0.4764
 520.000       0.3897
 521.000       0.3985
 522.000       0.4445
 523.000       0.3637
 524.000       0.3458
 525.000       0.4146
 526.000       0.4271
 527.000       0.3862
 528.000       0.4081
 529.000       0.5378
 530.000       0.5815
 531.000       0.5713
 532.000       0.6085
 533.000       0.5047
 534.000       0.6780
 535.000       0.4759
 536.000       0.4271
 537.000       0.4286
 538.000       0.4094
 539.000       0.3972
 540.000       0.3471
 541.000       0.3268
 542.000       0.3499
 543.000       0.3457
 544.000       0.3297
 545.000       0.3535
 546.000       0.4127
 547.000       0.4502
 548.000       0.4803
 549.000       0.6013
 550.000       0.6596
 551.000       0.6796
 552.000       0.4975
 553.000       0.5790
 554.000       0.7522
 555.000       0.7303
 556.000       1.5647
 557.000       2.7895
