#Res             RMSF
 476.000       3.5696
 477.000       1.8560
 478.000       1.2138
 479.000       1.0505
 480.000       0.6346
 481.000       0.6336
 482.000       0.9547
 483.000       1.0174
 484.000       0.6728
 485.000       0.6115
 486.000       0.4850
 487.000       0.5632
 488.000       0.5113
 489.000       0.3796
 490.000       0.3812
 491.000       0.4424
 492.000       0.3964
 493.000       0.3425
 494.000       0.3940
 495.000       0.4258
 496.000       0.4316
 497.000       0.4465
 498.000       0.3992
 499.000       0.4774
 500.000       0.4570
 501.000       0.4422
 502.000       0.4822
 503.000       0.5459
 504.000       0.5336
 505.000       0.4196
 506.000       0.4345
 507.000       0.5014
 508.000       0.4750
 509.000       0.3746
 510.000       0.4333
 511.000       0.4815
 512.000       0.4572
 513.000       0.4394
 514.000       0.4785
 515.000       0.5073
 516.000       0.4478
 517.000       0.4877
 518.000       0.5349
 519.000       0.4765
 520.000       0.3901
 521.000       0.3989
 522.000       0.4444
 523.000       0.3638
 524.000       0.3460
 525.000       0.4149
 526.000       0.4275
 527.000       0.3865
 528.000       0.4085
 529.000       0.5384
 530.000       0.5822
 531.000       0.5720
 532.000       0.6092
 533.000       0.5053
 534.000       0.6786
 535.000       0.4764
 536.000       0.4273
 537.000       0.4285
 538.000       0.4095
 539.000       0.3974
 540.000       0.3473
 541.000       0.3269
 542.000       0.3502
 543.000       0.3459
 544.000       0.3298
 545.000       0.3537
 546.000       0.4129
 547.000       0.4506
 548.000       0.4808
 549.000       0.6017
 550.000       0.6571
 551.000       0.6788
 552.000       0.4978
 553.000       0.5791
 554.000       0.7521
 555.000       0.7304
 556.000       1.5655
 557.000       2.7898
