#Res             RMSF
 176.000       1.7822
 177.000       1.2205
 178.000       0.7614
 179.000       0.5683
 180.000       0.4916
 181.000       0.6585
 182.000       0.6989
 183.000       0.5603
 184.000       0.5955
 185.000       0.4439
 186.000       0.4887
 187.000       0.4299
 188.000       0.4837
 189.000       0.4138
 190.000       0.4850
 191.000       0.4303
 192.000       0.3911
 193.000       0.3917
 194.000       0.4648
 195.000       0.4909
 196.000       0.4859
 197.000       0.6668
 198.000       0.7806
 199.000       0.7156
 200.000       0.9248
 201.000       0.5664
 202.000       0.6607
 203.000       0.7182
 204.000       0.5893
 205.000       0.5036
 206.000       0.5149
 207.000       0.5761
 208.000       0.4974
 209.000       0.4016
 210.000       0.3711
 211.000       0.4069
 212.000       0.4111
 213.000       0.3792
 214.000       0.3530
 215.000       0.3763
 216.000       0.4083
 217.000       0.4002
 218.000       0.3642
 219.000       0.4101
 220.000       0.4461
 221.000       0.4266
 222.000       0.4636
 223.000       0.5108
 224.000       0.4364
 225.000       0.4324
 226.000       0.4985
 227.000       0.5081
 228.000       0.4311
 229.000       0.4783
 230.000       0.5785
 231.000       0.5738
 232.000       0.5148
 233.000       0.6703
 234.000       0.7890
 235.000       0.7745
 236.000       0.8019
 237.000       0.6648
 238.000       0.5725
 239.000       0.4716
 240.000       0.3999
 241.000       0.4289
 242.000       0.4361
 243.000       0.4797
 244.000       0.4258
 245.000       0.4740
 246.000       0.5575
 247.000       0.5515
 248.000       0.5430
 249.000       0.6894
 250.000       0.8065
 251.000       0.8431
 252.000       0.9808
 253.000       1.0438
 254.000       0.9761
 255.000       0.9654
 256.000       0.8629
 257.000       1.0508
 258.000       1.1923
 259.000       0.9936
 260.000       1.1060
 261.000       0.7248
 262.000       0.4673
 263.000       0.4645
 264.000       0.4645
 265.000       0.5431
 266.000       0.5072
 267.000       0.5257
 268.000       0.6192
 269.000       0.6317
 270.000       0.8338
 271.000       0.7422
 272.000       0.7992
 273.000       0.8004
 274.000       0.8977
 275.000       1.0720
 276.000       1.1131
 277.000       0.9643
 278.000       1.0854
 279.000       1.4227
 280.000       2.0976
