#Res             RMSF
 662.000       2.4918
 663.000       2.0615
 664.000       1.5305
 665.000       0.7838
 666.000       0.4769
 667.000       0.4577
 668.000       0.5120
 669.000       0.5148
 670.000       0.4471
 671.000       0.4488
 672.000       0.4921
 673.000       0.4270
 674.000       0.4273
 675.000       0.5458
 676.000       0.6266
 677.000       0.5767
 678.000       0.5796
 679.000       0.8216
 680.000       0.7725
 681.000       0.5690
 682.000       0.5247
 683.000       0.4254
 684.000       0.4750
 685.000       0.5986
 686.000       0.6270
 687.000       0.4366
 688.000       0.4100
 689.000       0.5231
 690.000       0.4430
 691.000       0.3806
 692.000       0.4300
 693.000       0.4438
 694.000       0.3935
 695.000       0.3899
 696.000       0.4359
 697.000       0.4213
 698.000       0.4082
 699.000       0.3700
 700.000       0.4258
 701.000       0.4320
 702.000       0.3774
 703.000       0.4320
 704.000       0.4972
 705.000       0.4005
 706.000       0.3439
 707.000       0.4242
 708.000       0.4120
 709.000       0.3607
 710.000       0.4319
 711.000       0.4987
 712.000       0.5551
 713.000       0.6086
 714.000       0.6423
 715.000       0.5656
 716.000       0.6184
 717.000       0.5224
 718.000       0.4173
 719.000       0.4182
 720.000       0.4235
 721.000       0.4121
 722.000       0.3567
 723.000       0.3636
 724.000       0.4071
 725.000       0.3532
 726.000       0.3561
 727.000       0.3694
 728.000       0.4246
 729.000       0.4605
 730.000       0.4544
 731.000       0.4519
 732.000       0.5658
 733.000       0.8865
 734.000       0.7880
 735.000       0.5840
 736.000       0.4958
 737.000       0.5601
 738.000       0.4975
 739.000       0.4721
 740.000       0.4228
 741.000       0.4412
 742.000       0.4267
 743.000       0.4294
 744.000       0.4660
 745.000       0.4783
 746.000       0.4224
 747.000       0.4655
 748.000       0.5630
 749.000       0.5600
 750.000       0.5543
 751.000       0.8302
 752.000       1.4421
 753.000       2.5936
