#Res             RMSF
 558.000       1.6054
 559.000       1.0491
 560.000       0.7045
 561.000       0.5274
 562.000       0.6754
 563.000       0.6567
 564.000       0.5316
 565.000       0.5791
 566.000       0.4275
 567.000       0.4417
 568.000       0.4099
 569.000       0.4985
 570.000       0.4671
 571.000       0.5811
 572.000       0.5261
 573.000       0.4530
 574.000       0.4355
 575.000       0.4931
 576.000       0.5317
 577.000       0.5942
 578.000       0.7188
 579.000       0.8289
 580.000       0.7540
 581.000       0.9043
 582.000       0.6125
 583.000       0.6540
 584.000       0.7349
 585.000       0.5908
 586.000       0.5139
 587.000       0.5753
 588.000       0.6929
 589.000       0.5225
 590.000       0.3994
 591.000       0.3841
 592.000       0.4012
 593.000       0.4083
 594.000       0.3856
 595.000       0.3789
 596.000       0.3800
 597.000       0.4171
 598.000       0.4043
 599.000       0.3728
 600.000       0.4086
 601.000       0.4410
 602.000       0.4308
 603.000       0.4714
 604.000       0.4967
 605.000       0.4438
 606.000       0.4521
 607.000       0.5010
 608.000       0.4887
 609.000       0.4336
 610.000       0.4899
 611.000       0.6032
 612.000       0.6130
 613.000       0.5300
 614.000       0.6953
 615.000       0.8445
 616.000       0.7896
 617.000       0.8376
 618.000       0.6387
 619.000       0.6685
 620.000       0.4916
 621.000       0.4094
 622.000       0.4460
 623.000       0.4665
 624.000       0.4680
 625.000       0.4442
 626.000       0.4661
 627.000       0.5537
 628.000       0.6562
 629.000       0.6164
 630.000       0.6017
 631.000       0.9308
 632.000       1.1516
 633.000       0.8096
 634.000       0.7551
 635.000       0.6400
 636.000       0.5663
 637.000       0.6084
 638.000       0.6376
 639.000       0.6838
 640.000       0.6959
 641.000       1.2904
 642.000       1.1543
 643.000       0.6232
 644.000       0.5273
 645.000       0.5608
 646.000       0.5746
 647.000       0.5318
 648.000       0.5149
 649.000       0.6431
 650.000       0.6147
 651.000       0.8629
 652.000       0.8253
 653.000       0.8370
 654.000       0.8264
 655.000       0.8285
 656.000       0.9412
 657.000       0.9401
 658.000       0.8470
 659.000       0.9856
 660.000       1.3519
 661.000       2.0593
