#Res             RMSF
 476.000       4.2892
 477.000       1.9916
 478.000       1.3454
 479.000       1.0747
 480.000       0.6158
 481.000       0.6040
 482.000       0.8361
 483.000       0.8254
 484.000       0.5916
 485.000       0.5042
 486.000       0.4757
 487.000       0.4995
 488.000       0.4599
 489.000       0.3685
 490.000       0.3779
 491.000       0.4738
 492.000       0.4157
 493.000       0.3558
 494.000       0.4160
 495.000       0.4499
 496.000       0.4501
 497.000       0.4753
 498.000       0.4171
 499.000       0.4932
 500.000       0.4453
 501.000       0.4046
 502.000       0.4246
 503.000       0.4989
 504.000       0.4939
 505.000       0.3808
 506.000       0.4256
 507.000       0.4973
 508.000       0.4532
 509.000       0.3740
 510.000       0.4293
 511.000       0.4746
 512.000       0.4501
 513.000       0.4188
 514.000       0.4630
 515.000       0.4863
 516.000       0.4083
 517.000       0.4229
 518.000       0.4705
 519.000       0.4371
 520.000       0.3762
 521.000       0.3992
 522.000       0.4558
 523.000       0.3701
 524.000       0.3415
 525.000       0.3879
 526.000       0.4185
 527.000       0.3807
 528.000       0.3847
 529.000       0.5328
 530.000       0.5710
 531.000       0.5422
 532.000       0.5767
 533.000       0.4888
 534.000       0.6898
 535.000       0.4744
 536.000       0.4201
 537.000       0.4096
 538.000       0.3939
 539.000       0.3966
 540.000       0.3383
 541.000       0.3294
 542.000       0.3544
 543.000       0.3392
 544.000       0.3176
 545.000       0.3475
 546.000       0.4055
 547.000       0.4355
 548.000       0.4661
 549.000       0.5550
 550.000       0.6093
 551.000       0.7486
 552.000       0.5038
 553.000       0.5876
 554.000       0.7229
 555.000       0.7691
 556.000       1.4905
 557.000       2.5071
