#Res             RMSF
  98.000       1.2177
  99.000       0.7760
 100.000       0.8202
 101.000       0.8876
 102.000       0.5852
 103.000       0.6025
 104.000       0.4359
 105.000       0.4312
 106.000       0.4300
 107.000       0.3569
 108.000       0.3219
 109.000       0.3651
 110.000       0.3681
 111.000       0.3372
 112.000       0.3688
 113.000       0.4048
 114.000       0.4275
 115.000       0.4471
 116.000       0.3795
 117.000       0.4343
 118.000       0.4072
 119.000       0.4005
 120.000       0.4230
 121.000       0.4851
 122.000       0.4569
 123.000       0.3629
 124.000       0.4039
 125.000       0.5278
 126.000       0.4900
 127.000       0.4040
 128.000       0.4494
 129.000       0.5118
 130.000       0.5157
 131.000       0.4811
 132.000       0.4868
 133.000       0.5323
 134.000       0.4877
 135.000       0.4727
 136.000       0.5073
 137.000       0.4939
 138.000       0.4143
 139.000       0.3790
 140.000       0.4322
 141.000       0.3570
 142.000       0.3194
 143.000       0.3543
 144.000       0.3815
 145.000       0.3479
 146.000       0.3448
 147.000       0.4760
 148.000       0.5343
 149.000       0.5552
 150.000       0.6098
 151.000       0.4940
 152.000       0.5959
 153.000       0.4608
 154.000       0.4027
 155.000       0.4392
 156.000       0.4384
 157.000       0.4250
 158.000       0.3480
 159.000       0.3615
 160.000       0.3707
 161.000       0.3575
 162.000       0.3608
 163.000       0.4113
 164.000       0.5190
 165.000       0.5836
 166.000       0.6482
 167.000       0.6728
 168.000       0.6680
 169.000       0.6018
 170.000       0.4599
 171.000       0.4749
 172.000       0.6207
 173.000       0.8999
 174.000       1.9113
 175.000       2.7421
