#Frame      end1_rmsd
       1       0.0000
       2       2.8296
       3       3.0368
       4       2.4271
       5       2.3620
       6       2.7761
       7       2.7417
       8       2.9951
       9       3.1755
      10       3.5918
      11       4.3005
      12       3.2738
      13       2.7586
      14       2.8213
      15       3.3608
      16       2.3724
      17       2.4177
      18       1.9714
      19       3.2519
      20       3.5877
      21       3.8421
      22       3.3519
      23       3.0950
      24       3.3534
      25       2.8293
      26       3.9587
      27       3.2952
      28       3.0940
      29       2.8491
      30       3.8924
      31       2.8743
      32       3.8156
      33       3.4779
      34       2.8407
      35       3.5361
      36       3.0313
      37       1.6683
      38       3.5866
      39       2.8047
      40       3.3269
      41       5.3014
      42       4.9718
      43       3.7393
      44       4.1531
      45       3.2329
      46       4.3474
      47       4.7949
      48       2.6935
      49       2.5415
      50       2.7258
      51       2.4832
      52       2.8533
      53       3.1562
      54       2.7302
      55       2.2588
      56       2.0181
      57       3.1202
      58       3.2384
      59       3.5755
      60       3.5643
      61       2.3097
      62       3.2370
      63       2.7483
      64       1.9938
      65       2.5937
      66       2.2582
      67       3.3257
      68       1.8285
      69       2.6131
      70       2.3870
      71       2.3367
      72       2.7796
      73       2.6847
      74       4.0112
      75       3.2804
      76       2.6488
      77       3.2651
      78       3.1760
      79       3.8731
      80       4.6720
      81       3.7535
      82       4.9589
      83       3.4603
      84       3.7014
      85       3.3695
      86       2.5805
      87       3.8966
      88       4.0780
      89       3.0384
      90       3.9753
      91       2.9258
      92       1.5742
      93       2.2022
      94       2.0695
      95       3.2918
      96       2.5996
      97       3.0259
      98       2.3737
      99       3.0369
     100       3.4540
     101       3.5533
     102       3.1096
     103       4.2201
     104       3.5579
     105       4.1552
     106       3.5038
     107       3.2398
     108       3.4406
     109       2.7951
     110       2.9842
     111       3.5213
     112       3.7441
     113       2.6801
     114       3.1547
     115       2.5314
     116       2.4843
     117       2.4731
     118       3.4678
     119       5.1789
     120       3.9222
     121       3.5807
     122       4.2943
     123       4.1295
     124       3.5252
     125       3.9644
     126       3.7229
     127       3.4689
     128       4.1567
     129       3.4034
     130       3.6164
     131       3.3730
     132       2.7134
     133       4.4677
     134       3.9579
     135       3.4216
     136       2.1471
     137       4.5475
     138       4.9217
     139       3.4267
     140       3.5983
     141       5.5480
     142       4.1522
     143       4.1789
     144       4.1643
     145       2.9228
     146       3.4139
     147       3.8081
     148       4.5735
     149       3.4047
     150       3.1546
     151       3.2937
     152       3.6987
     153       4.9476
     154       4.0643
     155       2.4676
     156       3.4793
     157       3.8821
     158       4.2101
     159       3.9364
     160       4.3565
     161       3.4240
     162       3.0469
     163       3.6889
     164       4.4764
     165       4.2656
     166       2.7969
     167       4.0842
     168       4.1462
     169       3.5696
     170       2.6550
     171       2.8398
     172       3.1447
     173       2.9802
     174       3.9326
     175       3.7295
     176       3.0213
     177       3.2895
     178       3.4258
     179       3.7687
     180       3.3800
     181       4.0786
     182       3.6071
     183       3.3080
     184       3.7177
     185       4.8302
     186       4.8929
     187       4.8830
     188       4.8224
     189       6.0349
     190       6.8367
     191       4.9489
     192       5.6672
     193       5.0673
     194       5.0449
     195       4.8662
     196       5.5542
     197       4.0170
     198       5.7883
     199       4.4573
     200       5.0738
     201       3.7475
     202       3.7035
     203       3.6507
     204       3.2141
     205       3.9127
     206       4.4752
     207       3.2712
     208       3.6532
     209       2.5794
     210       2.2232
     211       2.7152
     212       2.1617
     213       3.2469
     214       2.7639
     215       2.2155
     216       2.3117
     217       2.7610
     218       3.0722
     219       2.2783
     220       1.6343
     221       2.0252
     222       2.9602
     223       2.5557
     224       3.0272
     225       2.7745
     226       2.9311
     227       4.2935
     228       2.5667
     229       2.5903
     230       2.4213
     231       2.4235
     232       2.8670
     233       2.1327
     234       2.4512
     235       2.4951
     236       2.2473
     237       3.6776
     238       3.4904
     239       2.5815
     240       1.8728
     241       2.7340
     242       2.2834
     243       2.6289
     244       3.0390
     245       2.5621
     246       4.2819
     247       3.9431
     248       3.2600
     249       2.9689
     250       2.7272
     251       2.8376
     252       3.3579
     253       3.2862
     254       3.2092
     255       2.9166
     256       4.6380
     257       4.4797
     258       3.3016
     259       3.6776
     260       2.3986
     261       2.6466
     262       3.2702
     263       3.3472
     264       3.5281
     265       2.7295
     266       2.9748
     267       3.0815
     268       6.1550
     269       5.5996
     270       5.3177
     271       6.9623
     272       6.6452
     273       5.1717
     274       6.9794
     275       6.3745
     276       5.4751
     277       5.5498
     278       5.9483
     279       5.3111
     280       3.2792
     281       4.6193
     282       2.9303
     283       2.0502
     284       2.0086
     285       3.4927
     286       2.5803
     287       2.8945
     288       3.6712
     289       4.5702
     290       3.8201
     291       3.6918
     292       3.5001
     293       2.6465
     294       3.5054
     295       3.2352
     296       3.0207
     297       2.6974
     298       4.0779
     299       3.8671
     300       3.9312
     301       3.3559
     302       3.3543
     303       4.0834
     304       4.0489
     305       4.0440
     306       3.5840
     307       2.9691
     308       2.1817
     309       2.0877
     310       2.4197
     311       2.7111
     312       3.3470
     313       2.7670
     314       3.1893
     315       2.5150
     316       4.2961
     317       2.7534
     318       4.5371
     319       3.7728
     320       4.3667
     321       3.0455
     322       2.9183
     323       3.1948
     324       2.3749
     325       2.9114
     326       2.8817
     327       3.3313
     328       3.7838
     329       4.3446
     330       4.2854
     331       3.3300
     332       3.6209
     333       4.6141
     334       3.0869
     335       3.1784
     336       2.7004
     337       2.9481
     338       3.5207
     339       3.8805
     340       3.1171
     341       3.7859
     342       3.6883
     343       2.9830
     344       2.8038
     345       2.4565
     346       2.5320
     347       3.3088
     348       3.1085
     349       3.8637
     350       4.7400
     351       3.0767
     352       2.9861
     353       3.9348
     354       4.0342
     355       3.8490
     356       3.8867
     357       3.0210
     358       2.3819
     359       2.4167
     360       3.7429
     361       4.2197
     362       3.6033
     363       3.3982
     364       3.0290
     365       2.1810
     366       3.0620
     367       2.4464
     368       3.3715
     369       3.8729
     370       3.7972
     371       2.4734
     372       2.9091
     373       3.8955
     374       3.2749
     375       3.7583
     376       3.8638
     377       4.6259
     378       3.3116
     379       3.3561
     380       5.1141
     381       6.2330
     382       3.8199
     383       4.3463
     384       4.7667
     385       4.9642
     386       5.2720
     387       4.0078
     388       5.3113
     389       4.1775
     390       4.5425
     391       3.8124
     392       3.4216
     393       3.9049
     394       3.6236
     395       3.5135
     396       3.7601
     397       3.1300
     398       3.2794
     399       4.4944
     400       3.9865
