#Frame      end2_rmsd
       1       0.0000
       2       2.5718
       3       2.7072
       4       2.6105
       5       3.3761
       6       2.3227
       7       4.0346
       8       3.6759
       9       3.9383
      10       2.8056
      11       2.4921
      12       2.9239
      13       3.1429
      14       4.2736
      15       3.2572
      16       2.9969
      17       3.7412
      18       2.4048
      19       2.6548
      20       2.4374
      21       2.3366
      22       2.6768
      23       2.7108
      24       3.2850
      25       2.9180
      26       2.4804
      27       2.2617
      28       2.6956
      29       2.5854
      30       2.8169
      31       2.8149
      32       2.8275
      33       3.9105
      34       3.0819
      35       3.4927
      36       3.9197
      37       3.1071
      38       4.3529
      39       3.0781
      40       4.4159
      41       4.2372
      42       5.2125
      43       4.8428
      44       3.4711
      45       3.3493
      46       3.7041
      47       3.4884
      48       4.6775
      49       3.9002
      50       3.5174
      51       3.3277
      52       3.4520
      53       3.6172
      54       4.0540
      55       4.4219
      56       4.6857
      57       6.2094
      58       5.0147
      59       4.7959
      60       4.6575
      61       3.3850
      62       3.3480
      63       3.0110
      64       4.1591
      65       3.7262
      66       2.6462
      67       2.8450
      68       3.3164
      69       4.0595
      70       3.2337
      71       3.9527
      72       2.2823
      73       2.7602
      74       2.2671
      75       3.1852
      76       2.6146
      77       4.0295
      78       3.0989
      79       4.0212
      80       3.7717
      81       2.8640
      82       3.1530
      83       2.6514
      84       2.2614
      85       2.3870
      86       3.1944
      87       3.7307
      88       3.2866
      89       4.2386
      90       3.3335
      91       4.2582
      92       3.0579
      93       4.4371
      94       3.9671
      95       3.2953
      96       4.6947
      97       3.7464
      98       2.8349
      99       4.8946
     100       4.5045
     101       5.1948
     102       3.6740
     103       4.1940
     104       3.9183
     105       3.3341
     106       3.8641
     107       4.3341
     108       5.1490
     109       5.0887
     110       7.5544
     111       6.7524
     112       8.7295
     113       8.7440
     114       6.5546
     115       6.2272
     116       9.8918
     117       9.0787
     118       8.0637
     119      12.4883
     120      10.4754
     121       8.1849
     122       9.1803
     123      11.2207
     124      11.2313
     125       6.3798
     126       7.5402
     127       7.1741
     128       9.8238
     129       9.1416
     130       7.6767
     131       8.1612
     132      10.3678
     133      11.5999
     134      11.1036
     135       9.5415
     136      10.1094
     137       8.5135
     138       9.1778
     139       8.4042
     140      11.1503
     141      10.3737
     142       9.3872
     143       8.4814
     144       8.8992
     145      10.9643
     146      10.3179
     147       7.9102
     148       5.5904
     149       7.4602
     150       6.0636
     151       8.3370
     152       8.2306
     153       9.7685
     154      11.0208
     155      12.3079
     156      11.6503
     157      12.9618
     158      12.3918
     159      15.0384
     160      11.2418
     161      12.5577
     162      14.1889
     163      12.0247
     164      15.3981
     165      14.4090
     166      11.1021
     167      18.3543
     168      20.2361
     169      20.7929
     170      20.9964
     171      21.1642
     172      24.3865
     173      24.1073
     174      22.0402
     175      19.0202
     176      20.8612
     177      21.4935
     178      19.4473
     179      21.3103
     180      25.4297
     181      21.7526
     182      23.3860
     183      25.1670
     184      20.6160
     185      19.5121
     186      19.8192
     187      20.1635
     188      22.3395
     189      23.6161
     190      24.9128
     191      23.4887
     192      22.6134
     193      21.5789
     194      17.5150
     195      14.7597
     196      16.1422
     197      10.4137
     198      12.7716
     199      11.7545
     200       9.4967
     201       7.5575
     202       8.1768
     203       8.3278
     204       6.7091
     205      12.6223
     206      11.4400
     207       9.3451
     208       7.1765
     209       5.2055
     210       6.4408
     211       6.8729
     212       6.6454
     213       6.8523
     214       6.5987
     215       6.2744
     216       7.7954
     217       8.8164
     218       7.4483
     219       5.7058
     220       4.6180
     221       4.4728
     222       5.3083
     223       5.5974
     224       6.1503
     225       8.2894
     226       8.3842
     227       5.7869
     228       5.5241
     229       5.1129
     230       7.1556
     231       7.3109
     232       8.9226
     233       6.9161
     234       7.3944
     235       9.9674
     236       9.6733
     237       7.5519
     238       6.4059
     239       7.4997
     240       5.9207
     241       5.2129
     242       4.1963
     243       5.4120
     244       6.6259
     245       5.0403
     246       4.6548
     247       4.9346
     248       5.4595
     249       6.4668
     250       5.0983
     251       7.5229
     252       6.5334
     253       7.6174
     254       7.1587
     255       7.9453
     256       7.5125
     257       7.2644
     258       5.9665
     259       6.2224
     260       8.4203
     261       8.4087
     262       7.2657
     263       6.1479
     264       5.5656
     265       7.9687
     266       8.7098
     267       9.2646
     268       8.0949
     269       7.2318
     270       7.5363
     271      12.9354
     272      10.1609
     273      14.3335
     274      11.1530
     275      10.2490
     276       9.3000
     277      11.1115
     278       7.4895
     279       7.6033
     280       9.1960
     281       9.7139
     282       9.5956
     283       8.8150
     284       9.3322
     285      11.1865
     286      12.4338
     287      10.2877
     288       9.5229
     289      12.0272
     290      10.7487
     291      14.3067
     292      11.0280
     293      12.3292
     294      12.5297
     295      14.4947
     296      13.9390
     297      13.5455
     298      13.4941
     299       9.6824
     300       8.6372
     301       9.7499
     302       9.0704
     303      11.7051
     304      10.3448
     305       8.6484
     306       7.6460
     307      10.2215
     308       9.9229
     309      10.1922
     310       8.4638
     311       7.9462
     312       8.1055
     313       7.1844
     314       8.5166
     315       7.9959
     316       9.2029
     317      11.7484
     318       9.0979
     319       9.8198
     320       9.1682
     321       8.4922
     322       9.1012
     323      11.5285
     324      10.4269
     325      13.3305
     326      10.9967
     327       9.9819
     328      10.4496
     329      12.8976
     330      11.4965
     331      12.6249
     332      13.7971
     333      14.4699
     334      14.4099
     335      11.4456
     336      13.6283
     337      16.6051
     338      19.8283
     339      24.5704
     340      23.1770
     341      21.8262
     342      24.1330
     343      24.8975
     344      26.7658
     345      26.2746
     346      26.0134
     347      26.2681
     348      25.1484
     349      24.3974
     350      21.3495
     351      23.5556
     352      23.3059
     353      21.9767
     354      23.8779
     355      21.6478
     356      22.3603
     357      19.3543
     358      18.5968
     359      19.8469
     360      19.4749
     361      21.1093
     362      20.7828
     363      21.8792
     364      22.3218
     365      23.0535
     366      24.1894
     367      21.6313
     368      16.8107
     369      17.9663
     370      12.1501
     371       9.8857
     372       9.9077
     373       8.9413
     374       9.2753
     375       8.3173
     376       5.7987
     377       6.4192
     378       6.6475
     379       7.2314
     380       6.3422
     381       7.8228
     382       7.0737
     383       6.8890
     384       7.8749
     385       8.2292
     386       6.3394
     387       7.0144
     388       7.5716
     389       6.3196
     390       6.8968
     391       8.9775
     392       6.3712
     393       9.1925
     394       9.7143
     395       8.5366
     396      11.2418
     397      11.3764
     398      10.4155
     399       8.6077
     400       9.8495
