#Res             RMSF
 662.000       3.4663
 663.000       2.6602
 664.000       1.4656
 665.000       0.5669
 666.000       0.4614
 667.000       0.4270
 668.000       0.5468
 669.000       0.5043
 670.000       0.4694
 671.000       0.4800
 672.000       0.4913
 673.000       0.4408
 674.000       0.4371
 675.000       0.5685
 676.000       0.6605
 677.000       0.5946
 678.000       0.5715
 679.000       0.6898
 680.000       0.8171
 681.000       0.5653
 682.000       0.5228
 683.000       0.4598
 684.000       0.5035
 685.000       0.5483
 686.000       0.5630
 687.000       0.4093
 688.000       0.3947
 689.000       0.4622
 690.000       0.4108
 691.000       0.3807
 692.000       0.4084
 693.000       0.4249
 694.000       0.4055
 695.000       0.4070
 696.000       0.4479
 697.000       0.4506
 698.000       0.4413
 699.000       0.3886
 700.000       0.4650
 701.000       0.4477
 702.000       0.3692
 703.000       0.4148
 704.000       0.4710
 705.000       0.4175
 706.000       0.3863
 707.000       0.4273
 708.000       0.4618
 709.000       0.5247
 710.000       0.8050
 711.000       0.8430
 712.000       0.7022
 713.000       0.7774
 714.000       0.7468
 715.000       0.7459
 716.000       0.7497
 717.000       0.5711
 718.000       0.4210
 719.000       0.4207
 720.000       0.4477
 721.000       0.4317
 722.000       0.3672
 723.000       0.3596
 724.000       0.3855
 725.000       0.3786
 726.000       0.3647
 727.000       0.4128
 728.000       0.4831
 729.000       0.4704
 730.000       0.4706
 731.000       0.4827
 732.000       0.6366
 733.000       0.8623
 734.000       0.8952
 735.000       0.6108
 736.000       0.5025
 737.000       0.6087
 738.000       0.5247
 739.000       0.4380
 740.000       0.4372
 741.000       0.4785
 742.000       0.4435
 743.000       0.4168
 744.000       0.4465
 745.000       0.4808
 746.000       0.4349
 747.000       0.4629
 748.000       0.5582
 749.000       0.5757
 750.000       0.5692
 751.000       0.7753
 752.000       1.5704
 753.000       3.3077
