#Res             RMSF
   1.000       1.8702
   2.000       1.1854
   3.000       0.8780
   4.000       0.5812
   5.000       0.5882
   6.000       0.5333
   7.000       0.5394
   8.000       0.5125
   9.000       0.4662
  10.000       0.4483
  11.000       0.4898
  12.000       0.4758
  13.000       0.4221
  14.000       0.3627
  15.000       0.4609
  16.000       0.4616
  17.000       0.4381
  18.000       0.4563
  19.000       0.5054
  20.000       0.5494
  21.000       0.6750
  22.000       0.5785
  23.000       0.4867
  24.000       0.4479
  25.000       0.4014
  26.000       0.4140
  27.000       0.4557
  28.000       0.4699
  29.000       0.4442
  30.000       0.4061
  31.000       0.4357
  32.000       0.4816
  33.000       0.4885
  34.000       0.4264
  35.000       0.5262
  36.000       0.6089
  37.000       0.5724
  38.000       0.5837
  39.000       0.7265
  40.000       0.8863
  41.000       0.7839
  42.000       0.8502
  43.000       0.9535
  44.000       1.2206
  45.000       0.7113
  46.000       0.5562
  47.000       0.5729
  48.000       0.7733
  49.000       1.1356
  50.000       0.5826
  51.000       0.4850
  52.000       0.4150
  53.000       0.4548
  54.000       0.4736
  55.000       0.4152
  56.000       0.3633
  57.000       0.3824
  58.000       0.4137
  59.000       0.4018
  60.000       0.3766
  61.000       0.4295
  62.000       0.4245
  63.000       0.4054
  64.000       0.3835
  65.000       0.4317
  66.000       0.3664
  67.000       0.3425
  68.000       0.3973
  69.000       0.3875
  70.000       0.3605
  71.000       0.3782
  72.000       0.4158
  73.000       0.3924
  74.000       0.4335
  75.000       0.4776
  76.000       0.5320
  77.000       0.5527
  78.000       0.5836
  79.000       0.4838
  80.000       0.4844
  81.000       0.4202
  82.000       0.3850
  83.000       0.4434
  84.000       0.4743
  85.000       0.4592
  86.000       0.3744
  87.000       0.4554
  88.000       0.5521
  89.000       0.5010
  90.000       0.4703
  91.000       0.6700
  92.000       0.7984
  93.000       0.7121
  94.000       0.6631
  95.000       0.9059
  96.000       2.2541
  97.000       5.0477
