#Res             RMSF
 176.000       1.0158
 177.000       0.8693
 178.000       0.6184
 179.000       0.4937
 180.000       0.4559
 181.000       0.6105
 182.000       0.6037
 183.000       0.5238
 184.000       0.5746
 185.000       0.4429
 186.000       0.4674
 187.000       0.4097
 188.000       0.4310
 189.000       0.3637
 190.000       0.4443
 191.000       0.4444
 192.000       0.4097
 193.000       0.3966
 194.000       0.4692
 195.000       0.4850
 196.000       0.4980
 197.000       0.5911
 198.000       0.7059
 199.000       0.6697
 200.000       0.7765
 201.000       0.5943
 202.000       0.6744
 203.000       0.7456
 204.000       0.5947
 205.000       0.5291
 206.000       0.5540
 207.000       0.6192
 208.000       0.4853
 209.000       0.4037
 210.000       0.3639
 211.000       0.3648
 212.000       0.4039
 213.000       0.4097
 214.000       0.3610
 215.000       0.3952
 216.000       0.4327
 217.000       0.4149
 218.000       0.4019
 219.000       0.4299
 220.000       0.4400
 221.000       0.3995
 222.000       0.4404
 223.000       0.5067
 224.000       0.4352
 225.000       0.4413
 226.000       0.5030
 227.000       0.5268
 228.000       0.4412
 229.000       0.4754
 230.000       0.5948
 231.000       0.6090
 232.000       0.5398
 233.000       0.7130
 234.000       0.8647
 235.000       0.8085
 236.000       0.8357
 237.000       0.6271
 238.000       0.6253
 239.000       0.4616
 240.000       0.3710
 241.000       0.3790
 242.000       0.4053
 243.000       0.4257
 244.000       0.4056
 245.000       0.4251
 246.000       0.5198
 247.000       0.6192
 248.000       0.5989
 249.000       0.6930
 250.000       0.9249
 251.000       1.1059
 252.000       1.1760
 253.000       1.2049
 254.000       1.1606
 255.000       1.0617
 256.000       1.0932
 257.000       1.0971
 258.000       0.9370
 259.000       0.9220
 260.000       1.6318
 261.000       1.1570
 262.000       0.6464
 263.000       0.5213
 264.000       0.4981
 265.000       0.4971
 266.000       0.5230
 267.000       0.5680
 268.000       0.7965
 269.000       0.6790
 270.000       0.7949
 271.000       0.7894
 272.000       0.8976
 273.000       0.8948
 274.000       0.9503
 275.000       1.0262
 276.000       0.9663
 277.000       0.8451
 278.000       0.9919
 279.000       1.3719
 280.000       2.1095
