#Res             RMSF
 662.000       1.8392
 663.000       1.1480
 664.000       0.7376
 665.000       0.4973
 666.000       0.4069
 667.000       0.3877
 668.000       0.5001
 669.000       0.4397
 670.000       0.3862
 671.000       0.3986
 672.000       0.4401
 673.000       0.4011
 674.000       0.3865
 675.000       0.5159
 676.000       0.6120
 677.000       0.5559
 678.000       0.5132
 679.000       0.6427
 680.000       0.7161
 681.000       0.5266
 682.000       0.4444
 683.000       0.3945
 684.000       0.4372
 685.000       0.4884
 686.000       0.4881
 687.000       0.3710
 688.000       0.3470
 689.000       0.4296
 690.000       0.3713
 691.000       0.3373
 692.000       0.3742
 693.000       0.3736
 694.000       0.3654
 695.000       0.3581
 696.000       0.4017
 697.000       0.4198
 698.000       0.3988
 699.000       0.3468
 700.000       0.4322
 701.000       0.4034
 702.000       0.3523
 703.000       0.3989
 704.000       0.4527
 705.000       0.3808
 706.000       0.3472
 707.000       0.3705
 708.000       0.3753
 709.000       0.3700
 710.000       0.4237
 711.000       0.4664
 712.000       0.5189
 713.000       0.5936
 714.000       0.6351
 715.000       0.5813
 716.000       0.5611
 717.000       0.4745
 718.000       0.3819
 719.000       0.3771
 720.000       0.4181
 721.000       0.4137
 722.000       0.3544
 723.000       0.3320
 724.000       0.3354
 725.000       0.3331
 726.000       0.3370
 727.000       0.3909
 728.000       0.4429
 729.000       0.4128
 730.000       0.4386
 731.000       0.4658
 732.000       0.6525
 733.000       0.8910
 734.000       0.8969
 735.000       0.5715
 736.000       0.5033
 737.000       0.5999
 738.000       0.5181
 739.000       0.4473
 740.000       0.4519
 741.000       0.4986
 742.000       0.4436
 743.000       0.4196
 744.000       0.4451
 745.000       0.4766
 746.000       0.4407
 747.000       0.4758
 748.000       0.5775
 749.000       0.5650
 750.000       0.5651
 751.000       0.7684
 752.000       1.6349
 753.000       3.5631
