#Res             RMSF
 476.000       2.3944
 477.000       1.4195
 478.000       1.0268
 479.000       0.8812
 480.000       0.5454
 481.000       0.5839
 482.000       0.7969
 483.000       0.8647
 484.000       0.6525
 485.000       0.5985
 486.000       0.5288
 487.000       0.6066
 488.000       0.5538
 489.000       0.3817
 490.000       0.3790
 491.000       0.4717
 492.000       0.4290
 493.000       0.3475
 494.000       0.3801
 495.000       0.4261
 496.000       0.4463
 497.000       0.4671
 498.000       0.3941
 499.000       0.4453
 500.000       0.3931
 501.000       0.4009
 502.000       0.4391
 503.000       0.5323
 504.000       0.5234
 505.000       0.4129
 506.000       0.4349
 507.000       0.5247
 508.000       0.4900
 509.000       0.4145
 510.000       0.4569
 511.000       0.5157
 512.000       0.5186
 513.000       0.4689
 514.000       0.4877
 515.000       0.5385
 516.000       0.4954
 517.000       0.4847
 518.000       0.5047
 519.000       0.4955
 520.000       0.3957
 521.000       0.3612
 522.000       0.4249
 523.000       0.3472
 524.000       0.3304
 525.000       0.3540
 526.000       0.3785
 527.000       0.3545
 528.000       0.3766
 529.000       0.4730
 530.000       0.5046
 531.000       0.5314
 532.000       0.5983
 533.000       0.4954
 534.000       0.5622
 535.000       0.4754
 536.000       0.4348
 537.000       0.4895
 538.000       0.5230
 539.000       0.4902
 540.000       0.3839
 541.000       0.4062
 542.000       0.4529
 543.000       0.4167
 544.000       0.3940
 545.000       0.4650
 546.000       0.5478
 547.000       0.7232
 548.000       1.1304
 549.000       1.1090
 550.000       0.7515
 551.000       0.7037
 552.000       0.5161
 553.000       0.5331
 554.000       0.7275
 555.000       0.9077
 556.000       2.0117
 557.000       3.5587
