#Res             RMSF
  98.000       5.1505
  99.000       4.2735
 100.000       2.1607
 101.000       1.7192
 102.000       0.6358
 103.000       0.6741
 104.000       0.4961
 105.000       0.5307
 106.000       0.5802
 107.000       0.4356
 108.000       0.3744
 109.000       0.4633
 110.000       0.4601
 111.000       0.3760
 112.000       0.3997
 113.000       0.4309
 114.000       0.4560
 115.000       0.4679
 116.000       0.4052
 117.000       0.4486
 118.000       0.4189
 119.000       0.4176
 120.000       0.4489
 121.000       0.5392
 122.000       0.5252
 123.000       0.4227
 124.000       0.4558
 125.000       0.5372
 126.000       0.5041
 127.000       0.4223
 128.000       0.4763
 129.000       0.5454
 130.000       0.5303
 131.000       0.4919
 132.000       0.5099
 133.000       0.5643
 134.000       0.5259
 135.000       0.5027
 136.000       0.5564
 137.000       0.5615
 138.000       0.4108
 139.000       0.4241
 140.000       0.4854
 141.000       0.3872
 142.000       0.3386
 143.000       0.4055
 144.000       0.4308
 145.000       0.3686
 146.000       0.3663
 147.000       0.5004
 148.000       0.5793
 149.000       0.5817
 150.000       0.6774
 151.000       0.5902
 152.000       0.7259
 153.000       0.5221
 154.000       0.4226
 155.000       0.4238
 156.000       0.3939
 157.000       0.4142
 158.000       0.3477
 159.000       0.3440
 160.000       0.3835
 161.000       0.3857
 162.000       0.3683
 163.000       0.4830
 164.000       0.6024
 165.000       0.7483
 166.000       0.6586
 167.000       0.9407
 168.000       0.5869
 169.000       0.5486
 170.000       0.4675
 171.000       0.4775
 172.000       0.5733
 173.000       0.5609
 174.000       0.9785
 175.000       1.9174
