#Res             RMSF
 558.000       1.3157
 559.000       0.7460
 560.000       0.6285
 561.000       0.4987
 562.000       0.5990
 563.000       0.6785
 564.000       0.5618
 565.000       0.5945
 566.000       0.4369
 567.000       0.4875
 568.000       0.4198
 569.000       0.4958
 570.000       0.4086
 571.000       0.4948
 572.000       0.4447
 573.000       0.3854
 574.000       0.3708
 575.000       0.4543
 576.000       0.4963
 577.000       0.4797
 578.000       0.5940
 579.000       0.7008
 580.000       0.6063
 581.000       0.5969
 582.000       0.5322
 583.000       0.5521
 584.000       0.6135
 585.000       0.5174
 586.000       0.4669
 587.000       0.5331
 588.000       0.6391
 589.000       0.4973
 590.000       0.3842
 591.000       0.3429
 592.000       0.3652
 593.000       0.3733
 594.000       0.3655
 595.000       0.3590
 596.000       0.3806
 597.000       0.3925
 598.000       0.3704
 599.000       0.3705
 600.000       0.3978
 601.000       0.4224
 602.000       0.4289
 603.000       0.4515
 604.000       0.5010
 605.000       0.4703
 606.000       0.4537
 607.000       0.4890
 608.000       0.4765
 609.000       0.4224
 610.000       0.4792
 611.000       0.5279
 612.000       0.5439
 613.000       0.5260
 614.000       0.6465
 615.000       0.7205
 616.000       0.7257
 617.000       0.7362
 618.000       0.5694
 619.000       0.5520
 620.000       0.4399
 621.000       0.3732
 622.000       0.3811
 623.000       0.3916
 624.000       0.4630
 625.000       0.4486
 626.000       0.4835
 627.000       0.5023
 628.000       0.7247
 629.000       1.0788
 630.000       1.1427
 631.000       1.2166
 632.000       1.2139
 633.000       1.0027
 634.000       1.1307
 635.000       1.0225
 636.000       0.7929
 637.000       0.7904
 638.000       0.8738
 639.000       0.7072
 640.000       0.6133
 641.000       1.0295
 642.000       0.7277
 643.000       0.5514
 644.000       0.4485
 645.000       0.4890
 646.000       0.5159
 647.000       0.5977
 648.000       0.8070
 649.000       1.2078
 650.000       0.8454
 651.000       0.7424
 652.000       0.7084
 653.000       0.7968
 654.000       0.7884
 655.000       0.8110
 656.000       0.9273
 657.000       0.8826
 658.000       0.7601
 659.000       0.9612
 660.000       1.3843
 661.000       2.0708
