#Res             RMSF
 476.000       2.3683
 477.000       1.4776
 478.000       0.9220
 479.000       0.7739
 480.000       0.4855
 481.000       0.5033
 482.000       0.6658
 483.000       0.6612
 484.000       0.5627
 485.000       0.4974
 486.000       0.4687
 487.000       0.4476
 488.000       0.4323
 489.000       0.3738
 490.000       0.3543
 491.000       0.3949
 492.000       0.3747
 493.000       0.3369
 494.000       0.3660
 495.000       0.4036
 496.000       0.4367
 497.000       0.4336
 498.000       0.3682
 499.000       0.4114
 500.000       0.3640
 501.000       0.3724
 502.000       0.4037
 503.000       0.4913
 504.000       0.4797
 505.000       0.3864
 506.000       0.4250
 507.000       0.5147
 508.000       0.4696
 509.000       0.4379
 510.000       0.4541
 511.000       0.5037
 512.000       0.5119
 513.000       0.4571
 514.000       0.4862
 515.000       0.5298
 516.000       0.4977
 517.000       0.4814
 518.000       0.4906
 519.000       0.4999
 520.000       0.3855
 521.000       0.3549
 522.000       0.4414
 523.000       0.3489
 524.000       0.3261
 525.000       0.3581
 526.000       0.3709
 527.000       0.3520
 528.000       0.4046
 529.000       0.4941
 530.000       0.5203
 531.000       0.5363
 532.000       0.6114
 533.000       0.5038
 534.000       0.5774
 535.000       0.4811
 536.000       0.4530
 537.000       0.5078
 538.000       0.5331
 539.000       0.5052
 540.000       0.3928
 541.000       0.4086
 542.000       0.4804
 543.000       0.4239
 544.000       0.3939
 545.000       0.4894
 546.000       0.6036
 547.000       0.7406
 548.000       1.0413
 549.000       1.0767
 550.000       0.7509
 551.000       0.6634
 552.000       0.4993
 553.000       0.5417
 554.000       0.7405
 555.000       0.9415
 556.000       1.8353
 557.000       3.6918
