#Res             RMSF
 377.000       2.1893
 378.000       1.6844
 379.000       1.0843
 380.000       0.7058
 381.000       0.5237
 382.000       0.5552
 383.000       0.5267
 384.000       0.5531
 385.000       0.4920
 386.000       0.4739
 387.000       0.4347
 388.000       0.4651
 389.000       0.5059
 390.000       0.4484
 391.000       0.3966
 392.000       0.4660
 393.000       0.4692
 394.000       0.4300
 395.000       0.4433
 396.000       0.5204
 397.000       0.5391
 398.000       0.5247
 399.000       0.5673
 400.000       0.4781
 401.000       0.4273
 402.000       0.4016
 403.000       0.4369
 404.000       0.4390
 405.000       0.4685
 406.000       0.5093
 407.000       0.4008
 408.000       0.4216
 409.000       0.4587
 410.000       0.4235
 411.000       0.3960
 412.000       0.4213
 413.000       0.4468
 414.000       0.4527
 415.000       0.4617
 416.000       0.5418
 417.000       0.8180
 418.000       0.7710
 419.000       0.7085
 420.000       0.7137
 421.000       0.8528
 422.000       0.5302
 423.000       0.5148
 424.000       0.5221
 425.000       0.5498
 426.000       0.5876
 427.000       0.5298
 428.000       0.4410
 429.000       0.3861
 430.000       0.4641
 431.000       0.4920
 432.000       0.4245
 433.000       0.3511
 434.000       0.4159
 435.000       0.4390
 436.000       0.4099
 437.000       0.3701
 438.000       0.3946
 439.000       0.4090
 440.000       0.3841
 441.000       0.3629
 442.000       0.4005
 443.000       0.3554
 444.000       0.3437
 445.000       0.4034
 446.000       0.3757
 447.000       0.3476
 448.000       0.3554
 449.000       0.3896
 450.000       0.3843
 451.000       0.3903
 452.000       0.4282
 453.000       0.4785
 454.000       0.5452
 455.000       0.5740
 456.000       0.4869
 457.000       0.5011
 458.000       0.4133
 459.000       0.3787
 460.000       0.4620
 461.000       0.4875
 462.000       0.5183
 463.000       0.4016
 464.000       0.4536
 465.000       0.5831
 466.000       0.4885
 467.000       0.4696
 468.000       0.5551
 469.000       0.5974
 470.000       0.6312
 471.000       0.8718
 472.000       1.0737
 473.000       1.0668
 474.000       1.9872
 475.000       2.7361
