#Res             RMSF
 662.000       1.9453
 663.000       1.1802
 664.000       0.7150
 665.000       0.5183
 666.000       0.4238
 667.000       0.4116
 668.000       0.5442
 669.000       0.4782
 670.000       0.4431
 671.000       0.4497
 672.000       0.4650
 673.000       0.4338
 674.000       0.4232
 675.000       0.5750
 676.000       0.6644
 677.000       0.5889
 678.000       0.5623
 679.000       0.6830
 680.000       0.7993
 681.000       0.5701
 682.000       0.5009
 683.000       0.4461
 684.000       0.4824
 685.000       0.5059
 686.000       0.5320
 687.000       0.3938
 688.000       0.3710
 689.000       0.4356
 690.000       0.3806
 691.000       0.3564
 692.000       0.3824
 693.000       0.3768
 694.000       0.3729
 695.000       0.3875
 696.000       0.4078
 697.000       0.4182
 698.000       0.4161
 699.000       0.3658
 700.000       0.4372
 701.000       0.4168
 702.000       0.3551
 703.000       0.3965
 704.000       0.4502
 705.000       0.3861
 706.000       0.3509
 707.000       0.3745
 708.000       0.4021
 709.000       0.3966
 710.000       0.4283
 711.000       0.4688
 712.000       0.5379
 713.000       0.6326
 714.000       0.6547
 715.000       0.6111
 716.000       0.6064
 717.000       0.5108
 718.000       0.3963
 719.000       0.4081
 720.000       0.4436
 721.000       0.4330
 722.000       0.3584
 723.000       0.3473
 724.000       0.3696
 725.000       0.3512
 726.000       0.3490
 727.000       0.4009
 728.000       0.4750
 729.000       0.4517
 730.000       0.4530
 731.000       0.4576
 732.000       0.6048
 733.000       0.8375
 734.000       0.8768
 735.000       0.5861
 736.000       0.5150
 737.000       0.6270
 738.000       0.5353
 739.000       0.4461
 740.000       0.4437
 741.000       0.4885
 742.000       0.4594
 743.000       0.4210
 744.000       0.4495
 745.000       0.4902
 746.000       0.4396
 747.000       0.4766
 748.000       0.5745
 749.000       0.5736
 750.000       0.5623
 751.000       0.8009
 752.000       1.6459
 753.000       3.4390
