#Res             RMSF
 176.000       1.0541
 177.000       0.8612
 178.000       0.6091
 179.000       0.4866
 180.000       0.4508
 181.000       0.6141
 182.000       0.5973
 183.000       0.5111
 184.000       0.5606
 185.000       0.4246
 186.000       0.4576
 187.000       0.3959
 188.000       0.4294
 189.000       0.3681
 190.000       0.4507
 191.000       0.4399
 192.000       0.4075
 193.000       0.3869
 194.000       0.4364
 195.000       0.4639
 196.000       0.4822
 197.000       0.5787
 198.000       0.7022
 199.000       0.6706
 200.000       0.7853
 201.000       0.5533
 202.000       0.6714
 203.000       0.7543
 204.000       0.5672
 205.000       0.5141
 206.000       0.5189
 207.000       0.6341
 208.000       0.4964
 209.000       0.3956
 210.000       0.3611
 211.000       0.3553
 212.000       0.3861
 213.000       0.3921
 214.000       0.3554
 215.000       0.3726
 216.000       0.4049
 217.000       0.4045
 218.000       0.3837
 219.000       0.4078
 220.000       0.4214
 221.000       0.3847
 222.000       0.4365
 223.000       0.5088
 224.000       0.4388
 225.000       0.4425
 226.000       0.4990
 227.000       0.5336
 228.000       0.4567
 229.000       0.4843
 230.000       0.6081
 231.000       0.6264
 232.000       0.5396
 233.000       0.6972
 234.000       0.8621
 235.000       0.8227
 236.000       0.8237
 237.000       0.6038
 238.000       0.5998
 239.000       0.4417
 240.000       0.3451
 241.000       0.3605
 242.000       0.3828
 243.000       0.4077
 244.000       0.3902
 245.000       0.4134
 246.000       0.5016
 247.000       0.6240
 248.000       0.6174
 249.000       0.6848
 250.000       0.9092
 251.000       1.1178
 252.000       1.0919
 253.000       1.1154
 254.000       1.1093
 255.000       0.9614
 256.000       0.8140
 257.000       0.9879
 258.000       0.9293
 259.000       0.7845
 260.000       1.5083
 261.000       1.1150
 262.000       0.6030
 263.000       0.5105
 264.000       0.4741
 265.000       0.4762
 266.000       0.4687
 267.000       0.5590
 268.000       0.9001
 269.000       0.6856
 270.000       0.8209
 271.000       0.7600
 272.000       0.8357
 273.000       0.7903
 274.000       0.7961
 275.000       0.8686
 276.000       0.8211
 277.000       0.7417
 278.000       0.8768
 279.000       1.3015
 280.000       2.1543
