#Res             RMSF
 377.000       3.1251
 378.000       2.0629
 379.000       1.4386
 380.000       0.8253
 381.000       0.5427
 382.000       0.5550
 383.000       0.5688
 384.000       0.5844
 385.000       0.5268
 386.000       0.5301
 387.000       0.4941
 388.000       0.5192
 389.000       0.5630
 390.000       0.4878
 391.000       0.4126
 392.000       0.4874
 393.000       0.4914
 394.000       0.4322
 395.000       0.4464
 396.000       0.5382
 397.000       0.5780
 398.000       0.5719
 399.000       0.5903
 400.000       0.5045
 401.000       0.4351
 402.000       0.4286
 403.000       0.4940
 404.000       0.4930
 405.000       0.5296
 406.000       0.5426
 407.000       0.4217
 408.000       0.4576
 409.000       0.4761
 410.000       0.4307
 411.000       0.4165
 412.000       0.4432
 413.000       0.4639
 414.000       0.4914
 415.000       0.5121
 416.000       0.5991
 417.000       0.9109
 418.000       0.8252
 419.000       0.7281
 420.000       0.7325
 421.000       0.8723
 422.000       0.5520
 423.000       0.5589
 424.000       0.5666
 425.000       0.6270
 426.000       0.7000
 427.000       0.5851
 428.000       0.5080
 429.000       0.4470
 430.000       0.4909
 431.000       0.5273
 432.000       0.4452
 433.000       0.3672
 434.000       0.4143
 435.000       0.4371
 436.000       0.4287
 437.000       0.4044
 438.000       0.4224
 439.000       0.4383
 440.000       0.4052
 441.000       0.3787
 442.000       0.4315
 443.000       0.3704
 444.000       0.3438
 445.000       0.4084
 446.000       0.4215
 447.000       0.3631
 448.000       0.3774
 449.000       0.4224
 450.000       0.4101
 451.000       0.4233
 452.000       0.4510
 453.000       0.4937
 454.000       0.5538
 455.000       0.6004
 456.000       0.5001
 457.000       0.4982
 458.000       0.4253
 459.000       0.3968
 460.000       0.4809
 461.000       0.5285
 462.000       0.5229
 463.000       0.4260
 464.000       0.5119
 465.000       0.6207
 466.000       0.5432
 467.000       0.5553
 468.000       0.6493
 469.000       0.7153
 470.000       0.6884
 471.000       0.8422
 472.000       1.0549
 473.000       1.2355
 474.000       2.1474
 475.000       3.5092
