#Res             RMSF
 662.000       1.9725
 663.000       1.1900
 664.000       0.6862
 665.000       0.5342
 666.000       0.4354
 667.000       0.4266
 668.000       0.5447
 669.000       0.5107
 670.000       0.4670
 671.000       0.4579
 672.000       0.4813
 673.000       0.4620
 674.000       0.4517
 675.000       0.6233
 676.000       0.7069
 677.000       0.6150
 678.000       0.6016
 679.000       0.7078
 680.000       0.8269
 681.000       0.6028
 682.000       0.5481
 683.000       0.4785
 684.000       0.5075
 685.000       0.5032
 686.000       0.5253
 687.000       0.4028
 688.000       0.3683
 689.000       0.4160
 690.000       0.3863
 691.000       0.3566
 692.000       0.3693
 693.000       0.3638
 694.000       0.3670
 695.000       0.4101
 696.000       0.4109
 697.000       0.4170
 698.000       0.4316
 699.000       0.3803
 700.000       0.4289
 701.000       0.4072
 702.000       0.3483
 703.000       0.3885
 704.000       0.4425
 705.000       0.3711
 706.000       0.3383
 707.000       0.3653
 708.000       0.4136
 709.000       0.4116
 710.000       0.4245
 711.000       0.4637
 712.000       0.5468
 713.000       0.6598
 714.000       0.6697
 715.000       0.6368
 716.000       0.6419
 717.000       0.5410
 718.000       0.4018
 719.000       0.4273
 720.000       0.4550
 721.000       0.4323
 722.000       0.3473
 723.000       0.3455
 724.000       0.3858
 725.000       0.3567
 726.000       0.3495
 727.000       0.4010
 728.000       0.4916
 729.000       0.4746
 730.000       0.4525
 731.000       0.4463
 732.000       0.5499
 733.000       0.7638
 734.000       0.8283
 735.000       0.5891
 736.000       0.5211
 737.000       0.6427
 738.000       0.5382
 739.000       0.4348
 740.000       0.4251
 741.000       0.4675
 742.000       0.4639
 743.000       0.4138
 744.000       0.4396
 745.000       0.4861
 746.000       0.4254
 747.000       0.4622
 748.000       0.5545
 749.000       0.5650
 750.000       0.5505
 751.000       0.8292
 752.000       1.6504
 753.000       3.2286
