#Res             RMSF
   1.000       1.8310
   2.000       1.1402
   3.000       0.8583
   4.000       0.5953
   5.000       0.5421
   6.000       0.4687
   7.000       0.4789
   8.000       0.4841
   9.000       0.4517
  10.000       0.4257
  11.000       0.4619
  12.000       0.5000
  13.000       0.4342
  14.000       0.3683
  15.000       0.4678
  16.000       0.4495
  17.000       0.4511
  18.000       0.4940
  19.000       0.5582
  20.000       0.6399
  21.000       0.6960
  22.000       0.5990
  23.000       0.4790
  24.000       0.4463
  25.000       0.4477
  26.000       0.5067
  27.000       0.4804
  28.000       0.5259
  29.000       0.5285
  30.000       0.4385
  31.000       0.4715
  32.000       0.5209
  33.000       0.5051
  34.000       0.3851
  35.000       0.4437
  36.000       0.5267
  37.000       0.4830
  38.000       0.4461
  39.000       0.5758
  40.000       0.8233
  41.000       0.7191
  42.000       0.7118
  43.000       0.7494
  44.000       1.0240
  45.000       0.6041
  46.000       0.5603
  47.000       0.5077
  48.000       0.5558
  49.000       0.6897
  50.000       0.5035
  51.000       0.4161
  52.000       0.3764
  53.000       0.4075
  54.000       0.4202
  55.000       0.3532
  56.000       0.3242
  57.000       0.3559
  58.000       0.3740
  59.000       0.3668
  60.000       0.3478
  61.000       0.3828
  62.000       0.4103
  63.000       0.3945
  64.000       0.3793
  65.000       0.4211
  66.000       0.3432
  67.000       0.3287
  68.000       0.3852
  69.000       0.3629
  70.000       0.3097
  71.000       0.3561
  72.000       0.3906
  73.000       0.3670
  74.000       0.3643
  75.000       0.4241
  76.000       0.4784
  77.000       0.5146
  78.000       0.5398
  79.000       0.4643
  80.000       0.4666
  81.000       0.3978
  82.000       0.3261
  83.000       0.4022
  84.000       0.4739
  85.000       0.4555
  86.000       0.3432
  87.000       0.4210
  88.000       0.4780
  89.000       0.4242
  90.000       0.4213
  91.000       0.4507
  92.000       0.5169
  93.000       0.5734
  94.000       0.5983
  95.000       0.7238
  96.000       0.8386
  97.000       0.9181
