#Res             RMSF
 281.000       4.3360
 282.000       4.5562
 283.000       3.7893
 284.000       2.9703
 285.000       2.2625
 286.000       1.1539
 287.000       0.7869
 288.000       0.7186
 289.000       0.7919
 290.000       0.8473
 291.000       0.7240
 292.000       0.6367
 293.000       0.6638
 294.000       0.6928
 295.000       0.5834
 296.000       0.5542
 297.000       0.6923
 298.000       0.7854
 299.000       0.7159
 300.000       0.6878
 301.000       0.8486
 302.000       0.9213
 303.000       0.6832
 304.000       0.7170
 305.000       0.6936
 306.000       0.8331
 307.000       0.9360
 308.000       0.9557
 309.000       0.7598
 310.000       0.7191
 311.000       0.8224
 312.000       0.7369
 313.000       0.6146
 314.000       0.6901
 315.000       0.7304
 316.000       0.6032
 317.000       0.5486
 318.000       0.6548
 319.000       0.6452
 320.000       0.5533
 321.000       0.5081
 322.000       0.6041
 323.000       0.5933
 324.000       0.4952
 325.000       0.5476
 326.000       0.6207
 327.000       0.6026
 328.000       0.5392
 329.000       0.5788
 330.000       0.6036
 331.000       0.5730
 332.000       0.6147
 333.000       0.7338
 334.000       0.7155
 335.000       0.8008
 336.000       0.9590
 337.000       0.9283
 338.000       0.8317
 339.000       0.6871
 340.000       0.5032
 341.000       0.4845
 342.000       0.5171
 343.000       0.5263
 344.000       0.4409
 345.000       0.4490
 346.000       0.5487
 347.000       0.5176
 348.000       0.5107
 349.000       0.5243
 350.000       0.6161
 351.000       0.6454
 352.000       0.6656
 353.000       0.6357
 354.000       0.8097
 355.000       0.9347
 356.000       1.0430
 357.000       0.7198
 358.000       0.6096
 359.000       0.7038
 360.000       0.5896
 361.000       0.5308
 362.000       0.5281
 363.000       0.5339
 364.000       0.4737
 365.000       0.4617
 366.000       0.5522
 367.000       0.5633
 368.000       0.4914
 369.000       0.5456
 370.000       0.6833
 371.000       0.6846
 372.000       0.6586
 373.000       0.8669
 374.000       1.1707
 375.000       2.1659
 376.000       3.6879
