#Res             RMSF
 558.000       1.5778
 559.000       0.9479
 560.000       0.6990
 561.000       0.5340
 562.000       0.6509
 563.000       0.7116
 564.000       0.5765
 565.000       0.6288
 566.000       0.4714
 567.000       0.5639
 568.000       0.4574
 569.000       0.5226
 570.000       0.4407
 571.000       0.5589
 572.000       0.5122
 573.000       0.4217
 574.000       0.4361
 575.000       0.5517
 576.000       0.5988
 577.000       0.4838
 578.000       0.6701
 579.000       0.8739
 580.000       0.7249
 581.000       0.7313
 582.000       0.5433
 583.000       0.5541
 584.000       0.6228
 585.000       0.5466
 586.000       0.4786
 587.000       0.5431
 588.000       0.6940
 589.000       0.4977
 590.000       0.3731
 591.000       0.3483
 592.000       0.3735
 593.000       0.3868
 594.000       0.3774
 595.000       0.3625
 596.000       0.3889
 597.000       0.4097
 598.000       0.3952
 599.000       0.3955
 600.000       0.4143
 601.000       0.4389
 602.000       0.4415
 603.000       0.4859
 604.000       0.5364
 605.000       0.4844
 606.000       0.4791
 607.000       0.5297
 608.000       0.4827
 609.000       0.4301
 610.000       0.4942
 611.000       0.5509
 612.000       0.5452
 613.000       0.5158
 614.000       0.6436
 615.000       0.7447
 616.000       0.7467
 617.000       0.7727
 618.000       0.5975
 619.000       0.5970
 620.000       0.4735
 621.000       0.4071
 622.000       0.4110
 623.000       0.4206
 624.000       0.4955
 625.000       0.4536
 626.000       0.4777
 627.000       0.5226
 628.000       0.6547
 629.000       0.8692
 630.000       0.9474
 631.000       1.0414
 632.000       1.0549
 633.000       0.9595
 634.000       1.0625
 635.000       0.9298
 636.000       0.7183
 637.000       0.7587
 638.000       0.7937
 639.000       0.6682
 640.000       0.6381
 641.000       1.5546
 642.000       1.3815
 643.000       0.6021
 644.000       0.4815
 645.000       0.4851
 646.000       0.5270
 647.000       0.5907
 648.000       0.7497
 649.000       1.0233
 650.000       0.8319
 651.000       0.7468
 652.000       0.7867
 653.000       0.9075
 654.000       0.7961
 655.000       0.8190
 656.000       0.9533
 657.000       0.9412
 658.000       0.8255
 659.000       0.9922
 660.000       1.3901
 661.000       2.0287
