#Res             RMSF
  98.000       4.5006
  99.000       3.3686
 100.000       1.7886
 101.000       1.5828
 102.000       0.6716
 103.000       0.6071
 104.000       0.5170
 105.000       0.4591
 106.000       0.4768
 107.000       0.3929
 108.000       0.3478
 109.000       0.4286
 110.000       0.4288
 111.000       0.3664
 112.000       0.3909
 113.000       0.4196
 114.000       0.4353
 115.000       0.4559
 116.000       0.3813
 117.000       0.4266
 118.000       0.3915
 119.000       0.3953
 120.000       0.4274
 121.000       0.5124
 122.000       0.5051
 123.000       0.4042
 124.000       0.4372
 125.000       0.5169
 126.000       0.4927
 127.000       0.4162
 128.000       0.4479
 129.000       0.5250
 130.000       0.4795
 131.000       0.4397
 132.000       0.4736
 133.000       0.5139
 134.000       0.4688
 135.000       0.4771
 136.000       0.5293
 137.000       0.5665
 138.000       0.4043
 139.000       0.4035
 140.000       0.4688
 141.000       0.3724
 142.000       0.3284
 143.000       0.3640
 144.000       0.3925
 145.000       0.3432
 146.000       0.3373
 147.000       0.4543
 148.000       0.5104
 149.000       0.5171
 150.000       0.5854
 151.000       0.5250
 152.000       0.6428
 153.000       0.4687
 154.000       0.4075
 155.000       0.4010
 156.000       0.3690
 157.000       0.3931
 158.000       0.3452
 159.000       0.3422
 160.000       0.3702
 161.000       0.3730
 162.000       0.3558
 163.000       0.4299
 164.000       0.5262
 165.000       0.5166
 166.000       0.5873
 167.000       0.8255
 168.000       0.5761
 169.000       0.5288
 170.000       0.4251
 171.000       0.4382
 172.000       0.5375
 173.000       0.4960
 174.000       0.8035
 175.000       1.6860
