#Res             RMSF
 377.000       3.4583
 378.000       2.0642
 379.000       1.4142
 380.000       0.8092
 381.000       0.5585
 382.000       0.5306
 383.000       0.5386
 384.000       0.5728
 385.000       0.5269
 386.000       0.5510
 387.000       0.5151
 388.000       0.5445
 389.000       0.5911
 390.000       0.5022
 391.000       0.4178
 392.000       0.5087
 393.000       0.4981
 394.000       0.4318
 395.000       0.4527
 396.000       0.5444
 397.000       0.5753
 398.000       0.5565
 399.000       0.5628
 400.000       0.4806
 401.000       0.4367
 402.000       0.4384
 403.000       0.5244
 404.000       0.5239
 405.000       0.5571
 406.000       0.5518
 407.000       0.4344
 408.000       0.4752
 409.000       0.4728
 410.000       0.4227
 411.000       0.4227
 412.000       0.4532
 413.000       0.4710
 414.000       0.5138
 415.000       0.5430
 416.000       0.6189
 417.000       0.8301
 418.000       0.7408
 419.000       0.6905
 420.000       0.7398
 421.000       0.7758
 422.000       0.5634
 423.000       0.5527
 424.000       0.5591
 425.000       0.6256
 426.000       0.7576
 427.000       0.5923
 428.000       0.5206
 429.000       0.4640
 430.000       0.4899
 431.000       0.5311
 432.000       0.4374
 433.000       0.3578
 434.000       0.3720
 435.000       0.3964
 436.000       0.4181
 437.000       0.4039
 438.000       0.4342
 439.000       0.4465
 440.000       0.4094
 441.000       0.3867
 442.000       0.4613
 443.000       0.3771
 444.000       0.3452
 445.000       0.4112
 446.000       0.4226
 447.000       0.3527
 448.000       0.3756
 449.000       0.4253
 450.000       0.3996
 451.000       0.4216
 452.000       0.4340
 453.000       0.4688
 454.000       0.5424
 455.000       0.6034
 456.000       0.4919
 457.000       0.4873
 458.000       0.4143
 459.000       0.3918
 460.000       0.4738
 461.000       0.5485
 462.000       0.5120
 463.000       0.4190
 464.000       0.5121
 465.000       0.6124
 466.000       0.5632
 467.000       0.5586
 468.000       0.6222
 469.000       0.7211
 470.000       0.6822
 471.000       0.6977
 472.000       0.9267
 473.000       1.3520
 474.000       2.2957
 475.000       4.1066
