#Res             RMSF
 558.000       1.5188
 559.000       0.9403
 560.000       0.6953
 561.000       0.5493
 562.000       0.6799
 563.000       0.7234
 564.000       0.5721
 565.000       0.6276
 566.000       0.4728
 567.000       0.5610
 568.000       0.4638
 569.000       0.5042
 570.000       0.4344
 571.000       0.5651
 572.000       0.5489
 573.000       0.4482
 574.000       0.4528
 575.000       0.5919
 576.000       0.5998
 577.000       0.4911
 578.000       0.6849
 579.000       0.8912
 580.000       0.7576
 581.000       0.8208
 582.000       0.5623
 583.000       0.6010
 584.000       0.6900
 585.000       0.5747
 586.000       0.4837
 587.000       0.5511
 588.000       0.6980
 589.000       0.4972
 590.000       0.3817
 591.000       0.3522
 592.000       0.3712
 593.000       0.3897
 594.000       0.3812
 595.000       0.3658
 596.000       0.3929
 597.000       0.4203
 598.000       0.4131
 599.000       0.4034
 600.000       0.4302
 601.000       0.4497
 602.000       0.4412
 603.000       0.4882
 604.000       0.5245
 605.000       0.4584
 606.000       0.4589
 607.000       0.5227
 608.000       0.4814
 609.000       0.4385
 610.000       0.4882
 611.000       0.5492
 612.000       0.5353
 613.000       0.5011
 614.000       0.6480
 615.000       0.7423
 616.000       0.7323
 617.000       0.7721
 618.000       0.6007
 619.000       0.6028
 620.000       0.4960
 621.000       0.4136
 622.000       0.4202
 623.000       0.4343
 624.000       0.4784
 625.000       0.4524
 626.000       0.4706
 627.000       0.5294
 628.000       0.6274
 629.000       0.8015
 630.000       0.8961
 631.000       0.9967
 632.000       1.0265
 633.000       0.9539
 634.000       1.0209
 635.000       0.8856
 636.000       0.6994
 637.000       0.7210
 638.000       0.7599
 639.000       0.6695
 640.000       0.6322
 641.000       1.5094
 642.000       1.4161
 643.000       0.6044
 644.000       0.4900
 645.000       0.4871
 646.000       0.5179
 647.000       0.6016
 648.000       0.9081
 649.000       0.9683
 650.000       0.8428
 651.000       0.7469
 652.000       0.8108
 653.000       0.9279
 654.000       0.8054
 655.000       0.8093
 656.000       0.9319
 657.000       0.9246
 658.000       0.8373
 659.000       0.9926
 660.000       1.3862
 661.000       1.9960
