#Res             RMSF
 176.000       0.9435
 177.000       0.8360
 178.000       0.6033
 179.000       0.4799
 180.000       0.4568
 181.000       0.5855
 182.000       0.5883
 183.000       0.5295
 184.000       0.5800
 185.000       0.4574
 186.000       0.4744
 187.000       0.4168
 188.000       0.4249
 189.000       0.3484
 190.000       0.4315
 191.000       0.4386
 192.000       0.3959
 193.000       0.3926
 194.000       0.4891
 195.000       0.4989
 196.000       0.4747
 197.000       0.5565
 198.000       0.6796
 199.000       0.6428
 200.000       0.6863
 201.000       0.5254
 202.000       0.5487
 203.000       0.6077
 204.000       0.5416
 205.000       0.4961
 206.000       0.5412
 207.000       0.5845
 208.000       0.4630
 209.000       0.3893
 210.000       0.3503
 211.000       0.3645
 212.000       0.4087
 213.000       0.4159
 214.000       0.3595
 215.000       0.4137
 216.000       0.4359
 217.000       0.4075
 218.000       0.4114
 219.000       0.4336
 220.000       0.4303
 221.000       0.4001
 222.000       0.4327
 223.000       0.4870
 224.000       0.4227
 225.000       0.4282
 226.000       0.4976
 227.000       0.4943
 228.000       0.4130
 229.000       0.4611
 230.000       0.5715
 231.000       0.5695
 232.000       0.5221
 233.000       0.7122
 234.000       0.8455
 235.000       0.7704
 236.000       0.8259
 237.000       0.6297
 238.000       0.6279
 239.000       0.4703
 240.000       0.3827
 241.000       0.3749
 242.000       0.4034
 243.000       0.4333
 244.000       0.4111
 245.000       0.4250
 246.000       0.5291
 247.000       0.6055
 248.000       0.5778
 249.000       0.6911
 250.000       0.9063
 251.000       1.0416
 252.000       1.2425
 253.000       1.2787
 254.000       1.2054
 255.000       1.1399
 256.000       1.2730
 257.000       1.1492
 258.000       0.9376
 259.000       1.0369
 260.000       1.7414
 261.000       1.1564
 262.000       0.6454
 263.000       0.5068
 264.000       0.4897
 265.000       0.4866
 266.000       0.5128
 267.000       0.5074
 268.000       0.6339
 269.000       0.6159
 270.000       0.7430
 271.000       0.7782
 272.000       0.8600
 273.000       0.8484
 274.000       0.9354
 275.000       1.0069
 276.000       0.9568
 277.000       0.8329
 278.000       0.9673
 279.000       1.3090
 280.000       1.9441
