#Res             RMSF
 281.000       4.0588
 282.000       3.9200
 283.000       3.0557
 284.000       2.4501
 285.000       1.8497
 286.000       0.9396
 287.000       0.7382
 288.000       0.5826
 289.000       0.5848
 290.000       0.6336
 291.000       0.5715
 292.000       0.5275
 293.000       0.4988
 294.000       0.5168
 295.000       0.4490
 296.000       0.4490
 297.000       0.5557
 298.000       0.6276
 299.000       0.6243
 300.000       0.5573
 301.000       0.6727
 302.000       0.8017
 303.000       0.5905
 304.000       0.6183
 305.000       0.5981
 306.000       0.6925
 307.000       0.7761
 308.000       0.8124
 309.000       0.6569
 310.000       0.6011
 311.000       0.6818
 312.000       0.6087
 313.000       0.5120
 314.000       0.5519
 315.000       0.5990
 316.000       0.5225
 317.000       0.4768
 318.000       0.5954
 319.000       0.5822
 320.000       0.5098
 321.000       0.4775
 322.000       0.5970
 323.000       0.5716
 324.000       0.4475
 325.000       0.5076
 326.000       0.5996
 327.000       0.5889
 328.000       0.5102
 329.000       0.5681
 330.000       0.6109
 331.000       0.5791
 332.000       0.5957
 333.000       0.7322
 334.000       0.7128
 335.000       0.8195
 336.000       0.9627
 337.000       0.8852
 338.000       0.7602
 339.000       0.6077
 340.000       0.4662
 341.000       0.4637
 342.000       0.5037
 343.000       0.5034
 344.000       0.3957
 345.000       0.3941
 346.000       0.4762
 347.000       0.4653
 348.000       0.4494
 349.000       0.4717
 350.000       0.5711
 351.000       0.6109
 352.000       0.6260
 353.000       0.5764
 354.000       0.7353
 355.000       0.8856
 356.000       0.9515
 357.000       0.6663
 358.000       0.5680
 359.000       0.6905
 360.000       0.5898
 361.000       0.5115
 362.000       0.4958
 363.000       0.5284
 364.000       0.4798
 365.000       0.4594
 366.000       0.5439
 367.000       0.5599
 368.000       0.4997
 369.000       0.5409
 370.000       0.6732
 371.000       0.7096
 372.000       0.6723
 373.000       0.8656
 374.000       1.2042
 375.000       2.2205
 376.000       3.7351
