#Res             RMSF
 558.000       1.7235
 559.000       1.0704
 560.000       0.7614
 561.000       0.5656
 562.000       0.6981
 563.000       0.7415
 564.000       0.5916
 565.000       0.6611
 566.000       0.5000
 567.000       0.6226
 568.000       0.4813
 569.000       0.5387
 570.000       0.4703
 571.000       0.6074
 572.000       0.5628
 573.000       0.4484
 574.000       0.4739
 575.000       0.6095
 576.000       0.6694
 577.000       0.4707
 578.000       0.7050
 579.000       0.9621
 580.000       0.7615
 581.000       0.7787
 582.000       0.5427
 583.000       0.5423
 584.000       0.6124
 585.000       0.5482
 586.000       0.4695
 587.000       0.4915
 588.000       0.6259
 589.000       0.4597
 590.000       0.3560
 591.000       0.3483
 592.000       0.3775
 593.000       0.3927
 594.000       0.3831
 595.000       0.3585
 596.000       0.3878
 597.000       0.4189
 598.000       0.4131
 599.000       0.4155
 600.000       0.4284
 601.000       0.4525
 602.000       0.4486
 603.000       0.5133
 604.000       0.5659
 605.000       0.4939
 606.000       0.4988
 607.000       0.5622
 608.000       0.4838
 609.000       0.4323
 610.000       0.5002
 611.000       0.5622
 612.000       0.5359
 613.000       0.4985
 614.000       0.6299
 615.000       0.7599
 616.000       0.7596
 617.000       0.7981
 618.000       0.6157
 619.000       0.6212
 620.000       0.4936
 621.000       0.4270
 622.000       0.4227
 623.000       0.4051
 624.000       0.4478
 625.000       0.4172
 626.000       0.4316
 627.000       0.4535
 628.000       0.5276
 629.000       0.5770
 630.000       0.6385
 631.000       0.7554
 632.000       0.7916
 633.000       0.7975
 634.000       0.8742
 635.000       0.7325
 636.000       0.6292
 637.000       0.6471
 638.000       0.6540
 639.000       0.6246
 640.000       0.5980
 641.000       1.4001
 642.000       1.2571
 643.000       0.5858
 644.000       0.4762
 645.000       0.4617
 646.000       0.5132
 647.000       0.5519
 648.000       0.6665
 649.000       0.6347
 650.000       0.7150
 651.000       0.6920
 652.000       0.7981
 653.000       0.9250
 654.000       0.7760
 655.000       0.7981
 656.000       0.9534
 657.000       0.9612
 658.000       0.8529
 659.000       0.9923
 660.000       1.3638
 661.000       1.9674
