#Res             RMSF
  98.000       3.7381
  99.000       2.7338
 100.000       1.4043
 101.000       0.8427
 102.000       0.5014
 103.000       0.4693
 104.000       0.4674
 105.000       0.4400
 106.000       0.4983
 107.000       0.4053
 108.000       0.3665
 109.000       0.4483
 110.000       0.4173
 111.000       0.3414
 112.000       0.3750
 113.000       0.4159
 114.000       0.4363
 115.000       0.4470
 116.000       0.3872
 117.000       0.4213
 118.000       0.4082
 119.000       0.4101
 120.000       0.4561
 121.000       0.5543
 122.000       0.5408
 123.000       0.4309
 124.000       0.4623
 125.000       0.5503
 126.000       0.5192
 127.000       0.4203
 128.000       0.4735
 129.000       0.5344
 130.000       0.5369
 131.000       0.4709
 132.000       0.4885
 133.000       0.5612
 134.000       0.5077
 135.000       0.4852
 136.000       0.5533
 137.000       0.5380
 138.000       0.4089
 139.000       0.4158
 140.000       0.4660
 141.000       0.3640
 142.000       0.3274
 143.000       0.3839
 144.000       0.3966
 145.000       0.3570
 146.000       0.3768
 147.000       0.4603
 148.000       0.5193
 149.000       0.6075
 150.000       0.7267
 151.000       0.6399
 152.000       0.7510
 153.000       0.4880
 154.000       0.4175
 155.000       0.4299
 156.000       0.4237
 157.000       0.4005
 158.000       0.3437
 159.000       0.3434
 160.000       0.3852
 161.000       0.3815
 162.000       0.3605
 163.000       0.4846
 164.000       0.6573
 165.000       0.8400
 166.000       0.6590
 167.000       0.9400
 168.000       0.5564
 169.000       0.5264
 170.000       0.4978
 171.000       0.5293
 172.000       0.6262
 173.000       0.6204
 174.000       1.1146
 175.000       2.0717
