#Res             RMSF
   1.000       1.9043
   2.000       1.1972
   3.000       0.8792
   4.000       0.5893
   5.000       0.5691
   6.000       0.5080
   7.000       0.5121
   8.000       0.5014
   9.000       0.4699
  10.000       0.4441
  11.000       0.4827
  12.000       0.5029
  13.000       0.4329
  14.000       0.3673
  15.000       0.4867
  16.000       0.4627
  17.000       0.4483
  18.000       0.4824
  19.000       0.5425
  20.000       0.6022
  21.000       0.6965
  22.000       0.5989
  23.000       0.5003
  24.000       0.4655
  25.000       0.4599
  26.000       0.5237
  27.000       0.5055
  28.000       0.5067
  29.000       0.5201
  30.000       0.4489
  31.000       0.4674
  32.000       0.5574
  33.000       0.5577
  34.000       0.4258
  35.000       0.5423
  36.000       0.6426
  37.000       0.5657
  38.000       0.5638
  39.000       0.7139
  40.000       0.8840
  41.000       0.7570
  42.000       0.8064
  43.000       0.8982
  44.000       1.2251
  45.000       0.7241
  46.000       0.5705
  47.000       0.5458
  48.000       0.6817
  49.000       0.9558
  50.000       0.5594
  51.000       0.4675
  52.000       0.4002
  53.000       0.4388
  54.000       0.4712
  55.000       0.4115
  56.000       0.3566
  57.000       0.3761
  58.000       0.3991
  59.000       0.3972
  60.000       0.3724
  61.000       0.4073
  62.000       0.4250
  63.000       0.4075
  64.000       0.3830
  65.000       0.4400
  66.000       0.3684
  67.000       0.3442
  68.000       0.3994
  69.000       0.3893
  70.000       0.3476
  71.000       0.3773
  72.000       0.4158
  73.000       0.3966
  74.000       0.4206
  75.000       0.4716
  76.000       0.5288
  77.000       0.5538
  78.000       0.5811
  79.000       0.4962
  80.000       0.4938
  81.000       0.4324
  82.000       0.3804
  83.000       0.4479
  84.000       0.4876
  85.000       0.4748
  86.000       0.3766
  87.000       0.4474
  88.000       0.5293
  89.000       0.4816
  90.000       0.4569
  91.000       0.6191
  92.000       0.7160
  93.000       0.6542
  94.000       0.6434
  95.000       0.8315
  96.000       2.0198
  97.000       4.3899
