#Res             RMSF
 281.000       2.7651
 282.000       2.3828
 283.000       2.4008
 284.000       1.9452
 285.000       1.6781
 286.000       0.9230
 287.000       0.6181
 288.000       0.5035
 289.000       0.4994
 290.000       0.5402
 291.000       0.5052
 292.000       0.4892
 293.000       0.4556
 294.000       0.4703
 295.000       0.4209
 296.000       0.4257
 297.000       0.5488
 298.000       0.6427
 299.000       0.6245
 300.000       0.5359
 301.000       0.6735
 302.000       0.7707
 303.000       0.5322
 304.000       0.5347
 305.000       0.5083
 306.000       0.5748
 307.000       0.6216
 308.000       0.6358
 309.000       0.5042
 310.000       0.4537
 311.000       0.5232
 312.000       0.4678
 313.000       0.4031
 314.000       0.4319
 315.000       0.4804
 316.000       0.4513
 317.000       0.4347
 318.000       0.5088
 319.000       0.5092
 320.000       0.4561
 321.000       0.4218
 322.000       0.5175
 323.000       0.5039
 324.000       0.3973
 325.000       0.4525
 326.000       0.4868
 327.000       0.4089
 328.000       0.3657
 329.000       0.4245
 330.000       0.4456
 331.000       0.4017
 332.000       0.4301
 333.000       0.5851
 334.000       0.5573
 335.000       0.7203
 336.000       0.8455
 337.000       0.6494
 338.000       0.6698
 339.000       0.5211
 340.000       0.4254
 341.000       0.4202
 342.000       0.4293
 343.000       0.4355
 344.000       0.3699
 345.000       0.4004
 346.000       0.4449
 347.000       0.3838
 348.000       0.3976
 349.000       0.4355
 350.000       0.4737
 351.000       0.4706
 352.000       0.5135
 353.000       0.5197
 354.000       0.7091
 355.000       0.8072
 356.000       0.9949
 357.000       0.6247
 358.000       0.5080
 359.000       0.6623
 360.000       0.5637
 361.000       0.5107
 362.000       0.4634
 363.000       0.4736
 364.000       0.4588
 365.000       0.4489
 366.000       0.4887
 367.000       0.4768
 368.000       0.4162
 369.000       0.4763
 370.000       0.5712
 371.000       0.5380
 372.000       0.5184
 373.000       0.6866
 374.000       0.7996
 375.000       1.8777
 376.000       3.2913
