#Res             RMSF
 281.000       2.9671
 282.000       2.4364
 283.000       1.7753
 284.000       1.3226
 285.000       1.0406
 286.000       0.7324
 287.000       0.6734
 288.000       0.4549
 289.000       0.4478
 290.000       0.5230
 291.000       0.4744
 292.000       0.4094
 293.000       0.4185
 294.000       0.4949
 295.000       0.4311
 296.000       0.4249
 297.000       0.5507
 298.000       0.6027
 299.000       0.6211
 300.000       0.5443
 301.000       0.6179
 302.000       0.7558
 303.000       0.5395
 304.000       0.5419
 305.000       0.4830
 306.000       0.5644
 307.000       0.6554
 308.000       0.6991
 309.000       0.5466
 310.000       0.4944
 311.000       0.5831
 312.000       0.5076
 313.000       0.4280
 314.000       0.4529
 315.000       0.4922
 316.000       0.4405
 317.000       0.3994
 318.000       0.4942
 319.000       0.4874
 320.000       0.4479
 321.000       0.4143
 322.000       0.5301
 323.000       0.4962
 324.000       0.3768
 325.000       0.4519
 326.000       0.5523
 327.000       0.5100
 328.000       0.4455
 329.000       0.4887
 330.000       0.5440
 331.000       0.5164
 332.000       0.5452
 333.000       0.6863
 334.000       0.6104
 335.000       0.6912
 336.000       0.8509
 337.000       0.8391
 338.000       0.7724
 339.000       0.5698
 340.000       0.4359
 341.000       0.4535
 342.000       0.5156
 343.000       0.4817
 344.000       0.3680
 345.000       0.3720
 346.000       0.4178
 347.000       0.3796
 348.000       0.3597
 349.000       0.4167
 350.000       0.4978
 351.000       0.5154
 352.000       0.5213
 353.000       0.4995
 354.000       0.6605
 355.000       0.8607
 356.000       0.8776
 357.000       0.6346
 358.000       0.5217
 359.000       0.6413
 360.000       0.5537
 361.000       0.4684
 362.000       0.4512
 363.000       0.5032
 364.000       0.4806
 365.000       0.4473
 366.000       0.5180
 367.000       0.5337
 368.000       0.4848
 369.000       0.5101
 370.000       0.6232
 371.000       0.6561
 372.000       0.6226
 373.000       0.8474
 374.000       1.3974
 375.000       2.3810
 376.000       3.9381
