#Res             RMSF
 476.000       2.4130
 477.000       1.3261
 478.000       1.0914
 479.000       0.9324
 480.000       0.5716
 481.000       0.6181
 482.000       0.8662
 483.000       0.9119
 484.000       0.6270
 485.000       0.5240
 486.000       0.4570
 487.000       0.4586
 488.000       0.4729
 489.000       0.3833
 490.000       0.3635
 491.000       0.4724
 492.000       0.4224
 493.000       0.3493
 494.000       0.3833
 495.000       0.4150
 496.000       0.4266
 497.000       0.4616
 498.000       0.4034
 499.000       0.4577
 500.000       0.4200
 501.000       0.4007
 502.000       0.4545
 503.000       0.5589
 504.000       0.5479
 505.000       0.4144
 506.000       0.4319
 507.000       0.5349
 508.000       0.5095
 509.000       0.3907
 510.000       0.4605
 511.000       0.5234
 512.000       0.5111
 513.000       0.4762
 514.000       0.4881
 515.000       0.5427
 516.000       0.4869
 517.000       0.4633
 518.000       0.4818
 519.000       0.4786
 520.000       0.3949
 521.000       0.3642
 522.000       0.3974
 523.000       0.3455
 524.000       0.3313
 525.000       0.3395
 526.000       0.3753
 527.000       0.3519
 528.000       0.3417
 529.000       0.4487
 530.000       0.4846
 531.000       0.5135
 532.000       0.5726
 533.000       0.4817
 534.000       0.5400
 535.000       0.4651
 536.000       0.4155
 537.000       0.4727
 538.000       0.5167
 539.000       0.4797
 540.000       0.3763
 541.000       0.4049
 542.000       0.4290
 543.000       0.4117
 544.000       0.3937
 545.000       0.4438
 546.000       0.4911
 547.000       0.6888
 548.000       1.2087
 549.000       1.1304
 550.000       0.7325
 551.000       0.7352
 552.000       0.5316
 553.000       0.5058
 554.000       0.6948
 555.000       0.8471
 556.000       2.0925
 557.000       3.3990
