1	0.0	0.0	0.0	0.0
2	0.0	0.0	0.0	0.0
3	0.0	0.0	0.0	0.0
4	0.0	0.0	0.0	0.0
5	0.0	0.0	0.0	0.0
6	0.0	0.0	0.0	0.0
7	0.0	0.0	0.0	0.0
8	0.0	0.0	0.0	0.0
9	0.0	0.0	0.0	0.0
10	0.0	0.0	0.0	0.0
11	326.6722412109375	268.74951171875	268.74951171875	120.0623550415039
12	212.28781127929688	102.51933288574219	102.51933288574219	68.74560546875
13	311.7599182128906	181.2835693359375	181.2835693359375	154.16378784179688
14	208.26800537109375	91.81221008300781	91.81221008300781	33.12556457519531
15	302.0224914550781	133.4264373779297	133.4264373779297	111.42568969726563
16	241.1903076171875	79.11061096191406	79.11061096191406	29.839374542236328
17	343.6835021972656	85.95757293701172	57.694156646728516	31.72461700439453
18	224.61314392089844	16.336578369140625	16.336578369140625	16.117862701416016
19	228.638916015625	61.154441833496094	52.582767486572266	52.582767486572266
20	347.0201110839844	188.9874725341797	93.7451171875	73.84181213378906
21	206.41954040527344	39.96757125854492	3.642961025238037	3.642961025238037
22	182.5636444091797	56.112857818603516	44.51962661743164	44.51962661743164
23	273.42205810546875	31.034404754638672	24.754737854003906	24.754737854003906
24	275.6436462402344	144.4881591796875	57.33442687988281	57.33442687988281
25	312.7177429199219	60.1398811340332	0.0	0.0
26	235.1748809814453	45.384010314941406	10.144076347351074	6.038140773773193
27	250.06622314453125	0.6561529636383057	0.6561529636383057	0.6561529636383057
28	183.1116943359375	34.05815887451172	34.05815887451172	6.640841960906982
29	340.8052978515625	135.4798583984375	45.566978454589844	15.561123847961426
30	246.66139221191406	10.331134796142578	0.0	0.0
31	294.3598937988281	26.297014236450195	26.297014236450195	20.806264877319336
32	336.6297302246094	84.13209533691406	61.20299530029297	27.354347229003906
33	283.46893310546875	91.82347106933594	46.84881591796875	46.84881591796875
34	274.792236328125	30.833580017089844	2.092029333114624	2.092029333114624
35	332.0577392578125	134.10877990722656	134.10877990722656	121.92781829833984
36	311.0989990234375	151.78662109375	141.2863311767578	141.2863311767578
37	190.59014892578125	24.957447052001953	14.987508773803711	14.987508773803711
38	254.13682556152344	137.95742797851563	34.805335998535156	34.805335998535156
39	337.295166015625	169.23013305664063	21.579666137695313	21.579666137695313
40	221.12579345703125	63.74637985229492	11.848522186279297	11.848522186279297
41	285.0455322265625	184.87118530273438	148.53207397460938	145.3177032470703
42	342.27984619140625	217.264404296875	157.1206512451172	27.267200469970703
43	247.48025512695313	42.98726272583008	30.66945457458496	3.764326572418213
44	182.24636840820313	45.48749542236328	15.21611499786377	0.48305127024650574
45	207.99481201171875	77.5177993774414	61.58784103393555	34.22821807861328
46	185.3839874267578	48.50204849243164	18.801551818847656	18.145397186279297
47	203.58079528808594	45.573097229003906	0.0	0.0
48	243.9172821044922	0.0	0.0	0.0
49	247.94644165039063	49.99580383300781	0.0	0.0
50	328.2366943359375	178.44613647460938	4.105935573577881	4.105935573577881
51	267.80499267578125	60.79603576660156	0.0	0.0
52	217.14639282226563	0.0	0.0	0.0
53	206.2147674560547	40.34770202636719	4.020655632019043	4.020655632019043
54	251.24972534179688	70.2839584350586	0.0	0.0
55	284.6275329589844	70.65807342529297	1.85050368309021	1.85050368309021
56	283.9771423339844	36.848854064941406	25.04848861694336	25.04848861694336
57	328.45831298828125	145.54132080078125	22.700000762939453	22.700000762939453
58	272.4564514160156	64.72886657714844	0.24152563512325287	0.24152563512325287
59	242.87876892089844	46.202171325683594	0.0	0.0
60	205.31283569335938	53.35927200317383	27.020057678222656	27.020057678222656
61	270.93157958984375	68.48355102539063	54.988922119140625	54.988922119140625
62	269.5545959472656	39.85172653198242	5.555089473724365	5.555089473724365
63	289.1530456542969	95.17401885986328	0.0	0.0
64	278.59075927734375	114.18714904785156	75.00492858886719	75.00492858886719
65	276.75811767578125	53.01239013671875	53.01239013671875	53.01239013671875
66	210.3785858154297	0.0	0.0	0.0
67	185.9890899658203	29.23394203186035	3.857252836227417	3.857252836227417
68	269.4365234375	79.37539672851563	69.94654846191406	69.94654846191406
69	205.07028198242188	13.932058334350586	13.932058334350586	13.932058334350586
70	213.98291015625	3.1398332118988037	0.7245768904685974	0.7245768904685974
71	332.50372314453125	185.55784606933594	137.6265106201172	137.6265106201172
72	269.48321533203125	134.4727020263672	134.4727020263672	134.4727020263672
73	258.029541015625	73.30523681640625	73.30523681640625	73.30523681640625
74	308.8257141113281	184.37881469726563	184.37881469726563	141.91709899902344
75	297.2467956542969	88.87358093261719	88.87358093261719	45.02995681762695
76	246.00088500976563	146.1625213623047	87.2710189819336	52.264156341552734
77	338.7251892089844	177.60096740722656	138.49661254882813	40.248985290527344
78	275.5035400390625	66.15838623046875	0.0	0.0
79	277.06317138671875	68.59327697753906	58.9322509765625	57.48310089111328
80	235.5096435546875	52.41106414794922	7.970345973968506	7.970345973968506
81	341.436279296875	70.39032745361328	30.221677780151367	30.221677780151367
82	301.75250244140625	0.48305127024650574	0.48305127024650574	0.48305127024650574
83	278.9277648925781	52.169532775878906	2.1737306118011475	2.1737306118011475
84	283.21331787109375	20.428199768066406	20.428199768066406	20.428199768066406
85	289.4388122558594	37.51459503173828	37.51459503173828	37.51459503173828
86	215.74217224121094	6.303321361541748	6.303321361541748	6.303321361541748
87	269.4784851074219	5.072038173675537	5.072038173675537	5.072038173675537
88	327.0071716308594	46.41423797607422	46.41423797607422	46.41423797607422
89	266.5873718261719	112.98566436767578	112.98566436767578	112.98566436767578
90	254.25399780273438	48.760337829589844	46.18883514404297	46.18883514404297
91	286.3256530761719	161.89988708496094	161.89988708496094	161.89988708496094
92	289.90924072265625	152.3437042236328	50.73002243041992	50.73002243041992
93	281.92138671875	10.385601997375488	0.0	0.0
94	253.75592041015625	55.49946594238281	55.49946594238281	55.49946594238281
95	289.0967102050781	163.36660766601563	148.6885223388672	148.6885223388672
96	273.41455078125	114.84256744384766	13.897666931152344	13.897666931152344
97	286.3766174316406	46.372920989990234	2.4152562618255615	2.4152562618255615
98	186.4842071533203	44.9798698425293	44.9798698425293	44.9798698425293
99	334.0572204589844	232.2915802001953	144.4442138671875	144.4442138671875
100	255.16519165039063	67.09542083740234	14.684358596801758	14.684358596801758
101	245.3709716796875	125.67440795898438	19.825178146362305	19.825178146362305
102	268.23291015625	38.19353485107422	16.752222061157227	16.752222061157227
103	209.80735778808594	76.60208129882813	6.626548767089844	6.626548767089844
104	285.1154479980469	156.0720672607422	46.30036163330078	46.30036163330078
105	188.14306640625	1.6450634002685547	0.4374353289604187	0.4374353289604187
106	188.8759765625	54.43923568725586	28.236343383789063	28.236343383789063
107	246.28268432617188	104.28646850585938	27.752639770507813	27.752639770507813
108	282.55902099609375	66.01392364501953	63.656707763671875	63.656707763671875
109	237.0478515625	114.24598693847656	92.75020599365234	92.75020599365234
110	265.2352600097656	130.27593994140625	102.95023345947266	102.95023345947266
111	276.8352355957031	114.95730590820313	42.982666015625	42.982666015625
112	289.5445861816406	122.48419189453125	52.03858947753906	52.03858947753906
113	213.17271423339844	81.48075103759766	81.48075103759766	81.48075103759766
114	249.2201385498047	142.1138916015625	98.29595947265625	98.29595947265625
115	287.8303527832031	123.36233520507813	0.24152563512325287	0.24152563512325287
116	280.3868103027344	92.72795104980469	76.1988525390625	76.1988525390625
117	236.23306274414063	119.76176452636719	93.45829010009766	88.86930084228516
118	308.2607727050781	250.39881896972656	250.39881896972656	250.39881896972656
119	0.0	0.0	0.0	0.0
120	0.0	0.0	0.0	0.0
121	0.0	0.0	0.0	0.0
122	0.0	0.0	0.0	0.0
123	0.0	0.0	0.0	0.0
124	0.0	0.0	0.0	0.0
125	0.0	0.0	0.0	0.0
126	0.0	0.0	0.0	0.0
127	0.0	0.0	0.0	0.0
128	0.0	0.0	0.0	0.0
129	0.0	0.0	0.0	0.0
130	0.0	0.0	0.0	0.0
