1	0.0	0.0	0.0	0.0
2	0.0	0.0	0.0	0.0
3	0.0	0.0	0.0	0.0
4	0.0	0.0	0.0	0.0
5	0.0	0.0	0.0	0.0
6	0.0	0.0	0.0	0.0
7	0.0	0.0	0.0	0.0
8	0.0	0.0	0.0	0.0
9	0.0	0.0	0.0	0.0
10	0.0	0.0	0.0	0.0
11	0.0	0.0	0.0	0.0
12	0.0	0.0	0.0	0.0
13	0.0	0.0	0.0	0.0
14	0.0	0.0	0.0	0.0
15	0.0	0.0	0.0	0.0
16	0.0	0.0	0.0	0.0
17	0.0	0.0	0.0	0.0
18	0.0	0.0	0.0	0.0
19	0.0	0.0	0.0	0.0
20	0.0	0.0	0.0	0.0
21	0.0	0.0	0.0	0.0
22	0.0	0.0	0.0	0.0
23	0.0	0.0	0.0	0.0
24	0.0	0.0	0.0	0.0
25	0.0	0.0	0.0	0.0
26	0.0	0.0	0.0	0.0
27	0.0	0.0	0.0	0.0
28	0.0	0.0	0.0	0.0
29	0.0	0.0	0.0	0.0
30	0.0	0.0	0.0	0.0
31	0.0	0.0	0.0	0.0
32	0.0	0.0	0.0	0.0
33	0.0	0.0	0.0	0.0
34	0.0	0.0	0.0	0.0
35	0.0	0.0	0.0	0.0
36	0.0	0.0	0.0	0.0
37	0.0	0.0	0.0	0.0
38	229.17095947265625	175.00729370117188	175.00729370117188	171.33709716796875
39	280.9667053222656	150.50546264648438	150.50546264648438	37.7566032409668
40	333.852783203125	202.47567749023438	202.47567749023438	92.27894592285156
41	339.0855712890625	123.62523651123047	123.62523651123047	13.77988052368164
42	357.4969482421875	199.95323181152344	199.95323181152344	93.09424591064453
43	229.86746215820313	130.3308563232422	130.1165771484375	33.25101852416992
44	183.02029418945313	38.17414855957031	22.45132827758789	7.487294673919678
45	249.89385986328125	60.618255615234375	58.046756744384766	33.14019775390625
46	256.2001953125	52.86687469482422	52.86687469482422	20.019393920898438
47	210.9508056640625	54.258323669433594	11.5154447555542	0.24152563512325287
48	290.81732177734375	89.7930679321289	9.419499397277832	9.419499397277832
49	345.2349548339844	104.95707702636719	104.95707702636719	33.764381408691406
50	293.2415466308594	80.99655151367188	41.18199920654297	36.68186950683594
51	281.59356689453125	84.02810668945313	0.0	0.0
52	346.7858581542969	154.8470001220703	123.85173797607422	119.03994750976563
53	341.6435546875	134.36941528320313	134.36941528320313	126.27686309814453
54	335.84735107421875	100.95213317871094	36.65463638305664	36.65463638305664
55	298.0531311035156	146.26768493652344	7.146869659423828	7.146869659423828
56	311.4888000488281	176.10971069335938	158.05116271972656	148.64630126953125
57	231.04600524902344	40.49678421020508	26.96916961669922	26.96916961669922
58	235.1070556640625	123.13862609863281	30.933094024658203	30.933094024658203
59	263.09893798828125	95.78211212158203	85.70323944091797	85.70323944091797
60	277.0132751464844	49.82793426513672	43.92664337158203	43.92664337158203
61	272.5167236328125	98.79411315917969	3.1907222270965576	3.1907222270965576
62	281.7121887207031	64.1498031616211	12.22179126739502	12.22179126739502
63	327.1508483886719	170.3935089111328	122.53347778320313	28.845035552978516
64	288.89178466796875	100.58222961425781	100.58222961425781	83.87662506103516
65	274.9816589355469	117.1802749633789	117.1802749633789	53.94208526611328
66	237.15576171875	37.07527542114258	9.661025047302246	0.9661025404930115
67	302.2179260253906	15.676358222961426	0.0	0.0
68	299.3111267089844	57.822418212890625	57.822418212890625	57.60369873046875
69	330.814208984375	144.21817016601563	110.13072967529297	84.75947570800781
70	287.1216125488281	89.49197387695313	1.2076281309127808	1.2076281309127808
71	246.00115966796875	15.805370330810547	0.0	0.0
72	345.4363098144531	107.27787017822266	107.27787017822266	76.4427490234375
73	281.90264892578125	111.32273864746094	68.399169921875	68.399169921875
74	276.3688659667969	77.77125549316406	4.105935573577881	4.105935573577881
75	207.90545654296875	16.027666091918945	2.1737306118011475	2.1737306118011475
76	268.672607421875	88.32970428466797	88.32970428466797	88.32970428466797
77	263.23077392578125	117.06278228759766	117.06278228759766	117.06278228759766
78	318.0188293457031	161.3800506591797	63.175148010253906	63.175148010253906
79	301.70745849609375	120.7170181274414	49.375221252441406	49.375221252441406
80	238.25064086914063	90.89132690429688	87.24835968017578	87.24835968017578
81	255.7368621826172	140.43731689453125	122.22251892089844	108.5078353881836
82	281.78387451171875	89.19354248046875	29.536712646484375	29.536712646484375
83	350.17578125	227.94821166992188	173.1204071044922	31.95150375366211
84	323.9933166503906	58.64794921875	29.209060668945313	6.891729354858398
85	296.1995544433594	135.78753662109375	82.00633239746094	54.258975982666016
86	223.60179138183594	93.1802978515625	93.1802978515625	75.31371307373047
87	229.8920135498047	70.87315368652344	43.15357208251953	42.29640197753906
88	209.07138061523438	31.048717498779297	0.0	0.0
89	251.1717529296875	1.2076281309127808	1.2076281309127808	1.2076281309127808
90	284.8912353515625	64.00001525878906	53.37289047241211	53.37289047241211
91	217.48902893066406	59.067386627197266	0.0	0.0
92	280.25335693359375	73.26566314697266	1.9322049617767334	1.9322049617767334
93	296.89959716796875	0.0	0.0	0.0
94	289.52642822265625	102.38339233398438	22.28635025024414	22.28635025024414
95	213.95652770996094	57.85975646972656	3.272423505783081	3.272423505783081
96	240.61441040039063	42.12963104248047	0.25735923647880554	0.25735923647880554
97	294.4835510253906	22.576580047607422	11.130255699157715	11.130255699157715
98	215.33810424804688	67.4697036743164	41.817100524902344	41.817100524902344
99	324.3055419921875	88.38660430908203	11.177565574645996	11.177565574645996
100	292.7080078125	69.8009033203125	1.4491537809371948	1.4491537809371948
101	254.48110961914063	86.00677490234375	7.728819847106934	7.728819847106934
102	192.8988494873047	16.187490463256836	16.187490463256836	16.187490463256836
103	275.05810546875	15.699166297912598	8.936448097229004	8.936448097229004
104	318.1231384277344	112.51655578613281	4.830512523651123	4.830512523651123
105	288.708251953125	104.54995727539063	64.84654235839844	64.84654235839844
106	261.6323547363281	50.48898696899414	19.286264419555664	19.286264419555664
107	246.79795837402344	0.0	0.0	0.0
108	251.63018798828125	71.89408874511719	4.579625129699707	4.579625129699707
109	283.78875732421875	116.99830627441406	27.640972137451172	27.640972137451172
110	244.92478942871094	23.180950164794922	0.0	0.0
111	216.03936767578125	0.0	0.0	0.0
112	271.9656066894531	90.4760971069336	38.065032958984375	38.065032958984375
113	285.0685729980469	149.29103088378906	26.079303741455078	26.079303741455078
114	201.87022399902344	43.47322082519531	14.684358596801758	14.684358596801758
115	294.3433532714844	176.93096923828125	174.7572479248047	154.65701293945313
116	325.010498046875	54.070411682128906	51.244789123535156	10.746267318725586
117	245.42994689941406	133.40533447265625	45.019081115722656	28.258499145507813
118	243.18275451660156	80.41450500488281	14.130340576171875	1.6906794309616089
119	271.6435546875	80.49266052246094	0.0	0.0
120	294.3168640136719	66.21830749511719	54.164825439453125	23.867305755615234
121	239.80113220214844	85.1812744140625	18.838998794555664	18.838998794555664
122	304.80059814453125	112.98155212402344	95.56804656982422	84.4134521484375
123	273.6317138671875	4.768887996673584	0.0	0.0
124	286.2867431640625	63.03819274902344	4.105935573577881	4.105935573577881
125	290.00738525390625	87.48990631103516	67.69535827636719	67.69535827636719
126	289.31524658203125	80.5555191040039	14.377497673034668	14.377497673034668
127	217.20884704589844	6.276087760925293	0.0	0.0
128	346.68902587890625	75.18101501464844	36.22526168823242	36.22526168823242
129	344.0579528808594	151.31585693359375	110.19913482666016	110.19913482666016
130	270.4320068359375	127.39730834960938	5.143003940582275	5.143003940582275
131	343.5039367675781	94.67932891845703	60.570106506347656	60.570106506347656
132	185.03402709960938	52.56093978881836	38.10736846923828	38.10736846923828
133	279.7218933105469	71.38919830322266	69.67486572265625	69.67486572265625
134	334.7138671875	125.94766235351563	124.19791412353516	124.19791412353516
135	0.0	0.0	0.0	0.0
