1	0.0	0.0	0.0	0.0
2	0.0	0.0	0.0	0.0
3	0.0	0.0	0.0	0.0
4	0.0	0.0	0.0	0.0
5	0.0	0.0	0.0	0.0
6	0.0	0.0	0.0	0.0
7	0.0	0.0	0.0	0.0
8	0.0	0.0	0.0	0.0
9	0.0	0.0	0.0	0.0
10	0.0	0.0	0.0	0.0
11	0.0	0.0	0.0	0.0
12	0.0	0.0	0.0	0.0
13	0.0	0.0	0.0	0.0
14	0.0	0.0	0.0	0.0
15	0.0	0.0	0.0	0.0
16	0.0	0.0	0.0	0.0
17	0.0	0.0	0.0	0.0
18	0.0	0.0	0.0	0.0
19	0.0	0.0	0.0	0.0
20	0.0	0.0	0.0	0.0
21	0.0	0.0	0.0	0.0
22	0.0	0.0	0.0	0.0
23	0.0	0.0	0.0	0.0
24	0.0	0.0	0.0	0.0
25	0.0	0.0	0.0	0.0
26	0.0	0.0	0.0	0.0
27	0.0	0.0	0.0	0.0
28	0.0	0.0	0.0	0.0
29	0.0	0.0	0.0	0.0
30	302.9034729003906	231.65127563476563	231.65127563476563	149.4857635498047
31	301.2657470703125	169.63063049316406	169.63063049316406	99.91924285888672
32	217.64332580566406	95.0217514038086	95.0217514038086	32.473854064941406
33	332.24822998046875	198.19219970703125	192.2868194580078	65.21116638183594
34	298.92913818359375	170.56298828125	157.7621307373047	131.57901000976563
35	290.59942626953125	167.26194763183594	86.41806030273438	64.22633361816406
36	219.92239379882813	50.70416259765625	34.62342071533203	27.40829849243164
37	342.71954345703125	80.72481536865234	10.144076347351074	10.144076347351074
38	229.29251098632813	31.9853458404541	31.9853458404541	31.9853458404541
39	274.9460754394531	96.7842025756836	96.7842025756836	50.721229553222656
40	325.0069274902344	128.79994201660156	36.481895446777344	3.003664255142212
41	251.5174102783203	26.0820369720459	0.9661025404930115	0.9661025404930115
42	336.1229553222656	91.46087646484375	91.46087646484375	46.069766998291016
43	320.37042236328125	130.37020874023438	100.43038940429688	91.46296691894531
44	256.2049560546875	81.63566589355469	2.4152562618255615	2.4152562618255615
45	280.1202697753906	33.26211166381836	1.2076281309127808	1.2076281309127808
46	300.76190185546875	60.051353454589844	60.051353454589844	59.8098258972168
47	288.9488220214844	148.1875	116.7495346069336	116.7495346069336
48	256.9322509765625	100.5406494140625	44.462974548339844	44.462974548339844
49	297.89495849609375	101.32723236083984	11.20549488067627	11.20549488067627
50	240.591064453125	97.94192504882813	97.94192504882813	97.94192504882813
51	252.19398498535156	124.77751922607422	75.05823516845703	75.05823516845703
52	242.59841918945313	47.25950622558594	3.6974287033081055	3.6974287033081055
53	183.22286987304688	41.87666702270508	15.862905502319336	7.651034355163574
54	273.76861572265625	59.73558807373047	23.747255325317383	5.041225910186768
55	217.42340087890625	64.5853500366211	21.70649528503418	8.905635833740234
56	224.12535095214844	95.50362396240234	95.50362396240234	69.31148529052734
57	312.3469543457031	172.9622802734375	129.90928649902344	129.90928649902344
58	212.7529754638672	38.70911407470703	0.0	0.0
59	288.9895935058594	15.699165344238281	15.699165344238281	15.699165344238281
60	186.5812225341797	34.595176696777344	22.92382049560547	22.92382049560547
61	277.2735290527344	119.15026092529297	8.69492244720459	8.69492244720459
62	288.1271667480469	74.69424438476563	3.088310718536377	3.088310718536377
63	274.2622375488281	28.036197662353516	16.976058959960938	16.976058959960938
64	231.36532592773438	79.92599487304688	25.694454193115234	25.694454193115234
65	297.1861877441406	108.83683013916016	7.2457685470581055	7.2457685470581055
66	254.3068084716797	48.54307556152344	0.7245768904685974	0.7245768904685974
67	266.3033142089844	79.45182037353516	77.9517822265625	77.9517822265625
68	264.73577880859375	63.310768127441406	17.80138397216797	17.80138397216797
69	261.3963317871094	48.546653747558594	2.4152562618255615	2.4152562618255615
70	307.9750061035156	127.63174438476563	14.008485794067383	14.008485794067383
71	276.33721923828125	115.60568237304688	94.20015716552734	94.20015716552734
72	346.8284606933594	115.95747375488281	65.65240478515625	65.65240478515625
73	270.4742126464844	18.114421844482422	0.24152563512325287	0.24152563512325287
74	218.32183837890625	37.18183898925781	0.48305127024650574	0.48305127024650574
75	186.23944091796875	15.599929809570313	11.803943634033203	11.803943634033203
76	282.94195556640625	32.43976593017578	1.2857509851455688	1.2857509851455688
77	212.25613403320313	0.7245768904685974	0.7245768904685974	0.7245768904685974
78	219.52630615234375	59.40753936767578	23.60291290283203	23.60291290283203
79	351.8553771972656	104.88865661621094	103.138916015625	103.138916015625
80	271.7320251464844	33.73188781738281	1.2076281309127808	1.2076281309127808
81	212.09188842773438	5.555089473724365	2.1737306118011475	2.1737306118011475
82	286.86834716796875	137.8404541015625	108.73518371582031	108.73518371582031
83	343.28802490234375	163.2585906982422	65.64705657958984	65.64705657958984
84	259.6832275390625	97.72872161865234	48.120887756347656	48.120887756347656
85	301.614501953125	196.32603454589844	196.32603454589844	191.1830291748047
86	328.04766845703125	101.39714813232422	98.01494598388672	43.384037017822266
87	219.04873657226563	113.582763671875	60.01199722290039	32.871307373046875
88	235.77188110351563	63.34928512573242	31.543842315673828	9.786458969116211
89	279.67974853515625	86.28688049316406	1.6906794309616089	1.6906794309616089
90	244.59564208984375	46.522010803222656	38.06861114501953	34.44572830200195
91	223.2412872314453	70.95108032226563	34.721923828125	34.721923828125
92	338.2967529296875	163.8668670654297	83.43254852294922	82.97229766845703
93	283.9987487792969	10.92888355255127	0.0	0.0
94	267.1265563964844	65.45344543457031	0.9661025404930115	0.9661025404930115
95	284.55694580078125	69.39808654785156	55.522369384765625	55.522369384765625
96	250.06204223632813	53.157711029052734	13.621261596679688	13.621261596679688
97	210.201904296875	0.0	0.0	0.0
98	252.09768676757813	21.978832244873047	0.0	0.0
99	335.41986083984375	142.16696166992188	126.06645202636719	126.06645202636719
100	288.4209899902344	112.33027648925781	13.395028114318848	13.395028114318848
101	272.4801025390625	56.15082550048828	34.5331916809082	34.5331916809082
102	264.44610595703125	39.35078430175781	11.575337409973145	11.575337409973145
103	226.91604614257813	79.35298919677734	34.53816604614258	34.53816604614258
104	182.8734130859375	45.651405334472656	40.42906951904297	40.42906951904297
105	280.41180419921875	106.35746765136719	92.78233337402344	92.78233337402344
106	294.3806457519531	110.54248046875	6.234050273895264	6.234050273895264
107	209.18746948242188	6.7627177238464355	6.7627177238464355	6.7627177238464355
108	307.1728210449219	119.79669189453125	119.79669189453125	119.79669189453125
109	292.7442626953125	113.4314193725586	88.07242584228516	88.07242584228516
110	210.77243041992188	38.103660583496094	0.0	0.0
111	250.24749755859375	19.427406311035156	12.559332847595215	12.559332847595215
112	221.1020965576172	69.96728515625	69.96728515625	69.96728515625
113	293.3161315917969	103.70353698730469	59.9722900390625	59.9722900390625
114	189.37332153320313	38.220794677734375	0.0	0.0
115	244.19886779785156	66.84963989257813	59.63536071777344	59.63536071777344
116	310.2408142089844	125.1926498413086	125.1926498413086	125.1926498413086
117	215.81280517578125	54.06377410888672	3.3813588619232178	3.3813588619232178
118	254.7151336669922	58.932254791259766	21.254255294799805	21.254255294799805
119	248.22482299804688	72.98307800292969	72.98307800292969	72.98307800292969
120	310.89752197265625	104.31796264648438	67.03825378417969	67.03825378417969
121	306.5726013183594	162.22679138183594	45.24778366088867	45.24778366088867
122	237.15721130371094	90.35005187988281	90.10852813720703	90.10852813720703
123	219.313232421875	62.037086486816406	62.037086486816406	62.037086486816406
124	206.54531860351563	84.45663452148438	65.83332824707031	65.83332824707031
125	324.72906494140625	160.7914581298828	140.86233520507813	140.86233520507813
