1	0.0	0.0	0.0	0.0
2	0.0	0.0	0.0	0.0
3	0.0	0.0	0.0	0.0
4	0.0	0.0	0.0	0.0
5	0.0	0.0	0.0	0.0
6	0.0	0.0	0.0	0.0
7	0.0	0.0	0.0	0.0
8	0.0	0.0	0.0	0.0
9	0.0	0.0	0.0	0.0
10	0.0	0.0	0.0	0.0
11	0.0	0.0	0.0	0.0
12	0.0	0.0	0.0	0.0
13	0.0	0.0	0.0	0.0
14	0.0	0.0	0.0	0.0
15	0.0	0.0	0.0	0.0
16	0.0	0.0	0.0	0.0
17	0.0	0.0	0.0	0.0
18	0.0	0.0	0.0	0.0
19	0.0	0.0	0.0	0.0
20	0.0	0.0	0.0	0.0
21	0.0	0.0	0.0	0.0
22	0.0	0.0	0.0	0.0
23	0.0	0.0	0.0	0.0
24	0.0	0.0	0.0	0.0
25	270.0223388671875	188.09640502929688	83.78091430664063	83.78091430664063
26	272.7863464355469	51.827415466308594	36.620662689208984	36.620662689208984
27	284.73193359375	113.00054931640625	113.00054931640625	110.0004653930664
28	183.2667694091797	52.858665466308594	18.862991333007813	18.862991333007813
29	265.8828430175781	56.03394317626953	1.6906794309616089	1.6906794309616089
30	243.35382080078125	57.999996185302734	29.654033660888672	3.572842597961426
31	295.83575439453125	99.39791107177734	99.39791107177734	93.6790771484375
32	240.1643524169922	74.62783813476563	74.62783813476563	37.43289566040039
33	203.47543334960938	25.084274291992188	0.48305127024650574	0.48305127024650574
34	273.42681884765625	5.072038173675537	0.7245768904685974	0.7245768904685974
35	335.1588134765625	86.91925048828125	74.43362426757813	34.845726013183594
36	333.35986328125	153.50149536132813	57.67014694213867	37.283790588378906
37	281.4664306640625	108.73638916015625	0.7245768904685974	0.7245768904685974
38	208.43736267089844	18.023189544677734	0.48305127024650574	0.48305127024650574
39	332.86322021484375	110.59860229492188	4.811788558959961	0.0
40	338.981689453125	233.2209014892578	11.300810813903809	11.300810813903809
41	188.48110961914063	56.487823486328125	9.91189193725586	9.91189193725586
42	183.29705810546875	63.446449279785156	2.306321144104004	2.306321144104004
43	255.0402069091797	61.23141860961914	0.0	0.0
44	318.5546569824219	197.69912719726563	45.09956359863281	34.1308479309082
45	334.4500427246094	209.09593200683594	140.71273803710938	30.66728401184082
46	270.44598388671875	33.26512145996094	27.550209045410156	0.9116349220275879
47	220.78790283203125	57.54637908935547	21.661367416381836	5.571587562561035
48	188.2426300048828	68.867431640625	68.867431640625	42.04583740234375
49	281.8208312988281	138.8665008544922	119.73509216308594	119.73509216308594
50	268.45654296875	73.378173828125	1.6906794309616089	1.6906794309616089
51	332.32611083984375	21.141740798950195	21.141740798950195	19.641698837280273
52	283.7027587890625	105.53109741210938	105.53109741210938	105.53109741210938
53	292.4931945800781	121.83238220214844	58.273780822753906	58.273780822753906
54	243.5308074951172	47.38494110107422	3.3268911838531494	3.3268911838531494
55	352.2669372558594	29.1309814453125	29.1309814453125	29.1309814453125
56	189.15802001953125	39.87282180786133	39.87282180786133	39.87282180786133
57	256.9933776855469	85.25496673583984	7.538183212280273	7.538183212280273
58	269.510009765625	53.73732376098633	0.24152563512325287	0.24152563512325287
59	300.8722229003906	99.33153533935547	71.341796875	71.341796875
60	252.69052124023438	68.83480834960938	55.79241943359375	55.79241943359375
61	304.119140625	91.65684509277344	16.783903121948242	16.783903121948242
62	277.9121398925781	84.05091857910156	0.0	0.0
63	291.7340393066406	73.89634704589844	47.68172073364258	47.68172073364258
64	271.8490295410156	50.13600540161133	50.13600540161133	50.13600540161133
65	254.5273895263672	10.868653297424316	1.2076281309127808	1.2076281309127808
66	271.1977844238281	99.99160766601563	5.072038173675537	5.072038173675537
67	337.595703125	131.35671997070313	93.74409484863281	93.74409484863281
68	271.9381408691406	28.15751075744629	11.571759223937988	11.571759223937988
69	209.79476928710938	4.588986873626709	3.3813588619232178	3.3813588619232178
70	252.00099182128906	58.207672119140625	1.932205080986023	1.932205080986023
71	248.84896850585938	78.28948211669922	31.277263641357422	31.277263641357422
72	348.4397277832031	78.95243835449219	8.578829765319824	8.578829765319824
73	248.3466796875	7.00424337387085	0.7245768904685974	0.7245768904685974
74	292.7254943847656	130.474365234375	76.70579528808594	76.70579528808594
75	284.6867980957031	151.48385620117188	9.781353950500488	9.781353950500488
76	211.40611267089844	48.75238800048828	27.015085220336914	27.015085220336914
77	312.394287109375	183.48825073242188	163.20008850097656	121.84969329833984
78	318.4625244140625	92.6869125366211	80.89200592041016	41.359588623046875
79	303.05938720703125	200.4331512451172	116.73397827148438	82.56072998046875
80	242.5325469970703	93.18814086914063	42.839683532714844	14.749561309814453
81	249.7615509033203	85.95924377441406	1.2076281309127808	1.2076281309127808
82	251.207763671875	47.631439208984375	19.614465713500977	15.02547836303711
83	208.17779541015625	55.828670501708984	6.7627177238464355	6.7627177238464355
84	279.03485107421875	53.74403762817383	53.52532196044922	53.52532196044922
85	262.03863525390625	3.857252836227417	3.857252836227417	3.857252836227417
86	252.04202270507813	57.96615219116211	0.0	0.0
87	248.26254272460938	10.222199440002441	7.565417289733887	7.565417289733887
88	329.6089172363281	102.43707275390625	50.319820404052734	50.319820404052734
89	213.3861541748047	0.0	0.0	0.0
90	279.31414794921875	18.114421844482422	0.0	0.0
91	301.87237548828125	127.09146118164063	85.04557800292969	85.04557800292969
92	321.3292236328125	138.62269592285156	60.570274353027344	60.570274353027344
93	288.943603515625	68.4747085571289	68.4747085571289	68.4747085571289
94	189.04141235351563	58.50973129272461	29.818283081054688	29.818283081054688
95	336.5044250488281	138.92605590820313	39.77665710449219	39.77665710449219
96	244.74371337890625	71.54220581054688	16.398693084716797	16.398693084716797
97	284.668212890625	66.28269958496094	1.3123059272766113	1.3123059272766113
98	335.33673095703125	185.13766479492188	1.6906794309616089	1.6906794309616089
99	186.97796630859375	74.29756164550781	30.487485885620117	30.487485885620117
100	320.8885498046875	122.57534790039063	48.42698287963867	48.42698287963867
101	185.42959594726563	63.70365524291992	53.26972961425781	53.26972961425781
102	197.4096221923828	49.71952438354492	15.544425010681152	15.544425010681152
