1	0.0	0.0	0.0	0.0
2	0.0	0.0	0.0	0.0
3	0.0	0.0	0.0	0.0
4	0.0	0.0	0.0	0.0
5	0.0	0.0	0.0	0.0
6	0.0	0.0	0.0	0.0
7	0.0	0.0	0.0	0.0
8	0.0	0.0	0.0	0.0
9	0.0	0.0	0.0	0.0
10	0.0	0.0	0.0	0.0
11	0.0	0.0	0.0	0.0
12	0.0	0.0	0.0	0.0
13	0.0	0.0	0.0	0.0
14	0.0	0.0	0.0	0.0
15	304.9814147949219	226.7205047607422	226.7205047607422	154.52890014648438
16	239.68804931640625	93.7105484008789	93.7105484008789	42.02406311035156
17	350.6443176269531	85.4173355102539	67.13407135009766	36.90950012207031
18	227.59825134277344	16.815204620361328	16.815204620361328	16.596485137939453
19	225.63339233398438	81.23764038085938	80.16618347167969	80.16618347167969
20	346.2136535644531	174.18585205078125	94.5712890625	69.56906127929688
21	218.73239135742188	33.77507019042969	1.5000427961349487	1.5000427961349487
22	187.1900634765625	61.048728942871094	45.999595642089844	45.999595642089844
23	281.3748474121094	24.99626350402832	20.89032745361328	20.89032745361328
24	280.80963134765625	170.91909790039063	72.46714782714844	72.46714782714844
25	316.86041259765625	67.86869812011719	0.0	0.0
26	237.59576416015625	54.826316833496094	12.3178071975708	12.076281547546387
27	249.52191162109375	0.0	0.0	0.0
28	183.06082153320313	38.62092971801758	38.62092971801758	8.358922958374023
29	330.36181640625	136.455322265625	43.9312744140625	13.155229568481445
30	249.88632202148438	16.04604721069336	0.0	0.0
31	282.32818603515625	21.26242446899414	21.26242446899414	15.028373718261719
32	336.4862365722656	95.89604187011719	65.69020080566406	22.810977935791016
33	285.5675964355469	89.61892700195313	54.54682159423828	54.54682159423828
34	277.5046691894531	34.009498596191406	2.1737306118011475	2.1737306118011475
35	330.1784973144531	125.84210968017578	121.77056884765625	112.59259033203125
36	317.91229248046875	163.7786407470703	147.41075134277344	137.34974670410156
37	188.00416564941406	30.746902465820313	19.749238967895508	19.749238967895508
38	262.462890625	135.9718017578125	38.20234298706055	38.20234298706055
39	330.2580871582031	152.35057067871094	22.331478118896484	22.331478118896484
40	216.89080810546875	59.03960418701172	13.157081604003906	13.157081604003906
41	287.1962890625	171.9591827392578	137.4414825439453	114.72654724121094
42	338.0063781738281	179.37962341308594	134.73365783691406	21.53492546081543
43	244.02435302734375	38.40712356567383	32.8520393371582	6.061796188354492
44	177.51832580566406	37.089073181152344	14.974589347839355	2.4152562618255615
45	210.47763061523438	77.79149627685547	57.514076232910156	32.84748458862305
46	186.93032836914063	46.04985809326172	15.005565643310547	14.568130493164063
47	207.37831115722656	36.45759582519531	0.0	0.0
48	244.302978515625	0.0	0.0	0.0
49	247.20603942871094	42.722801208496094	0.0	0.0
50	340.0338134765625	168.4734649658203	6.038140773773193	6.038140773773193
51	265.4755554199219	60.07145690917969	0.0	0.0
52	218.27503967285156	0.0	0.0	0.0
53	206.8908233642578	36.21453094482422	4.180480003356934	4.180480003356934
54	251.9344482421875	51.686485290527344	0.24152563512325287	0.24152563512325287
55	270.5218505859375	73.04609680175781	4.0514678955078125	4.0514678955078125
56	283.92999267578125	42.502140045166016	26.52487564086914	26.52487564086914
57	328.7944641113281	132.8468475341797	39.6716423034668	39.6716423034668
58	278.7010498046875	55.79241943359375	1.2076281309127808	1.2076281309127808
59	242.12847900390625	51.83417892456055	0.0	0.0
60	207.42050170898438	59.492393493652344	23.050291061401367	23.050291061401367
61	288.0823974609375	64.39683532714844	56.26667022705078	56.26667022705078
62	270.6793212890625	40.817832946777344	3.6228842735290527	3.6228842735290527
63	289.8037414550781	104.6444091796875	0.0	0.0
64	270.8421630859375	105.7557144165039	68.2716293334961	68.2716293334961
65	286.981689453125	46.87604904174805	46.87604904174805	46.87604904174805
66	200.9524383544922	0.0	0.0	0.0
67	187.58834838867188	28.244184494018555	4.285836696624756	4.285836696624756
68	254.5791778564453	59.704429626464844	50.91846466064453	50.91846466064453
69	207.14122009277344	17.765655517578125	17.765655517578125	17.765655517578125
70	209.70350646972656	1.932205080986023	0.48305127024650574	0.48305127024650574
71	334.50738525390625	183.70767211914063	180.80935668945313	180.80935668945313
72	264.7650451660156	118.03961181640625	118.03961181640625	118.03961181640625
73	243.3483428955078	72.32450866699219	72.32450866699219	72.32450866699219
74	314.1845397949219	202.8046875	202.8046875	181.0852508544922
75	293.7716369628906	103.26536560058594	103.26536560058594	46.417999267578125
76	247.91554260253906	147.44366455078125	102.20661926269531	64.63643646240234
77	338.65130615234375	184.58206176757813	150.08950805664063	43.50745391845703
78	266.6610412597656	66.03005981445313	0.0	0.0
79	268.974365234375	73.90684509277344	62.79666519165039	61.10598373413086
80	245.48048400878906	56.7357177734375	12.076281547546387	12.076281547546387
81	331.7112731933594	83.69585418701172	34.905982971191406	34.905982971191406
82	290.3633728027344	0.0	0.0	0.0
83	277.4588623046875	49.75428009033203	1.4491537809371948	1.4491537809371948
84	284.30694580078125	18.14471435546875	18.14471435546875	18.14471435546875
85	280.22576904296875	36.65385055541992	36.65385055541992	36.65385055541992
86	207.05133056640625	5.041225910186768	5.041225910186768	5.041225910186768
87	276.31866455078125	6.279666423797607	6.279666423797607	6.279666423797607
88	335.91912841796875	45.55571365356445	45.55571365356445	45.55571365356445
89	261.0054016113281	113.09563446044922	113.09563446044922	113.09563446044922
90	249.98228454589844	42.14094161987305	41.283775329589844	41.283775329589844
91	293.1459045410156	164.76043701171875	164.76043701171875	164.76043701171875
92	282.77239990234375	139.98065185546875	40.969268798828125	40.969268798828125
93	280.2366943359375	8.211871147155762	0.0	0.0
94	258.5013122558594	53.83363342285156	53.39619445800781	53.39619445800781
95	289.2206115722656	153.60208129882813	135.6794891357422	135.6794891357422
96	274.8989562988281	108.55236053466797	11.017742156982422	11.017742156982422
97	276.3358154296875	42.26698684692383	2.6567819118499756	2.6567819118499756
98	179.58071899414063	44.62940979003906	44.62940979003906	44.62940979003906
99	323.626220703125	217.01129150390625	144.24761962890625	144.24761962890625
100	248.22576904296875	66.9664077758789	11.17398738861084	11.17398738861084
101	235.32659912109375	122.94119262695313	18.029142379760742	18.029142379760742
102	256.9503173828125	36.44226837158203	12.048179626464844	12.048179626464844
103	197.02626037597656	73.0151138305664	7.432826995849609	7.432826995849609
104	286.1701965332031	170.54095458984375	54.73332977294922	54.73332977294922
105	184.01431274414063	0.9432945251464844	0.21871766448020935	0.21871766448020935
106	189.0322265625	53.11570358276367	22.392250061035156	22.392250061035156
107	240.2273406982422	109.9986572265625	22.174741744995117	22.174741744995117
108	271.04730224609375	47.643165588378906	45.0716667175293	45.0716667175293
109	227.8067626953125	119.29795837402344	95.8699722290039	95.8699722290039
110	263.6661071777344	119.976318359375	92.67716979980469	92.67716979980469
111	272.24371337890625	125.12776947021484	39.6276969909668	39.6276969909668
112	288.7139587402344	111.09368896484375	54.043643951416016	54.043643951416016
113	206.0522003173828	66.45867919921875	66.45867919921875	66.45867919921875
114	243.1976318359375	132.02154541015625	90.91844940185547	90.91844940185547
115	280.9207458496094	135.16629028320313	0.48305127024650574	0.48305127024650574
116	279.15826416015625	102.748779296875	78.92301940917969	78.92301940917969
117	238.02247619628906	124.24540710449219	94.56056213378906	89.24700164794922
118	271.5121765136719	219.85089111328125	219.85089111328125	219.85089111328125
119	0.0	0.0	0.0	0.0
120	0.0	0.0	0.0	0.0
121	0.0	0.0	0.0	0.0
122	0.0	0.0	0.0	0.0
123	0.0	0.0	0.0	0.0
124	0.0	0.0	0.0	0.0
125	0.0	0.0	0.0	0.0
126	0.0	0.0	0.0	0.0
127	0.0	0.0	0.0	0.0
128	0.0	0.0	0.0	0.0
129	0.0	0.0	0.0	0.0
130	0.0	0.0	0.0	0.0
