1	0.0	0.0	0.0	0.0
2	0.0	0.0	0.0	0.0
3	0.0	0.0	0.0	0.0
4	0.0	0.0	0.0	0.0
5	0.0	0.0	0.0	0.0
6	0.0	0.0	0.0	0.0
7	0.0	0.0	0.0	0.0
8	0.0	0.0	0.0	0.0
9	0.0	0.0	0.0	0.0
10	0.0	0.0	0.0	0.0
11	0.0	0.0	0.0	0.0
12	0.0	0.0	0.0	0.0
13	0.0	0.0	0.0	0.0
14	0.0	0.0	0.0	0.0
15	0.0	0.0	0.0	0.0
16	0.0	0.0	0.0	0.0
17	0.0	0.0	0.0	0.0
18	0.0	0.0	0.0	0.0
19	0.0	0.0	0.0	0.0
20	0.0	0.0	0.0	0.0
21	0.0	0.0	0.0	0.0
22	0.0	0.0	0.0	0.0
23	0.0	0.0	0.0	0.0
24	0.0	0.0	0.0	0.0
25	0.0	0.0	0.0	0.0
26	0.0	0.0	0.0	0.0
27	0.0	0.0	0.0	0.0
28	0.0	0.0	0.0	0.0
29	0.0	0.0	0.0	0.0
30	0.0	0.0	0.0	0.0
31	0.0	0.0	0.0	0.0
32	0.0	0.0	0.0	0.0
33	0.0	0.0	0.0	0.0
34	0.0	0.0	0.0	0.0
35	0.0	0.0	0.0	0.0
36	0.0	0.0	0.0	0.0
37	312.6929931640625	203.9423370361328	203.9423370361328	130.30340576171875
38	240.4915008544922	121.95831298828125	121.95831298828125	115.43711853027344
39	291.6629638671875	114.76204681396484	114.76204681396484	14.736788749694824
40	330.9858093261719	199.68324279785156	199.68324279785156	93.08538818359375
41	331.4580383300781	130.19476318359375	130.19476318359375	14.293744087219238
42	335.135498046875	180.92276000976563	180.92276000976563	98.25631713867188
43	235.3896942138672	142.2838897705078	141.64102172851563	38.050716400146484
44	188.80279541015625	40.448638916015625	24.565996170043945	9.90255069732666
45	244.1275634765625	56.84185791015625	56.84185791015625	30.61874008178711
46	255.38473510742188	53.13563919067383	53.13563919067383	17.872896194458008
47	208.5503692626953	55.68977737426758	9.915996551513672	0.48305127024650574
48	284.9614562988281	90.44479370117188	4.588986873626709	4.588986873626709
49	338.4524841308594	109.92852783203125	109.92852783203125	57.076454162597656
50	292.703857421875	93.09648895263672	37.73683166503906	32.80812072753906
51	277.9250793457031	89.71578979492188	0.0	0.0
52	346.9797668457031	156.78890991210938	113.95054626464844	103.67081451416016
53	349.9630126953125	123.12919616699219	123.12919616699219	122.47303771972656
54	340.2186584472656	97.11634826660156	17.201391220092773	17.201391220092773
55	289.3861083984375	164.45716857910156	4.990673542022705	4.990673542022705
56	314.406494140625	154.02383422851563	136.77154541015625	112.68451690673828
57	230.76499938964844	42.04414367675781	24.043628692626953	24.043628692626953
58	241.7870330810547	127.50447082519531	28.192914962768555	28.192914962768555
59	269.9287109375	78.110595703125	66.34104919433594	66.34104919433594
60	285.59619140625	34.03584289550781	29.60651206970215	29.60651206970215
61	279.2513427734375	102.12815856933594	4.612642288208008	4.612642288208008
62	276.6878356933594	69.28346252441406	4.313070297241211	4.098778247833252
63	337.9704895019531	172.2519989013672	107.06767272949219	31.424028396606445
64	297.66888427734375	97.9783706665039	97.9783706665039	79.36336517333984
65	275.1968078613281	96.1769027709961	96.1769027709961	50.847869873046875
66	238.694091796875	43.91253662109375	15.403173446655273	1.63621187210083
67	302.5062255859375	20.70277976989746	0.0	0.0
68	278.7389221191406	57.66891098022461	57.66891098022461	57.66891098022461
69	340.38623046875	135.59593200683594	84.87828826904297	66.72472381591797
70	279.2581481933594	80.91108703613281	0.9661025404930115	0.9661025404930115
71	241.9326629638672	15.317892074584961	0.24152563512325287	0.24152563512325287
72	331.8744201660156	94.40330505371094	62.589500427246094	39.79724884033203
73	288.06671142578125	103.4573974609375	29.497726440429688	29.497726440429688
74	273.6004333496094	90.46318054199219	6.412257194519043	6.412257194519043
75	206.307861328125	15.124882698059082	0.7245768904685974	0.7245768904685974
76	293.98052978515625	119.49955749511719	87.53768920898438	87.53768920898438
77	269.4859313964844	130.63552856445313	130.63552856445313	130.63552856445313
78	313.2751159667969	186.818359375	86.9356918334961	86.9356918334961
79	296.2851257324219	122.86776733398438	82.61196899414063	82.61196899414063
80	243.55601501464844	87.402587890625	87.402587890625	87.402587890625
81	254.580810546875	140.7700653076172	104.72390747070313	99.36662292480469
82	278.1870422363281	87.68038940429688	31.64644432067871	30.789278030395508
83	337.0331115722656	213.9599609375	155.22998046875	25.102832794189453
84	314.6519470214844	56.836265563964844	25.43793487548828	5.687679767608643
85	288.0372314453125	145.9188232421875	72.51058197021484	44.412933349609375
86	221.46788024902344	85.22373962402344	85.22373962402344	67.8756103515625
87	218.07376098632813	75.01785278320313	42.33655548095703	42.33655548095703
88	209.9622344970703	38.44035339355469	0.0	0.0
89	248.885498046875	5.555089473724365	5.555089473724365	5.555089473724365
90	284.86663818359375	63.44181823730469	50.640960693359375	50.640960693359375
91	212.62838745117188	69.4363021850586	0.0	0.0
92	277.4661865234375	74.09390258789063	2.6023144721984863	2.6023144721984863
93	297.5135498046875	1.9286264181137085	1.9286264181137085	1.9286264181137085
94	277.06787109375	102.92091369628906	22.527873992919922	22.527873992919922
95	211.25157165527344	65.32951354980469	4.90863561630249	4.90863561630249
96	233.14991760253906	53.42095947265625	0.25735923647880554	0.25735923647880554
97	286.48040771484375	21.960939407348633	7.647119045257568	7.647119045257568
98	201.43106079101563	66.7898941040039	36.14695358276367	36.14695358276367
99	322.84173583984375	89.97635650634766	10.53826904296875	10.53826904296875
100	273.5736999511719	67.6271743774414	1.2076281309127808	1.2076281309127808
101	243.2391815185547	66.57937622070313	7.004242897033691	7.004242897033691
102	184.24240112304688	18.428964614868164	18.428964614868164	18.428964614868164
103	269.7179870605469	13.525435447692871	4.588986873626709	4.588986873626709
104	320.09112548828125	92.44627380371094	4.105935573577881	4.105935573577881
105	284.9839172363281	108.71837615966797	72.52088928222656	72.52088928222656
106	259.896728515625	49.7264404296875	22.500642776489258	22.500642776489258
107	240.08529663085938	0.0	0.0	0.0
108	256.18035888671875	69.08582305908203	4.834596633911133	4.834596633911133
109	276.609375	120.13285827636719	23.2065372467041	23.2065372467041
110	247.1836700439453	26.454418182373047	0.0	0.0
111	214.49200439453125	0.0	0.0	0.0
112	265.01361083984375	93.77217102050781	38.70433044433594	38.70433044433594
113	288.4276123046875	163.29034423828125	28.79140281677246	28.79140281677246
114	201.33676147460938	47.252349853515625	18.728668212890625	18.728668212890625
115	300.43701171875	180.15524291992188	175.32472229003906	135.85189819335938
116	325.1587219238281	49.591209411621094	47.22514724731445	17.17129135131836
117	247.48793029785156	122.12921142578125	42.67224884033203	27.775447845458984
118	243.1613006591797	79.33946990966797	20.3756160736084	1.6906794309616089
119	275.8286437988281	71.82412719726563	0.0	0.0
120	303.961669921875	76.30601501464844	64.71278381347656	26.896305084228516
121	240.22512817382813	77.39798736572266	23.186460494995117	23.186460494995117
122	295.462646484375	110.83574676513672	87.68009185791016	87.1970443725586
123	256.5455017089844	4.098778247833252	0.0	0.0
124	277.30535888671875	54.343265533447266	3.6228842735290527	3.6228842735290527
125	298.13446044921875	97.45014190673828	77.92929077148438	77.92929077148438
126	269.9210510253906	80.33680725097656	13.19267749786377	13.19267749786377
127	214.70611572265625	5.578744888305664	0.0	0.0
128	341.3960876464844	65.53871154785156	31.276626586914063	31.276626586914063
129	342.68780517578125	137.62974548339844	85.33970642089844	85.33970642089844
130	269.32891845703125	130.2920379638672	9.428840637207031	9.428840637207031
131	338.42767333984375	89.0457763671875	64.04642486572266	64.04642486572266
132	185.00254821777344	57.516883850097656	55.15967559814453	55.15967559814453
133	290.3099060058594	66.50779724121094	66.50779724121094	66.50779724121094
134	312.6841735839844	115.84734344482422	115.84734344482422	115.84734344482422
135	219.0919647216797	104.92259216308594	104.0654296875	104.0654296875
