1	0.0	0.0	0.0	0.0
2	0.0	0.0	0.0	0.0
3	0.0	0.0	0.0	0.0
4	0.0	0.0	0.0	0.0
5	0.0	0.0	0.0	0.0
6	0.0	0.0	0.0	0.0
7	0.0	0.0	0.0	0.0
8	0.0	0.0	0.0	0.0
9	0.0	0.0	0.0	0.0
10	0.0	0.0	0.0	0.0
11	0.0	0.0	0.0	0.0
12	0.0	0.0	0.0	0.0
13	0.0	0.0	0.0	0.0
14	0.0	0.0	0.0	0.0
15	0.0	0.0	0.0	0.0
16	0.0	0.0	0.0	0.0
17	0.0	0.0	0.0	0.0
18	0.0	0.0	0.0	0.0
19	328.80133056640625	236.6732177734375	200.1473846435547	159.58572387695313
20	304.17596435546875	147.0404052734375	147.0404052734375	147.0404052734375
21	248.3304443359375	98.63894653320313	98.63894653320313	98.63894653320313
22	277.93463134765625	123.41136169433594	34.441959381103516	34.441959381103516
23	329.6792907714844	181.36288452148438	178.22305297851563	178.22305297851563
24	259.8072204589844	111.38520812988281	103.39732360839844	103.39732360839844
25	266.02606201171875	94.28475952148438	15.354467391967773	15.354467391967773
26	270.9879150390625	50.988800048828125	31.63985824584961	31.63985824584961
27	286.1446838378906	69.04119110107422	69.04119110107422	63.469600677490234
28	182.0121612548828	52.081146240234375	15.599250793457031	15.599250793457031
29	268.69110107421875	51.4449577331543	0.7245768904685974	0.7245768904685974
30	240.95028686523438	43.433067321777344	25.62179183959961	1.394686222076416
31	310.7945251464844	119.33049774169922	119.33049774169922	110.75897216796875
32	236.7012939453125	45.889869689941406	45.889869689941406	9.661025047302246
33	210.93702697753906	25.356613159179688	1.2076281309127808	1.2076281309127808
34	264.29498291015625	6.681016445159912	0.7245768904685974	0.7245768904685974
35	322.7880554199219	80.2220687866211	52.72679138183594	52.72679138183594
36	334.1639404296875	122.14930725097656	36.43989562988281	17.19274139404297
37	280.1161804199219	114.46611022949219	0.24152563512325287	0.24152563512325287
38	210.31796264648438	25.729202270507813	0.7245768904685974	0.7245768904685974
39	339.64105224609375	99.60586547851563	16.18510627746582	4.155635833740234
40	352.3433837890625	225.6348876953125	14.887099266052246	14.887099266052246
41	182.27035522460938	66.0836410522461	7.126097679138184	7.126097679138184
42	189.85450744628906	69.64763641357422	3.3541250228881836	3.3541250228881836
43	254.6668243408203	63.21809005737305	0.0	0.0
44	301.4376525878906	174.89651489257813	42.15802764892578	32.64067077636719
45	346.4189147949219	228.23194885253906	148.03102111816406	23.3490047454834
46	278.5141906738281	38.044063568115234	30.128189086914063	1.85050368309021
47	210.98922729492188	70.2502212524414	20.67876625061035	6.993507385253906
48	184.93804931640625	60.24825668334961	60.24825668334961	37.84254837036133
49	280.2543640136719	140.51513671875	123.47576141357422	123.47576141357422
50	278.7341003417969	77.2882080078125	0.9661025404930115	0.9661025404930115
51	335.53350830078125	27.029399871826172	27.029399871826172	19.529186248779297
52	289.9244079589844	108.31926727294922	108.31926727294922	108.31926727294922
53	295.2440490722656	139.69248962402344	59.101661682128906	59.101661682128906
54	246.63575744628906	50.93412780761719	5.874737739562988	5.874737739562988
55	350.15399169921875	22.743064880371094	22.743064880371094	22.743064880371094
56	191.72100830078125	40.20115280151367	40.20115280151367	40.20115280151367
57	259.41864013671875	104.25379943847656	14.998244285583496	14.998244285583496
58	269.856689453125	58.9322509765625	0.7245768904685974	0.7245768904685974
59	299.8424377441406	98.816650390625	80.94375610351563	80.94375610351563
60	254.85658264160156	85.98312377929688	64.97039794921875	64.97039794921875
61	307.0184631347656	91.16051483154297	22.08418846130371	22.08418846130371
62	277.9147033691406	76.32209777832031	0.0	0.0
63	300.6280822753906	76.79228210449219	50.74700927734375	50.74700927734375
64	258.46197509765625	52.392303466796875	52.392303466796875	52.392303466796875
65	248.9217529296875	11.11017894744873	1.4491537809371948	1.4491537809371948
66	284.6136169433594	85.50007629394531	3.622884511947632	3.622884511947632
67	337.1763000488281	134.34593200683594	98.89375305175781	98.89375305175781
68	268.56134033203125	34.321083068847656	17.143346786499023	17.143346786499023
69	212.89254760742188	2.6567819118499756	2.1737306118011475	2.1737306118011475
70	248.7515411376953	43.71614074707031	5.313563823699951	5.313563823699951
71	245.3876190185547	83.46688079833984	28.515127182006836	28.515127182006836
72	345.91448974609375	87.88172149658203	7.85425329208374	7.85425329208374
73	251.23902893066406	4.347461223602295	0.9661025404930115	0.9661025404930115
74	299.78436279296875	136.9567413330078	95.38272857666016	95.38272857666016
75	295.0611572265625	162.6757354736328	9.211328506469727	9.211328506469727
76	208.2994842529297	52.58599090576172	27.467323303222656	27.467323303222656
77	312.15362548828125	180.7000732421875	151.90065002441406	130.09918212890625
78	334.9855041503906	91.03231048583984	85.38105773925781	51.900230407714844
79	298.3157043457031	191.9947509765625	123.72476196289063	88.85504150390625
80	238.96292114257813	84.04981994628906	43.36240005493164	10.701671600341797
81	247.00625610351563	64.74873352050781	0.48305127024650574	0.48305127024650574
82	247.44476318359375	47.89662170410156	26.428070068359375	21.597558975219727
83	204.06536865234375	43.55630874633789	5.313563823699951	5.313563823699951
84	288.6072082519531	57.7987060546875	57.7987060546875	57.7987060546875
85	254.96560668945313	4.285836696624756	4.285836696624756	4.285836696624756
86	250.34519958496094	44.199188232421875	0.24152563512325287	0.24152563512325287
87	249.55697631835938	19.10417938232422	18.379602432250977	18.379602432250977
88	337.0596008300781	109.8770523071289	47.69743347167969	47.69743347167969
89	210.2274169921875	0.0	0.0	0.0
90	285.0816345214844	15.699165344238281	0.0	0.0
91	296.8534240722656	120.80259704589844	89.8990707397461	89.8990707397461
92	323.5470275878906	157.9678955078125	74.69840240478516	74.69840240478516
93	277.5760498046875	73.11531066894531	73.11531066894531	73.11531066894531
94	181.89404296875	60.269683837890625	35.006900787353516	35.006900787353516
95	330.2214050292969	131.83279418945313	53.38260269165039	53.38260269165039
96	249.3294677734375	78.94966888427734	19.53494644165039	19.53494644165039
97	279.0428466796875	69.61007690429688	8.188026428222656	8.188026428222656
98	334.35784912109375	201.80648803710938	4.105935573577881	4.105935573577881
99	189.23326110839844	70.7623519897461	26.57576560974121	26.57576560974121
100	310.4580078125	108.16193389892578	30.55408477783203	30.55408477783203
101	189.32345581054688	51.19708251953125	39.3126220703125	39.3126220703125
102	202.38990783691406	129.76849365234375	93.98177337646484	93.98177337646484
