1	0.0	0.0	0.0	0.0
2	0.0	0.0	0.0	0.0
3	0.0	0.0	0.0	0.0
4	0.0	0.0	0.0	0.0
5	0.0	0.0	0.0	0.0
6	0.0	0.0	0.0	0.0
7	0.0	0.0	0.0	0.0
8	0.0	0.0	0.0	0.0
9	0.0	0.0	0.0	0.0
10	0.0	0.0	0.0	0.0
11	0.0	0.0	0.0	0.0
12	0.0	0.0	0.0	0.0
13	0.0	0.0	0.0	0.0
14	0.0	0.0	0.0	0.0
15	0.0	0.0	0.0	0.0
16	0.0	0.0	0.0	0.0
17	0.0	0.0	0.0	0.0
18	0.0	0.0	0.0	0.0
19	0.0	0.0	0.0	0.0
20	0.0	0.0	0.0	0.0
21	0.0	0.0	0.0	0.0
22	0.0	0.0	0.0	0.0
23	0.0	0.0	0.0	0.0
24	0.0	0.0	0.0	0.0
25	0.0	0.0	0.0	0.0
26	0.0	0.0	0.0	0.0
27	0.0	0.0	0.0	0.0
28	0.0	0.0	0.0	0.0
29	0.0	0.0	0.0	0.0
30	0.0	0.0	0.0	0.0
31	0.0	0.0	0.0	0.0
32	0.0	0.0	0.0	0.0
33	323.45867919921875	268.5391540527344	268.5391540527344	197.1170654296875
34	290.507568359375	180.24545288085938	180.24545288085938	153.8732452392578
35	287.0254211425781	177.30593872070313	90.82884979248047	66.39018249511719
36	209.4651641845703	53.82051086425781	45.400657653808594	36.11529541015625
37	328.9842224121094	79.73147583007813	9.041805267333984	9.041805267333984
38	229.68246459960938	35.61180877685547	35.61180877685547	35.37028121948242
39	277.0772705078125	107.73013305664063	107.73013305664063	53.86991500854492
40	329.28887939453125	114.01598358154297	35.85909652709961	3.8880653381347656
41	249.28396606445313	19.587230682373047	0.48305127024650574	0.48305127024650574
42	326.2746887207031	112.26150512695313	112.26150512695313	64.19710540771484
43	318.3968505859375	122.18182373046875	87.77642822265625	77.2779769897461
44	255.66319274902344	74.14836883544922	2.6567819118499756	2.6567819118499756
45	280.5961608886719	27.246780395507813	0.7245768904685974	0.7245768904685974
46	304.64794921875	67.78357696533203	67.78357696533203	67.78357696533203
47	292.72149658203125	136.96804809570313	108.08221435546875	108.08221435546875
48	259.8892822265625	87.57997131347656	45.69425964355469	45.69425964355469
49	305.12945556640625	96.1370620727539	25.596439361572266	25.596439361572266
50	238.0020294189453	90.29122161865234	90.29122161865234	90.29122161865234
51	262.9559020996094	133.71189880371094	116.35426330566406	116.35426330566406
52	241.03285217285156	51.4199104309082	8.384614944458008	8.384614944458008
53	185.82791137695313	56.801551818847656	19.38111114501953	10.20313835144043
54	271.5960693359375	59.710384368896484	31.519975662231445	6.75998592376709
55	222.92575073242188	67.70730590820313	27.043712615966797	14.00132942199707
56	232.2495574951172	111.48596954345703	111.48596954345703	78.93757629394531
57	310.5383605957031	176.08135986328125	146.94203186035156	145.4110107421875
58	211.93292236328125	31.80870246887207	0.0	0.0
59	282.1776123046875	24.63561248779297	24.63561248779297	24.63561248779297
60	189.96871948242188	36.30950927734375	22.066654205322266	22.066654205322266
61	275.56158447265625	107.85302734375	9.661025047302246	9.661025047302246
62	287.00994873046875	67.2702865600586	3.088310718536377	3.088310718536377
63	277.5734558105469	27.3247127532959	27.3247127532959	27.3247127532959
64	225.98367309570313	76.69287872314453	0.42858365178108215	0.42858365178108215
65	310.5477294921875	109.53858947753906	6.279665946960449	6.279665946960449
66	253.06787109375	43.95408630371094	1.4491537809371948	1.4491537809371948
67	269.68072509765625	85.85113525390625	69.72457885742188	69.72457885742188
68	259.9285888671875	66.81160736083984	13.992646217346191	13.992646217346191
69	267.3951416015625	42.02545928955078	3.3813588619232178	3.3813588619232178
70	310.4429016113281	133.31788635253906	16.665267944335938	16.665267944335938
71	272.1449890136719	116.68429565429688	79.71218872070313	79.71218872070313
72	356.9226379394531	113.78884887695313	63.24225616455078	63.24225616455078
73	275.275634765625	26.809345245361328	0.7245768904685974	0.7245768904685974
74	216.07119750976563	35.30937194824219	0.0	0.0
75	191.0481719970703	13.066039085388184	8.960103988647461	8.960103988647461
76	284.71502685546875	30.912490844726563	4.95594596862793	4.95594596862793
77	209.15512084960938	0.0	0.0	0.0
78	224.33843994140625	46.92414855957031	15.432589530944824	15.432589530944824
79	344.96087646484375	115.02218627929688	115.02218627929688	115.02218627929688
80	279.1584167480469	29.411659240722656	0.0	0.0
81	213.3236846923828	5.313563823699951	2.1737306118011475	2.1737306118011475
82	295.81585693359375	134.4614715576172	63.95710372924805	63.95710372924805
83	337.5991516113281	142.96109008789063	65.87565612792969	65.87565612792969
84	266.36083984375	87.92237854003906	35.12551498413086	35.12551498413086
85	307.7945861816406	179.6939697265625	179.6939697265625	174.5509796142578
86	335.50701904296875	140.94708251953125	140.7327880859375	80.65675354003906
87	225.30691528320313	122.65077209472656	41.70371627807617	17.208059310913086
88	239.0652618408203	75.80326843261719	32.350120544433594	10.191387176513672
89	264.31536865234375	90.95995330810547	2.1737306118011475	2.1737306118011475
90	240.52224731445313	58.08800506591797	46.73630142211914	46.73630142211914
91	218.33114624023438	68.48902893066406	28.978759765625	28.978759765625
92	335.538330078125	165.39346313476563	89.13248443603516	89.13248443603516
93	281.3658142089844	23.922561645507813	11.14317512512207	11.14317512512207
94	271.7895812988281	66.41954803466797	0.0	0.0
95	272.9276428222656	68.91709899902344	51.94715881347656	51.94715881347656
96	234.20919799804688	45.57101058959961	15.912062644958496	15.912062644958496
97	209.73023986816406	0.0	0.0	0.0
98	251.5237274169922	19.080524444580078	0.0	0.0
99	326.1915283203125	102.55677032470703	91.04524230957031	91.04524230957031
100	270.18280029296875	99.55308532714844	12.21463394165039	12.21463394165039
101	280.14410400390625	63.311317443847656	41.108848571777344	41.108848571777344
102	275.09674072265625	45.60679626464844	12.034733772277832	12.034733772277832
103	226.284912109375	82.14237213134766	20.046627044677734	20.046627044677734
104	185.51742553710938	44.6400260925293	41.13117980957031	41.13117980957031
105	277.91656494140625	120.52371215820313	96.0753173828125	96.0753173828125
106	290.6641540527344	114.39309692382813	5.555089473724365	5.555089473724365
107	209.81671142578125	4.830512523651123	4.830512523651123	4.830512523651123
108	309.8753662109375	105.2042236328125	105.2042236328125	105.2042236328125
109	295.7366943359375	114.2017822265625	83.83798217773438	83.83798217773438
110	215.112060546875	34.65813446044922	0.0	0.0
111	245.42941284179688	23.989160537719727	15.699166297912598	15.699166297912598
112	230.54168701171875	51.09971237182617	51.09971237182617	51.09971237182617
113	290.1611328125	110.12653350830078	60.51557159423828	60.51557159423828
114	189.25962829589844	38.51763153076172	0.0	0.0
115	250.99716186523438	61.145591735839844	53.198055267333984	53.198055267333984
116	312.4519958496094	113.01406860351563	113.01406860351563	113.01406860351563
117	220.63140869140625	68.31906127929688	4.060319900512695	4.060319900512695
118	252.39962768554688	69.7464370727539	27.479454040527344	27.479454040527344
119	245.8597869873047	82.07473754882813	82.07473754882813	82.07473754882813
120	306.236328125	158.9498748779297	112.74018859863281	112.74018859863281
121	320.60235595703125	173.28164672851563	36.42742919921875	36.42742919921875
122	242.6658172607422	99.569580078125	99.569580078125	99.569580078125
123	234.300048828125	99.40458679199219	99.40458679199219	99.40458679199219
124	209.76974487304688	129.73306274414063	102.0880126953125	102.0880126953125
125	0.0	0.0	0.0	0.0
