0 1
1 1
2 0
3 1
4 0
5 1
6 0
7 1
8 0
9 0
10 0
11 1
12 0
13 0
14 1
15 1
16 2
17 1
18 0
19 1
20 0
21 0
22 0
23 0
24 0
25 1
26 0
27 0
28 2
29 0
30 1
31 0
32 1
33 1
34 0
35 1
36 0
37 1
38 1
39 0
40 0
41 0
42 1
43 1
44 0
45 1
46 0
47 1
48 1
49 0
50 1
51 1
52 0
53 1
54 1
55 0
56 0
57 1
58 1
59 1
60 1
61 0
62 0
63 1
64 2
65 0
66 0
67 1
68 1
69 0
70 0
71 1
72 1
73 1
74 1
75 1
76 0
77 0
78 1
79 2
80 0
81 0
82 0
83 2
84 0
85 0
86 0
87 1
88 1
89 0
90 0
91 0
92 0
93 1
94 1
95 1
96 3
97 0
98 0
99 1
100 1
101 1
102 1
103 1
104 0
105 0
106 0
107 0
108 0
109 2
110 1
111 0
112 0
113 0
114 1
115 1
116 0
117 1
118 1
119 1
120 0
121 0
122 0
123 0
124 0
125 0
126 1
127 0
128 0
129 0
130 0
131 1
132 0
133 2
134 0
135 0
136 0
137 0
138 1
139 0
140 0
141 0
142 1
143 2
144 0
145 0
146 0
147 1
148 0
149 0
150 2
151 0
152 0
153 0
154 0
155 0
156 0
157 0
158 0
159 0
160 0
161 0
162 0
163 0
164 0
165 0
166 1
167 0
168 0
169 1
170 1
171 0
172 0
173 0
174 1
175 0
176 0
177 0
178 0
179 0
180 1
181 0
182 0
183 2
184 0
185 0
186 1
187 1
188 0
189 1
190 0
191 0
192 1
193 0
194 0
195 0
196 0
197 0
198 0
199 0
200 1
201 0
202 1
203 1
204 0
205 0
206 0
207 2
208 1
209 0
210 0
211 1
212 0
213 0
214 0
215 0
216 1
217 1
218 1
219 2
220 0
221 0
222 1
223 1
224 0
225 0
226 0
227 1
228 1
229 2
230 0
231 1
232 0
233 0
234 0
235 0
236 1
237 1
238 0
239 1
240 1
241 1
242 1
243 1
244 1
245 0
246 0
247 1
248 1
249 0
250 0
251 0
252 0
253 1
254 2
255 0
256 0
257 1
258 0
259 1
260 0
261 1
262 0
263 1
264 0
265 0
266 0
267 1
268 0
269 0
270 0
271 0
272 1
273 1
274 1
275 2
276 0
277 0
278 1
279 1
280 1
281 0
282 1
283 0
284 1
285 0
286 0
287 0
288 0
289 0
290 0
291 0
292 0
293 1
294 1
295 1
296 1
297 0
298 0
299 0
