#Res             RMSF
 377.000       2.7665
 378.000       2.0210
 379.000       1.5454
 380.000       0.8974
 381.000       0.6479
 382.000       0.6163
 383.000       0.4972
 384.000       0.5413
 385.000       0.5601
 386.000       0.4925
 387.000       0.4153
 388.000       0.4181
 389.000       0.4868
 390.000       0.4430
 391.000       0.3830
 392.000       0.4646
 393.000       0.5049
 394.000       0.4355
 395.000       0.4526
 396.000       0.5493
 397.000       0.5815
 398.000       0.5907
 399.000       0.5481
 400.000       0.4727
 401.000       0.4272
 402.000       0.4264
 403.000       0.5139
 404.000       0.5145
 405.000       0.5071
 406.000       0.5096
 407.000       0.4071
 408.000       0.4132
 409.000       0.4366
 410.000       0.4055
 411.000       0.3652
 412.000       0.4303
 413.000       0.4415
 414.000       0.4922
 415.000       0.4875
 416.000       0.6184
 417.000       0.8270
 418.000       0.6763
 419.000       0.6829
 420.000       0.8264
 421.000       0.9816
 422.000       0.6103
 423.000       0.6600
 424.000       0.5821
 425.000       0.6010
 426.000       0.6410
 427.000       0.4991
 428.000       0.3988
 429.000       0.3867
 430.000       0.4099
 431.000       0.3965
 432.000       0.3592
 433.000       0.3540
 434.000       0.3583
 435.000       0.3887
 436.000       0.3896
 437.000       0.3784
 438.000       0.3869
 439.000       0.4071
 440.000       0.4007
 441.000       0.3752
 442.000       0.3977
 443.000       0.3721
 444.000       0.3190
 445.000       0.3691
 446.000       0.3940
 447.000       0.3374
 448.000       0.3501
 449.000       0.4246
 450.000       0.4110
 451.000       0.4137
 452.000       0.4302
 453.000       0.4621
 454.000       0.5429
 455.000       0.5576
 456.000       0.4689
 457.000       0.4655
 458.000       0.4103
 459.000       0.3515
 460.000       0.4149
 461.000       0.4159
 462.000       0.4179
 463.000       0.3487
 464.000       0.4222
 465.000       0.4855
 466.000       0.4425
 467.000       0.4471
 468.000       0.5639
 469.000       0.6035
 470.000       0.6001
 471.000       0.6649
 472.000       0.8172
 473.000       0.8024
 474.000       1.3438
 475.000       2.0109
