#Res             RMSF
 281.000       2.8100
 282.000       1.8142
 283.000       1.4650
 284.000       0.9585
 285.000       0.8726
 286.000       0.7110
 287.000       0.5640
 288.000       0.4980
 289.000       0.5658
 290.000       0.6667
 291.000       0.5624
 292.000       0.4640
 293.000       0.4684
 294.000       0.5093
 295.000       0.4524
 296.000       0.4341
 297.000       0.5351
 298.000       0.6142
 299.000       0.6090
 300.000       0.6446
 301.000       0.7984
 302.000       0.7629
 303.000       0.5838
 304.000       0.6018
 305.000       0.5159
 306.000       0.5678
 307.000       0.6448
 308.000       0.6903
 309.000       0.5406
 310.000       0.5225
 311.000       0.5986
 312.000       0.5119
 313.000       0.4276
 314.000       0.4673
 315.000       0.4929
 316.000       0.4416
 317.000       0.4099
 318.000       0.5047
 319.000       0.4684
 320.000       0.4279
 321.000       0.4032
 322.000       0.4673
 323.000       0.4666
 324.000       0.4112
 325.000       0.4398
 326.000       0.5082
 327.000       0.4390
 328.000       0.3717
 329.000       0.4257
 330.000       0.4170
 331.000       0.3695
 332.000       0.4361
 333.000       0.5099
 334.000       0.6006
 335.000       0.7251
 336.000       0.7320
 337.000       0.6290
 338.000       0.6445
 339.000       0.5499
 340.000       0.4631
 341.000       0.4757
 342.000       0.4578
 343.000       0.4242
 344.000       0.3580
 345.000       0.3673
 346.000       0.3866
 347.000       0.3643
 348.000       0.3617
 349.000       0.4141
 350.000       0.4867
 351.000       0.4682
 352.000       0.4798
 353.000       0.4342
 354.000       0.5524
 355.000       0.7821
 356.000       0.8005
 357.000       0.5549
 358.000       0.4894
 359.000       0.6199
 360.000       0.5390
 361.000       0.4441
 362.000       0.4382
 363.000       0.4866
 364.000       0.4601
 365.000       0.4215
 366.000       0.5024
 367.000       0.5328
 368.000       0.4386
 369.000       0.5083
 370.000       0.6432
 371.000       0.6146
 372.000       0.6083
 373.000       0.7979
 374.000       0.8898
 375.000       1.1270
 376.000       3.0221
