#Res             RMSF
   1.000       3.3616
   2.000       2.0175
   3.000       0.9869
   4.000       0.6474
   5.000       0.6678
   6.000       0.5009
   7.000       0.5293
   8.000       0.5255
   9.000       0.4927
  10.000       0.4433
  11.000       0.4638
  12.000       0.5040
  13.000       0.4374
  14.000       0.3929
  15.000       0.4536
  16.000       0.4710
  17.000       0.4414
  18.000       0.4541
  19.000       0.5261
  20.000       0.5557
  21.000       0.5750
  22.000       0.5603
  23.000       0.4873
  24.000       0.4315
  25.000       0.4388
  26.000       0.5226
  27.000       0.5034
  28.000       0.5215
  29.000       0.5127
  30.000       0.4239
  31.000       0.4463
  32.000       0.4798
  33.000       0.4785
  34.000       0.4079
  35.000       0.4278
  36.000       0.5219
  37.000       0.5027
  38.000       0.4877
  39.000       0.6078
  40.000       0.7821
  41.000       0.7071
  42.000       0.6657
  43.000       0.7701
  44.000       0.9312
  45.000       0.6055
  46.000       0.5730
  47.000       0.5525
  48.000       0.5936
  49.000       0.6803
  50.000       0.5630
  51.000       0.4760
  52.000       0.4221
  53.000       0.4604
  54.000       0.4532
  55.000       0.3935
  56.000       0.3594
  57.000       0.4024
  58.000       0.4118
  59.000       0.4091
  60.000       0.3857
  61.000       0.4113
  62.000       0.4134
  63.000       0.3884
  64.000       0.3797
  65.000       0.4482
  66.000       0.3788
  67.000       0.3485
  68.000       0.4300
  69.000       0.4642
  70.000       0.3883
  71.000       0.3925
  72.000       0.4565
  73.000       0.4268
  74.000       0.4103
  75.000       0.4666
  76.000       0.4940
  77.000       0.5399
  78.000       0.6011
  79.000       0.4856
  80.000       0.5127
  81.000       0.4206
  82.000       0.3701
  83.000       0.4332
  84.000       0.4718
  85.000       0.4403
  86.000       0.3852
  87.000       0.5222
  88.000       0.5717
  89.000       0.5180
  90.000       0.6257
  91.000       0.6756
  92.000       0.7448
  93.000       0.8446
  94.000       1.1024
  95.000       1.2431
  96.000       1.5512
  97.000       2.7909
