#Res             RMSF
 662.000       2.7302
 663.000       1.9068
 664.000       1.2111
 665.000       0.5470
 666.000       0.4145
 667.000       0.4122
 668.000       0.4921
 669.000       0.4535
 670.000       0.4185
 671.000       0.4281
 672.000       0.4622
 673.000       0.4656
 674.000       0.4628
 675.000       0.5921
 676.000       0.6533
 677.000       0.6174
 678.000       0.7333
 679.000       0.8859
 680.000       0.8182
 681.000       0.6081
 682.000       0.5424
 683.000       0.4632
 684.000       0.5024
 685.000       0.5517
 686.000       0.6260
 687.000       0.4647
 688.000       0.4004
 689.000       0.4907
 690.000       0.4535
 691.000       0.3845
 692.000       0.4011
 693.000       0.4156
 694.000       0.3995
 695.000       0.3901
 696.000       0.4096
 697.000       0.4293
 698.000       0.4212
 699.000       0.3676
 700.000       0.4401
 701.000       0.4570
 702.000       0.3856
 703.000       0.4336
 704.000       0.5197
 705.000       0.3963
 706.000       0.3803
 707.000       0.4547
 708.000       0.4466
 709.000       0.3926
 710.000       0.4654
 711.000       0.5358
 712.000       0.5741
 713.000       0.6283
 714.000       0.6794
 715.000       0.5970
 716.000       0.6877
 717.000       0.5628
 718.000       0.4403
 719.000       0.4347
 720.000       0.4163
 721.000       0.4084
 722.000       0.3406
 723.000       0.3535
 724.000       0.4058
 725.000       0.3569
 726.000       0.3589
 727.000       0.4256
 728.000       0.4512
 729.000       0.4436
 730.000       0.4960
 731.000       0.5266
 732.000       0.7043
 733.000       0.9960
 734.000       1.1856
 735.000       0.8506
 736.000       0.5671
 737.000       0.6715
 738.000       0.6575
 739.000       0.5753
 740.000       0.4853
 741.000       0.4903
 742.000       0.4889
 743.000       0.4448
 744.000       0.4710
 745.000       0.4827
 746.000       0.4381
 747.000       0.4948
 748.000       0.5375
 749.000       0.5340
 750.000       0.5207
 751.000       0.7191
 752.000       1.5313
 753.000       2.8547
