#Res             RMSF
 281.000       3.3689
 282.000       2.5580
 283.000       1.6428
 284.000       1.0853
 285.000       0.9944
 286.000       0.7401
 287.000       0.5627
 288.000       0.4823
 289.000       0.5411
 290.000       0.6248
 291.000       0.5497
 292.000       0.4747
 293.000       0.4906
 294.000       0.5376
 295.000       0.4709
 296.000       0.4593
 297.000       0.5778
 298.000       0.6521
 299.000       0.6536
 300.000       0.6433
 301.000       0.8520
 302.000       0.7717
 303.000       0.6033
 304.000       0.6124
 305.000       0.5181
 306.000       0.5820
 307.000       0.6700
 308.000       0.7169
 309.000       0.5553
 310.000       0.5414
 311.000       0.6283
 312.000       0.5391
 313.000       0.4350
 314.000       0.5012
 315.000       0.5699
 316.000       0.4726
 317.000       0.4102
 318.000       0.5243
 319.000       0.5029
 320.000       0.4235
 321.000       0.3878
 322.000       0.4732
 323.000       0.4658
 324.000       0.3931
 325.000       0.4309
 326.000       0.4911
 327.000       0.4177
 328.000       0.3703
 329.000       0.4325
 330.000       0.4324
 331.000       0.3929
 332.000       0.4765
 333.000       0.5558
 334.000       0.6335
 335.000       0.7728
 336.000       0.7795
 337.000       0.6387
 338.000       0.6244
 339.000       0.5428
 340.000       0.4520
 341.000       0.4778
 342.000       0.4808
 343.000       0.4516
 344.000       0.3784
 345.000       0.3737
 346.000       0.4084
 347.000       0.3749
 348.000       0.3621
 349.000       0.4110
 350.000       0.4827
 351.000       0.4764
 352.000       0.4774
 353.000       0.4660
 354.000       0.5980
 355.000       0.8536
 356.000       0.8840
 357.000       0.5882
 358.000       0.5003
 359.000       0.6169
 360.000       0.5482
 361.000       0.4543
 362.000       0.4447
 363.000       0.4939
 364.000       0.4847
 365.000       0.4340
 366.000       0.4968
 367.000       0.5388
 368.000       0.4637
 369.000       0.5326
 370.000       0.6574
 371.000       0.6314
 372.000       0.6246
 373.000       0.8365
 374.000       0.9581
 375.000       1.5861
 376.000       3.3644
