#Res             RMSF
 377.000       2.6050
 378.000       2.0815
 379.000       1.4593
 380.000       0.8020
 381.000       0.6941
 382.000       0.6882
 383.000       0.6276
 384.000       0.5682
 385.000       0.5453
 386.000       0.4824
 387.000       0.4490
 388.000       0.4355
 389.000       0.5124
 390.000       0.4673
 391.000       0.3830
 392.000       0.4378
 393.000       0.4807
 394.000       0.4197
 395.000       0.4218
 396.000       0.5123
 397.000       0.5615
 398.000       0.6162
 399.000       0.6436
 400.000       0.5181
 401.000       0.4691
 402.000       0.8841
 403.000       0.9036
 404.000       0.6613
 405.000       0.5532
 406.000       0.5562
 407.000       0.4316
 408.000       0.4373
 409.000       0.4403
 410.000       0.4009
 411.000       0.3621
 412.000       0.4121
 413.000       0.4294
 414.000       0.4562
 415.000       0.4908
 416.000       0.5518
 417.000       0.7101
 418.000       0.6711
 419.000       0.6906
 420.000       0.7830
 421.000       0.8939
 422.000       0.5658
 423.000       0.5440
 424.000       0.5279
 425.000       0.5606
 426.000       0.6191
 427.000       0.5731
 428.000       0.4462
 429.000       0.4159
 430.000       0.4638
 431.000       0.4587
 432.000       0.4194
 433.000       0.4998
 434.000       0.4436
 435.000       0.4641
 436.000       0.4449
 437.000       0.4434
 438.000       0.4479
 439.000       0.4348
 440.000       0.4232
 441.000       0.4384
 442.000       0.4467
 443.000       0.3861
 444.000       0.3399
 445.000       0.4186
 446.000       0.3980
 447.000       0.3674
 448.000       0.3772
 449.000       0.4270
 450.000       0.4192
 451.000       0.4215
 452.000       0.4552
 453.000       0.4599
 454.000       0.5149
 455.000       0.5850
 456.000       0.5022
 457.000       0.5899
 458.000       0.4207
 459.000       0.3821
 460.000       0.4529
 461.000       0.4523
 462.000       0.4244
 463.000       0.3913
 464.000       0.4793
 465.000       0.4787
 466.000       0.4373
 467.000       0.5603
 468.000       0.6483
 469.000       0.7177
 470.000       0.7399
 471.000       1.0262
 472.000       1.2621
 473.000       1.5003
 474.000       2.0733
 475.000       2.1751
