#Res             RMSF
 476.000       1.6618
 477.000       1.0576
 478.000       0.8364
 479.000       0.8534
 480.000       0.5109
 481.000       0.5517
 482.000       0.7925
 483.000       0.8741
 484.000       0.6556
 485.000       0.5207
 486.000       0.4852
 487.000       0.5547
 488.000       0.5345
 489.000       0.3835
 490.000       0.3944
 491.000       0.4544
 492.000       0.4299
 493.000       0.3573
 494.000       0.4065
 495.000       0.4467
 496.000       0.4630
 497.000       0.4639
 498.000       0.3772
 499.000       0.4507
 500.000       0.4063
 501.000       0.3916
 502.000       0.4452
 503.000       0.4975
 504.000       0.4795
 505.000       0.3895
 506.000       0.3836
 507.000       0.4676
 508.000       0.4472
 509.000       0.3739
 510.000       0.3555
 511.000       0.4393
 512.000       0.4632
 513.000       0.4190
 514.000       0.4602
 515.000       0.4967
 516.000       0.4792
 517.000       0.4212
 518.000       0.4203
 519.000       0.4634
 520.000       0.3735
 521.000       0.3456
 522.000       0.4057
 523.000       0.3430
 524.000       0.3042
 525.000       0.3256
 526.000       0.3615
 527.000       0.3472
 528.000       0.3574
 529.000       0.4656
 530.000       0.5277
 531.000       0.5478
 532.000       0.5948
 533.000       0.4680
 534.000       0.5972
 535.000       0.4415
 536.000       0.3586
 537.000       0.4234
 538.000       0.4177
 539.000       0.4367
 540.000       0.3632
 541.000       0.3702
 542.000       0.3821
 543.000       0.3597
 544.000       0.3469
 545.000       0.4405
 546.000       0.5105
 547.000       0.6874
 548.000       0.6509
 549.000       0.8895
 550.000       0.8078
 551.000       0.6188
 552.000       0.4581
 553.000       0.5038
 554.000       0.6246
 555.000       0.6196
 556.000       1.2924
 557.000       2.6799
