#Res             RMSF
 176.000       2.9615
 177.000       1.4423
 178.000       0.8990
 179.000       0.5436
 180.000       0.5119
 181.000       0.6659
 182.000       0.6336
 183.000       0.5292
 184.000       0.5533
 185.000       0.4578
 186.000       0.4962
 187.000       0.4373
 188.000       0.4710
 189.000       0.4292
 190.000       0.5095
 191.000       0.4701
 192.000       0.3950
 193.000       0.3876
 194.000       0.4840
 195.000       0.4900
 196.000       0.4683
 197.000       0.5650
 198.000       0.7301
 199.000       0.6901
 200.000       1.1239
 201.000       0.6231
 202.000       0.6189
 203.000       0.7056
 204.000       0.5696
 205.000       0.4911
 206.000       0.4977
 207.000       0.5899
 208.000       0.4693
 209.000       0.3779
 210.000       0.3587
 211.000       0.4026
 212.000       0.4023
 213.000       0.3872
 214.000       0.3650
 215.000       0.3806
 216.000       0.3963
 217.000       0.4014
 218.000       0.3824
 219.000       0.4089
 220.000       0.4577
 221.000       0.5052
 222.000       0.5220
 223.000       0.5682
 224.000       0.4978
 225.000       0.4741
 226.000       0.5431
 227.000       0.5315
 228.000       0.4518
 229.000       0.5218
 230.000       0.6478
 231.000       0.6465
 232.000       0.5699
 233.000       0.7389
 234.000       0.9110
 235.000       0.9311
 236.000       0.9292
 237.000       0.7279
 238.000       0.7418
 239.000       0.4995
 240.000       0.4124
 241.000       0.4408
 242.000       0.4629
 243.000       0.4887
 244.000       0.4439
 245.000       0.4560
 246.000       0.4577
 247.000       0.5357
 248.000       0.5851
 249.000       0.5915
 250.000       0.8594
 251.000       0.9985
 252.000       0.8210
 253.000       0.7378
 254.000       0.6745
 255.000       0.6393
 256.000       0.6476
 257.000       0.6504
 258.000       0.6873
 259.000       0.8007
 260.000       1.5391
 261.000       0.9231
 262.000       0.6254
 263.000       0.5831
 264.000       0.5798
 265.000       0.6372
 266.000       0.5521
 267.000       0.5530
 268.000       0.5342
 269.000       0.6254
 270.000       0.7098
 271.000       0.6870
 272.000       0.7722
 273.000       0.8242
 274.000       0.9047
 275.000       1.0783
 276.000       1.1184
 277.000       0.9776
 278.000       1.0973
 279.000       1.4681
 280.000       2.1914
