#Res             RMSF
 176.000       3.4342
 177.000       1.9443
 178.000       1.1853
 179.000       0.6310
 180.000       0.5280
 181.000       0.6835
 182.000       0.6485
 183.000       0.5352
 184.000       0.5830
 185.000       0.4771
 186.000       0.5370
 187.000       0.4920
 188.000       0.5351
 189.000       0.4839
 190.000       0.5680
 191.000       0.5134
 192.000       0.4248
 193.000       0.4304
 194.000       0.5229
 195.000       0.5318
 196.000       0.5137
 197.000       0.6403
 198.000       0.7902
 199.000       0.7384
 200.000       1.0703
 201.000       0.6172
 202.000       0.6449
 203.000       0.7511
 204.000       0.6101
 205.000       0.5040
 206.000       0.5304
 207.000       0.6140
 208.000       0.5103
 209.000       0.3874
 210.000       0.3812
 211.000       0.4211
 212.000       0.4037
 213.000       0.3923
 214.000       0.3837
 215.000       0.3998
 216.000       0.4208
 217.000       0.4178
 218.000       0.4129
 219.000       0.4465
 220.000       0.4710
 221.000       0.4920
 222.000       0.5119
 223.000       0.5442
 224.000       0.4732
 225.000       0.4639
 226.000       0.5252
 227.000       0.5046
 228.000       0.4323
 229.000       0.5132
 230.000       0.6391
 231.000       0.6261
 232.000       0.5579
 233.000       0.7690
 234.000       0.9433
 235.000       0.9063
 236.000       0.9173
 237.000       0.7076
 238.000       0.7337
 239.000       0.5200
 240.000       0.4208
 241.000       0.4492
 242.000       0.4499
 243.000       0.4787
 244.000       0.4205
 245.000       0.4263
 246.000       0.4520
 247.000       0.5005
 248.000       0.5572
 249.000       0.5963
 250.000       0.9559
 251.000       1.1495
 252.000       0.8983
 253.000       0.8347
 254.000       0.7406
 255.000       0.6637
 256.000       0.7253
 257.000       0.7227
 258.000       0.6867
 259.000       0.7911
 260.000       1.5107
 261.000       0.8745
 262.000       0.5935
 263.000       0.5597
 264.000       0.5613
 265.000       0.5992
 266.000       0.5477
 267.000       0.5392
 268.000       0.5299
 269.000       0.5885
 270.000       0.6618
 271.000       0.6886
 272.000       0.7844
 273.000       0.7973
 274.000       0.8508
 275.000       0.9916
 276.000       1.0184
 277.000       0.9121
 278.000       1.0506
 279.000       1.4527
 280.000       2.1910
