#Res             RMSF
  98.000       1.0293
  99.000       0.7167
 100.000       0.8139
 101.000       0.8656
 102.000       0.6079
 103.000       0.5863
 104.000       0.4620
 105.000       0.4568
 106.000       0.4433
 107.000       0.3593
 108.000       0.3439
 109.000       0.4055
 110.000       0.3915
 111.000       0.3252
 112.000       0.3550
 113.000       0.3898
 114.000       0.3980
 115.000       0.4407
 116.000       0.3854
 117.000       0.4375
 118.000       0.4101
 119.000       0.3735
 120.000       0.4019
 121.000       0.4897
 122.000       0.4592
 123.000       0.3737
 124.000       0.4107
 125.000       0.5038
 126.000       0.4725
 127.000       0.3811
 128.000       0.4133
 129.000       0.5018
 130.000       0.5019
 131.000       0.4710
 132.000       0.5282
 133.000       0.5886
 134.000       0.5333
 135.000       0.4834
 136.000       0.5131
 137.000       0.4780
 138.000       0.3784
 139.000       0.3584
 140.000       0.4169
 141.000       0.3606
 142.000       0.3122
 143.000       0.3165
 144.000       0.3469
 145.000       0.3671
 146.000       0.3657
 147.000       0.4641
 148.000       0.5132
 149.000       0.5290
 150.000       0.5852
 151.000       0.4686
 152.000       0.6137
 153.000       0.4419
 154.000       0.3640
 155.000       0.3927
 156.000       0.4237
 157.000       0.4232
 158.000       0.3371
 159.000       0.3505
 160.000       0.3755
 161.000       0.3650
 162.000       0.3570
 163.000       0.4002
 164.000       0.5204
 165.000       0.6728
 166.000       0.6406
 167.000       0.7714
 168.000       0.7293
 169.000       0.6068
 170.000       0.4981
 171.000       0.4797
 172.000       0.6078
 173.000       0.7571
 174.000       1.6420
 175.000       2.8690
