#Res             RMSF
 176.000       3.4350
 177.000       1.9378
 178.000       1.1810
 179.000       0.6306
 180.000       0.5283
 181.000       0.6832
 182.000       0.6491
 183.000       0.5355
 184.000       0.5835
 185.000       0.4775
 186.000       0.5376
 187.000       0.4924
 188.000       0.5351
 189.000       0.4840
 190.000       0.5679
 191.000       0.5134
 192.000       0.4251
 193.000       0.4302
 194.000       0.5229
 195.000       0.5319
 196.000       0.5141
 197.000       0.6404
 198.000       0.7906
 199.000       0.7389
 200.000       1.0703
 201.000       0.6177
 202.000       0.6453
 203.000       0.7518
 204.000       0.6107
 205.000       0.5046
 206.000       0.5309
 207.000       0.6147
 208.000       0.5108
 209.000       0.3878
 210.000       0.3812
 211.000       0.4215
 212.000       0.4041
 213.000       0.3926
 214.000       0.3841
 215.000       0.4002
 216.000       0.4210
 217.000       0.4180
 218.000       0.4133
 219.000       0.4461
 220.000       0.4700
 221.000       0.4911
 222.000       0.5117
 223.000       0.5439
 224.000       0.4727
 225.000       0.4636
 226.000       0.5247
 227.000       0.5042
 228.000       0.4320
 229.000       0.5133
 230.000       0.6381
 231.000       0.6252
 232.000       0.5576
 233.000       0.7693
 234.000       0.9433
 235.000       0.9067
 236.000       0.9176
 237.000       0.7077
 238.000       0.7341
 239.000       0.5204
 240.000       0.4206
 241.000       0.4492
 242.000       0.4502
 243.000       0.4784
 244.000       0.4199
 245.000       0.4258
 246.000       0.4510
 247.000       0.4991
 248.000       0.5566
 249.000       0.5952
 250.000       0.9547
 251.000       1.1485
 252.000       0.8991
 253.000       0.8354
 254.000       0.7402
 255.000       0.6630
 256.000       0.7255
 257.000       0.7234
 258.000       0.6850
 259.000       0.7898
 260.000       1.5062
 261.000       0.8697
 262.000       0.5931
 263.000       0.5587
 264.000       0.5592
 265.000       0.5980
 266.000       0.5480
 267.000       0.5389
 268.000       0.5303
 269.000       0.5886
 270.000       0.6620
 271.000       0.6890
 272.000       0.7845
 273.000       0.7969
 274.000       0.8502
 275.000       0.9901
 276.000       1.0155
 277.000       0.9095
 278.000       1.0492
 279.000       1.4520
 280.000       2.1907
