#Res             RMSF
 476.000       1.9387
 477.000       1.2069
 478.000       0.9603
 479.000       0.8625
 480.000       0.5311
 481.000       0.5524
 482.000       0.7819
 483.000       0.8721
 484.000       0.6609
 485.000       0.5704
 486.000       0.4856
 487.000       0.5389
 488.000       0.5414
 489.000       0.3992
 490.000       0.3825
 491.000       0.4451
 492.000       0.4294
 493.000       0.3565
 494.000       0.3879
 495.000       0.4358
 496.000       0.4483
 497.000       0.4554
 498.000       0.3898
 499.000       0.4506
 500.000       0.4181
 501.000       0.4212
 502.000       0.4584
 503.000       0.5083
 504.000       0.4806
 505.000       0.3795
 506.000       0.3902
 507.000       0.4772
 508.000       0.4515
 509.000       0.3723
 510.000       0.4025
 511.000       0.4847
 512.000       0.4812
 513.000       0.4292
 514.000       0.4733
 515.000       0.5136
 516.000       0.4941
 517.000       0.4347
 518.000       0.4383
 519.000       0.4666
 520.000       0.3749
 521.000       0.3472
 522.000       0.3929
 523.000       0.3373
 524.000       0.3117
 525.000       0.3338
 526.000       0.3613
 527.000       0.3532
 528.000       0.3640
 529.000       0.4897
 530.000       0.5560
 531.000       0.5565
 532.000       0.6156
 533.000       0.4982
 534.000       0.6567
 535.000       0.4611
 536.000       0.3746
 537.000       0.4172
 538.000       0.4152
 539.000       0.4270
 540.000       0.3519
 541.000       0.3618
 542.000       0.3838
 543.000       0.3581
 544.000       0.3411
 545.000       0.4282
 546.000       0.4843
 547.000       0.6145
 548.000       0.6063
 549.000       0.7904
 550.000       0.7512
 551.000       0.6368
 552.000       0.5017
 553.000       0.5160
 554.000       0.6356
 555.000       0.6371
 556.000       1.4329
 557.000       2.8529
