#Res             RMSF
  98.000       1.0265
  99.000       0.7157
 100.000       0.7865
 101.000       0.8164
 102.000       0.5635
 103.000       0.5590
 104.000       0.4596
 105.000       0.4251
 106.000       0.4142
 107.000       0.3511
 108.000       0.3447
 109.000       0.3818
 110.000       0.3625
 111.000       0.3180
 112.000       0.3612
 113.000       0.4015
 114.000       0.4121
 115.000       0.4388
 116.000       0.3827
 117.000       0.4251
 118.000       0.3926
 119.000       0.3728
 120.000       0.4093
 121.000       0.4711
 122.000       0.4513
 123.000       0.3764
 124.000       0.4071
 125.000       0.5086
 126.000       0.4733
 127.000       0.3918
 128.000       0.4245
 129.000       0.4989
 130.000       0.5100
 131.000       0.4774
 132.000       0.5122
 133.000       0.5605
 134.000       0.5375
 135.000       0.5117
 136.000       0.5427
 137.000       0.5333
 138.000       0.3916
 139.000       0.3749
 140.000       0.4445
 141.000       0.3740
 142.000       0.3209
 143.000       0.3154
 144.000       0.3596
 145.000       0.3750
 146.000       0.3595
 147.000       0.4658
 148.000       0.5265
 149.000       0.5319
 150.000       0.5832
 151.000       0.4761
 152.000       0.6200
 153.000       0.4472
 154.000       0.3708
 155.000       0.4093
 156.000       0.4599
 157.000       0.4563
 158.000       0.3589
 159.000       0.3777
 160.000       0.4295
 161.000       0.4127
 162.000       0.3797
 163.000       0.4394
 164.000       0.5624
 165.000       0.7214
 166.000       0.7078
 167.000       0.8326
 168.000       0.8056
 169.000       0.6948
 170.000       0.5064
 171.000       0.5303
 172.000       0.6951
 173.000       0.9141
 174.000       1.7950
 175.000       3.3484
