#Res             RMSF
   1.000       3.3621
   2.000       2.0171
   3.000       0.9871
   4.000       0.6478
   5.000       0.6682
   6.000       0.5008
   7.000       0.5293
   8.000       0.5249
   9.000       0.4921
  10.000       0.4435
  11.000       0.4641
  12.000       0.5040
  13.000       0.4373
  14.000       0.3928
  15.000       0.4538
  16.000       0.4713
  17.000       0.4402
  18.000       0.4526
  19.000       0.5256
  20.000       0.5549
  21.000       0.5748
  22.000       0.5599
  23.000       0.4879
  24.000       0.4316
  25.000       0.4390
  26.000       0.5225
  27.000       0.5032
  28.000       0.5208
  29.000       0.5125
  30.000       0.4241
  31.000       0.4458
  32.000       0.4796
  33.000       0.4784
  34.000       0.4081
  35.000       0.4277
  36.000       0.5214
  37.000       0.5027
  38.000       0.4876
  39.000       0.6070
  40.000       0.7816
  41.000       0.7067
  42.000       0.6658
  43.000       0.7703
  44.000       0.9323
  45.000       0.6062
  46.000       0.5735
  47.000       0.5526
  48.000       0.5941
  49.000       0.6811
  50.000       0.5633
  51.000       0.4763
  52.000       0.4224
  53.000       0.4607
  54.000       0.4536
  55.000       0.3938
  56.000       0.3590
  57.000       0.4015
  58.000       0.4105
  59.000       0.4091
  60.000       0.3860
  61.000       0.4111
  62.000       0.4128
  63.000       0.3887
  64.000       0.3793
  65.000       0.4478
  66.000       0.3787
  67.000       0.3485
  68.000       0.4293
  69.000       0.4636
  70.000       0.3884
  71.000       0.3927
  72.000       0.4569
  73.000       0.4273
  74.000       0.4106
  75.000       0.4665
  76.000       0.4941
  77.000       0.5404
  78.000       0.6014
  79.000       0.4859
  80.000       0.5127
  81.000       0.4206
  82.000       0.3705
  83.000       0.4336
  84.000       0.4721
  85.000       0.4397
  86.000       0.3857
  87.000       0.5227
  88.000       0.5720
  89.000       0.5180
  90.000       0.6259
  91.000       0.6761
  92.000       0.7451
  93.000       0.8448
  94.000       1.1030
  95.000       1.2433
  96.000       1.5524
  97.000       2.7933
