#Res             RMSF
 476.000       2.1665
 477.000       1.3274
 478.000       1.0624
 479.000       0.8553
 480.000       0.5383
 481.000       0.5277
 482.000       0.7374
 483.000       0.8334
 484.000       0.6343
 485.000       0.5800
 486.000       0.4713
 487.000       0.4581
 488.000       0.4908
 489.000       0.3950
 490.000       0.3569
 491.000       0.4143
 492.000       0.4022
 493.000       0.3418
 494.000       0.3472
 495.000       0.3930
 496.000       0.4070
 497.000       0.4245
 498.000       0.3819
 499.000       0.4224
 500.000       0.4143
 501.000       0.4117
 502.000       0.4376
 503.000       0.4905
 504.000       0.4556
 505.000       0.3486
 506.000       0.3787
 507.000       0.4750
 508.000       0.4459
 509.000       0.3687
 510.000       0.4374
 511.000       0.5119
 512.000       0.4945
 513.000       0.4386
 514.000       0.4808
 515.000       0.5255
 516.000       0.5023
 517.000       0.4463
 518.000       0.4506
 519.000       0.4678
 520.000       0.3747
 521.000       0.3464
 522.000       0.3772
 523.000       0.3304
 524.000       0.3160
 525.000       0.3420
 526.000       0.3613
 527.000       0.3534
 528.000       0.3611
 529.000       0.5028
 530.000       0.5701
 531.000       0.5345
 532.000       0.6009
 533.000       0.4838
 534.000       0.6616
 535.000       0.4627
 536.000       0.3878
 537.000       0.4074
 538.000       0.4070
 539.000       0.4114
 540.000       0.3350
 541.000       0.3466
 542.000       0.3727
 543.000       0.3491
 544.000       0.3238
 545.000       0.3934
 546.000       0.4190
 547.000       0.4503
 548.000       0.5245
 549.000       0.6334
 550.000       0.6590
 551.000       0.6387
 552.000       0.5272
 553.000       0.5204
 554.000       0.6395
 555.000       0.6471
 556.000       1.4702
 557.000       2.9558
