#Res             RMSF
 558.000       1.6383
 559.000       0.9427
 560.000       0.6621
 561.000       0.5492
 562.000       0.7231
 563.000       0.6975
 564.000       0.5423
 565.000       0.6116
 566.000       0.4774
 567.000       0.5392
 568.000       0.5097
 569.000       0.5952
 570.000       0.4938
 571.000       0.6055
 572.000       0.5862
 573.000       0.4650
 574.000       0.4457
 575.000       0.5479
 576.000       0.5820
 577.000       0.5302
 578.000       0.6548
 579.000       0.8073
 580.000       0.7705
 581.000       1.0444
 582.000       0.6567
 583.000       0.7152
 584.000       0.7934
 585.000       0.6151
 586.000       0.5502
 587.000       0.5713
 588.000       0.7428
 589.000       0.5327
 590.000       0.4154
 591.000       0.3912
 592.000       0.3859
 593.000       0.4014
 594.000       0.4180
 595.000       0.3961
 596.000       0.4150
 597.000       0.4652
 598.000       0.4659
 599.000       0.4425
 600.000       0.4626
 601.000       0.4911
 602.000       0.4607
 603.000       0.5090
 604.000       0.5643
 605.000       0.4610
 606.000       0.4443
 607.000       0.5417
 608.000       0.5326
 609.000       0.4291
 610.000       0.5252
 611.000       0.6521
 612.000       0.6207
 613.000       0.5427
 614.000       0.7398
 615.000       0.8795
 616.000       0.8522
 617.000       0.8828
 618.000       0.6785
 619.000       0.6764
 620.000       0.5153
 621.000       0.3972
 622.000       0.4183
 623.000       0.4265
 624.000       0.4277
 625.000       0.4056
 626.000       0.4293
 627.000       0.4500
 628.000       0.5204
 629.000       0.6172
 630.000       0.6387
 631.000       0.7738
 632.000       1.1515
 633.000       1.4176
 634.000       1.7346
 635.000       1.0547
 636.000       1.1729
 637.000       1.0566
 638.000       1.0840
 639.000       1.1558
 640.000       1.2247
 641.000       1.9374
 642.000       1.2608
 643.000       0.6130
 644.000       0.5196
 645.000       0.5149
 646.000       0.5217
 647.000       0.4879
 648.000       0.5072
 649.000       0.5421
 650.000       0.5442
 651.000       0.6178
 652.000       0.6897
 653.000       0.8068
 654.000       0.8318
 655.000       0.8655
 656.000       0.9539
 657.000       0.9465
 658.000       0.8648
 659.000       1.0079
 660.000       1.3257
 661.000       1.9830
