#Res             RMSF
 176.000       3.1731
 177.000       1.7379
 178.000       1.0310
 179.000       0.5545
 180.000       0.4946
 181.000       0.6407
 182.000       0.6193
 183.000       0.5237
 184.000       0.5818
 185.000       0.4730
 186.000       0.5525
 187.000       0.4996
 188.000       0.5509
 189.000       0.5085
 190.000       0.5952
 191.000       0.5318
 192.000       0.4292
 193.000       0.4514
 194.000       0.5397
 195.000       0.5507
 196.000       0.5388
 197.000       0.6982
 198.000       0.8352
 199.000       0.7660
 200.000       0.9961
 201.000       0.5967
 202.000       0.6596
 203.000       0.7859
 204.000       0.6255
 205.000       0.4984
 206.000       0.5265
 207.000       0.5864
 208.000       0.4981
 209.000       0.3801
 210.000       0.3718
 211.000       0.3880
 212.000       0.3770
 213.000       0.3749
 214.000       0.3771
 215.000       0.3996
 216.000       0.4286
 217.000       0.4226
 218.000       0.4316
 219.000       0.4699
 220.000       0.4747
 221.000       0.4406
 222.000       0.4758
 223.000       0.5122
 224.000       0.4345
 225.000       0.4292
 226.000       0.4936
 227.000       0.4727
 228.000       0.4099
 229.000       0.4993
 230.000       0.6120
 231.000       0.5738
 232.000       0.5119
 233.000       0.7246
 234.000       0.8616
 235.000       0.7913
 236.000       0.8234
 237.000       0.6392
 238.000       0.6916
 239.000       0.5097
 240.000       0.3987
 241.000       0.4273
 242.000       0.4097
 243.000       0.4243
 244.000       0.3774
 245.000       0.3857
 246.000       0.4209
 247.000       0.4425
 248.000       0.5095
 249.000       0.5742
 250.000       0.8872
 251.000       1.0438
 252.000       0.8980
 253.000       0.8968
 254.000       0.7738
 255.000       0.6653
 256.000       0.7756
 257.000       0.7714
 258.000       0.6707
 259.000       0.7422
 260.000       1.4121
 261.000       0.7566
 262.000       0.5476
 263.000       0.4968
 264.000       0.5050
 265.000       0.5465
 266.000       0.5171
 267.000       0.4922
 268.000       0.5103
 269.000       0.4981
 270.000       0.5773
 271.000       0.6239
 272.000       0.6928
 273.000       0.6992
 274.000       0.7260
 275.000       0.8434
 276.000       0.8544
 277.000       0.7835
 278.000       0.9532
 279.000       1.4167
 280.000       2.1709
