#Res             RMSF
  98.000       0.9955
  99.000       0.6933
 100.000       0.7368
 101.000       0.7254
 102.000       0.4881
 103.000       0.4821
 104.000       0.4508
 105.000       0.3672
 106.000       0.3632
 107.000       0.3373
 108.000       0.3446
 109.000       0.3553
 110.000       0.3285
 111.000       0.3073
 112.000       0.3658
 113.000       0.4127
 114.000       0.4253
 115.000       0.4326
 116.000       0.3720
 117.000       0.4051
 118.000       0.3667
 119.000       0.3646
 120.000       0.4101
 121.000       0.4487
 122.000       0.4384
 123.000       0.3777
 124.000       0.4014
 125.000       0.5020
 126.000       0.4682
 127.000       0.3976
 128.000       0.4299
 129.000       0.4899
 130.000       0.4709
 131.000       0.4401
 132.000       0.4823
 133.000       0.5100
 134.000       0.4850
 135.000       0.4997
 136.000       0.5638
 137.000       0.5726
 138.000       0.3968
 139.000       0.3831
 140.000       0.4594
 141.000       0.3823
 142.000       0.3223
 143.000       0.3079
 144.000       0.3669
 145.000       0.3752
 146.000       0.3476
 147.000       0.4573
 148.000       0.5331
 149.000       0.5329
 150.000       0.5739
 151.000       0.4773
 152.000       0.6235
 153.000       0.4505
 154.000       0.3752
 155.000       0.4213
 156.000       0.4895
 157.000       0.4816
 158.000       0.3672
 159.000       0.3941
 160.000       0.4733
 161.000       0.4553
 162.000       0.4034
 163.000       0.4702
 164.000       0.6075
 165.000       0.7701
 166.000       0.7206
 167.000       0.8179
 168.000       0.7900
 169.000       0.7022
 170.000       0.4949
 171.000       0.4874
 172.000       0.6955
 173.000       0.9852
 174.000       1.8210
 175.000       3.0180
