#Res             RMSF
 476.000       1.9387
 477.000       1.2073
 478.000       0.9601
 479.000       0.8621
 480.000       0.5313
 481.000       0.5531
 482.000       0.7822
 483.000       0.8715
 484.000       0.6602
 485.000       0.5701
 486.000       0.4855
 487.000       0.5387
 488.000       0.5412
 489.000       0.3989
 490.000       0.3822
 491.000       0.4447
 492.000       0.4295
 493.000       0.3562
 494.000       0.3877
 495.000       0.4353
 496.000       0.4478
 497.000       0.4549
 498.000       0.3896
 499.000       0.4502
 500.000       0.4176
 501.000       0.4207
 502.000       0.4580
 503.000       0.5078
 504.000       0.4809
 505.000       0.3792
 506.000       0.3899
 507.000       0.4768
 508.000       0.4511
 509.000       0.3721
 510.000       0.4022
 511.000       0.4843
 512.000       0.4814
 513.000       0.4293
 514.000       0.4737
 515.000       0.5143
 516.000       0.4952
 517.000       0.4354
 518.000       0.4386
 519.000       0.4664
 520.000       0.3750
 521.000       0.3473
 522.000       0.3926
 523.000       0.3371
 524.000       0.3116
 525.000       0.3334
 526.000       0.3609
 527.000       0.3529
 528.000       0.3637
 529.000       0.4892
 530.000       0.5554
 531.000       0.5561
 532.000       0.6161
 533.000       0.4991
 534.000       0.6568
 535.000       0.4617
 536.000       0.3746
 537.000       0.4170
 538.000       0.4150
 539.000       0.4267
 540.000       0.3515
 541.000       0.3615
 542.000       0.3835
 543.000       0.3579
 544.000       0.3409
 545.000       0.4280
 546.000       0.4842
 547.000       0.6140
 548.000       0.6058
 549.000       0.7903
 550.000       0.7515
 551.000       0.6370
 552.000       0.5020
 553.000       0.5162
 554.000       0.6353
 555.000       0.6371
 556.000       1.4313
 557.000       2.8546
