#Res             RMSF
 281.000       3.3670
 282.000       2.5576
 283.000       1.6450
 284.000       1.0855
 285.000       0.9934
 286.000       0.7400
 287.000       0.5624
 288.000       0.4818
 289.000       0.5407
 290.000       0.6248
 291.000       0.5496
 292.000       0.4743
 293.000       0.4910
 294.000       0.5377
 295.000       0.4708
 296.000       0.4591
 297.000       0.5773
 298.000       0.6526
 299.000       0.6533
 300.000       0.6428
 301.000       0.8513
 302.000       0.7721
 303.000       0.6028
 304.000       0.6117
 305.000       0.5175
 306.000       0.5816
 307.000       0.6697
 308.000       0.7170
 309.000       0.5555
 310.000       0.5415
 311.000       0.6277
 312.000       0.5386
 313.000       0.4347
 314.000       0.5007
 315.000       0.5695
 316.000       0.4722
 317.000       0.4097
 318.000       0.5238
 319.000       0.5024
 320.000       0.4232
 321.000       0.3875
 322.000       0.4727
 323.000       0.4653
 324.000       0.3928
 325.000       0.4306
 326.000       0.4908
 327.000       0.4173
 328.000       0.3699
 329.000       0.4324
 330.000       0.4333
 331.000       0.3929
 332.000       0.4761
 333.000       0.5557
 334.000       0.6331
 335.000       0.7721
 336.000       0.7786
 337.000       0.6381
 338.000       0.6244
 339.000       0.5432
 340.000       0.4519
 341.000       0.4777
 342.000       0.4805
 343.000       0.4516
 344.000       0.3782
 345.000       0.3738
 346.000       0.4085
 347.000       0.3748
 348.000       0.3617
 349.000       0.4112
 350.000       0.4823
 351.000       0.4760
 352.000       0.4769
 353.000       0.4654
 354.000       0.5973
 355.000       0.8529
 356.000       0.8848
 357.000       0.5883
 358.000       0.5004
 359.000       0.6168
 360.000       0.5479
 361.000       0.4543
 362.000       0.4446
 363.000       0.4934
 364.000       0.4841
 365.000       0.4338
 366.000       0.4966
 367.000       0.5384
 368.000       0.4637
 369.000       0.5321
 370.000       0.6566
 371.000       0.6311
 372.000       0.6246
 373.000       0.8361
 374.000       0.9577
 375.000       1.5873
 376.000       3.3652
