#Res             RMSF
   1.000       2.9379
   2.000       1.5643
   3.000       0.8778
   4.000       0.5673
   5.000       0.5824
   6.000       0.5017
   7.000       0.5224
   8.000       0.5160
   9.000       0.4999
  10.000       0.4333
  11.000       0.4494
  12.000       0.5122
  13.000       0.4494
  14.000       0.4024
  15.000       0.4548
  16.000       0.4645
  17.000       0.4477
  18.000       0.4545
  19.000       0.5209
  20.000       0.5378
  21.000       0.5628
  22.000       0.5364
  23.000       0.4707
  24.000       0.4290
  25.000       0.4207
  26.000       0.4498
  27.000       0.4954
  28.000       0.5179
  29.000       0.4849
  30.000       0.4321
  31.000       0.4627
  32.000       0.4725
  33.000       0.4713
  34.000       0.4066
  35.000       0.4205
  36.000       0.5079
  37.000       0.4833
  38.000       0.4559
  39.000       0.5479
  40.000       0.7312
  41.000       0.6741
  42.000       0.6543
  43.000       0.7197
  44.000       0.8889
  45.000       0.5560
  46.000       0.5553
  47.000       0.5507
  48.000       0.6160
  49.000       0.7358
  50.000       0.5723
  51.000       0.4799
  52.000       0.4091
  53.000       0.4521
  54.000       0.4645
  55.000       0.4019
  56.000       0.3476
  57.000       0.3861
  58.000       0.3984
  59.000       0.4075
  60.000       0.3744
  61.000       0.3999
  62.000       0.4018
  63.000       0.3711
  64.000       0.3717
  65.000       0.4340
  66.000       0.3516
  67.000       0.3335
  68.000       0.3929
  69.000       0.3880
  70.000       0.3254
  71.000       0.3525
  72.000       0.4218
  73.000       0.4075
  74.000       0.3970
  75.000       0.4530
  76.000       0.4782
  77.000       0.5446
  78.000       0.5839
  79.000       0.4459
  80.000       0.4665
  81.000       0.3848
  82.000       0.3378
  83.000       0.4249
  84.000       0.4620
  85.000       0.4374
  86.000       0.3708
  87.000       0.5272
  88.000       0.5824
  89.000       0.4887
  90.000       0.5989
  91.000       0.6762
  92.000       0.6765
  93.000       0.7947
  94.000       1.0844
  95.000       1.1386
  96.000       1.6638
  97.000       3.1240
