#Res             RMSF
 558.000       1.5967
 559.000       1.0249
 560.000       0.7127
 561.000       0.5261
 562.000       0.7003
 563.000       0.6953
 564.000       0.5333
 565.000       0.6085
 566.000       0.4277
 567.000       0.4624
 568.000       0.4318
 569.000       0.5187
 570.000       0.4802
 571.000       0.6089
 572.000       0.5583
 573.000       0.4366
 574.000       0.4208
 575.000       0.5006
 576.000       0.5390
 577.000       0.5323
 578.000       0.6412
 579.000       0.7964
 580.000       0.7783
 581.000       1.0973
 582.000       0.6529
 583.000       0.7561
 584.000       0.8700
 585.000       0.6174
 586.000       0.5558
 587.000       0.5810
 588.000       0.7824
 589.000       0.5268
 590.000       0.4039
 591.000       0.3709
 592.000       0.3600
 593.000       0.3855
 594.000       0.3924
 595.000       0.3621
 596.000       0.3614
 597.000       0.3944
 598.000       0.3929
 599.000       0.3683
 600.000       0.3862
 601.000       0.4431
 602.000       0.4220
 603.000       0.4577
 604.000       0.5188
 605.000       0.4474
 606.000       0.4297
 607.000       0.5258
 608.000       0.5127
 609.000       0.4283
 610.000       0.5269
 611.000       0.6174
 612.000       0.5955
 613.000       0.5411
 614.000       0.7340
 615.000       0.8723
 616.000       0.8526
 617.000       0.8972
 618.000       0.7003
 619.000       0.7049
 620.000       0.5276
 621.000       0.4009
 622.000       0.4287
 623.000       0.4349
 624.000       0.4134
 625.000       0.3946
 626.000       0.4194
 627.000       0.4210
 628.000       0.4582
 629.000       0.5536
 630.000       0.5865
 631.000       0.7285
 632.000       0.9787
 633.000       0.9440
 634.000       1.0900
 635.000       0.8543
 636.000       0.7771
 637.000       0.8749
 638.000       0.8742
 639.000       0.7933
 640.000       0.8706
 641.000       1.3383
 642.000       1.3796
 643.000       0.6700
 644.000       0.5178
 645.000       0.5076
 646.000       0.4998
 647.000       0.4873
 648.000       0.4966
 649.000       0.5276
 650.000       0.5377
 651.000       0.6215
 652.000       0.7055
 653.000       0.7864
 654.000       0.8269
 655.000       0.8666
 656.000       0.9573
 657.000       0.9608
 658.000       0.8796
 659.000       1.0213
 660.000       1.3722
 661.000       2.0819
