#Res             RMSF
 558.000       1.4600
 559.000       0.8211
 560.000       0.5967
 561.000       0.5329
 562.000       0.7128
 563.000       0.6818
 564.000       0.5306
 565.000       0.5607
 566.000       0.4537
 567.000       0.5178
 568.000       0.4702
 569.000       0.5593
 570.000       0.4878
 571.000       0.5834
 572.000       0.5376
 573.000       0.4566
 574.000       0.4394
 575.000       0.5171
 576.000       0.5323
 577.000       0.5098
 578.000       0.6416
 579.000       0.7473
 580.000       0.6871
 581.000       0.9521
 582.000       0.6101
 583.000       0.6378
 584.000       0.6965
 585.000       0.5977
 586.000       0.5300
 587.000       0.5481
 588.000       0.6879
 589.000       0.5303
 590.000       0.4179
 591.000       0.3822
 592.000       0.3898
 593.000       0.3919
 594.000       0.4020
 595.000       0.3742
 596.000       0.4091
 597.000       0.4443
 598.000       0.4332
 599.000       0.3926
 600.000       0.4548
 601.000       0.4916
 602.000       0.4598
 603.000       0.5253
 604.000       0.5915
 605.000       0.4665
 606.000       0.4503
 607.000       0.5399
 608.000       0.5212
 609.000       0.4112
 610.000       0.4996
 611.000       0.6364
 612.000       0.6241
 613.000       0.5405
 614.000       0.7369
 615.000       0.8787
 616.000       0.8470
 617.000       0.8646
 618.000       0.6511
 619.000       0.6438
 620.000       0.4909
 621.000       0.3806
 622.000       0.3851
 623.000       0.3978
 624.000       0.4221
 625.000       0.3840
 626.000       0.3983
 627.000       0.4241
 628.000       0.4780
 629.000       0.5393
 630.000       0.5848
 631.000       0.7324
 632.000       0.9676
 633.000       1.1146
 634.000       1.3248
 635.000       0.7893
 636.000       0.8412
 637.000       0.8660
 638.000       0.7741
 639.000       0.8704
 640.000       0.9339
 641.000       1.5291
 642.000       0.7864
 643.000       0.5268
 644.000       0.5015
 645.000       0.4779
 646.000       0.5148
 647.000       0.4726
 648.000       0.4949
 649.000       0.5393
 650.000       0.5354
 651.000       0.5995
 652.000       0.6500
 653.000       0.7695
 654.000       0.7546
 655.000       0.7862
 656.000       0.8735
 657.000       0.8287
 658.000       0.7563
 659.000       0.9170
 660.000       1.2240
 661.000       1.8454
