#Res             RMSF
   1.000       3.3979
   2.000       2.0532
   3.000       1.0115
   4.000       0.6701
   5.000       0.6450
   6.000       0.4920
   7.000       0.5285
   8.000       0.5232
   9.000       0.4813
  10.000       0.4487
  11.000       0.4757
  12.000       0.4884
  13.000       0.4196
  14.000       0.3793
  15.000       0.4496
  16.000       0.4714
  17.000       0.4273
  18.000       0.4395
  19.000       0.5126
  20.000       0.5591
  21.000       0.5726
  22.000       0.5701
  23.000       0.4941
  24.000       0.4194
  25.000       0.4446
  26.000       0.5707
  27.000       0.4992
  28.000       0.5087
  29.000       0.5212
  30.000       0.4055
  31.000       0.4158
  32.000       0.4714
  33.000       0.4779
  34.000       0.4074
  35.000       0.4263
  36.000       0.5214
  37.000       0.5105
  38.000       0.5083
  39.000       0.6534
  40.000       0.8110
  41.000       0.7230
  42.000       0.6785
  43.000       0.8129
  44.000       0.9695
  45.000       0.6382
  46.000       0.5736
  47.000       0.5291
  48.000       0.5421
  49.000       0.5851
  50.000       0.5321
  51.000       0.4597
  52.000       0.4206
  53.000       0.4557
  54.000       0.4304
  55.000       0.3763
  56.000       0.3591
  57.000       0.4056
  58.000       0.4122
  59.000       0.4024
  60.000       0.3869
  61.000       0.4158
  62.000       0.4164
  63.000       0.3872
  64.000       0.3693
  65.000       0.4438
  66.000       0.3836
  67.000       0.3379
  68.000       0.4340
  69.000       0.4844
  70.000       0.4115
  71.000       0.4045
  72.000       0.4633
  73.000       0.4331
  74.000       0.4085
  75.000       0.4631
  76.000       0.4970
  77.000       0.5241
  78.000       0.6095
  79.000       0.5174
  80.000       0.5350
  81.000       0.4349
  82.000       0.3830
  83.000       0.4323
  84.000       0.4607
  85.000       0.4314
  86.000       0.3783
  87.000       0.4745
  88.000       0.5348
  89.000       0.5106
  90.000       0.6040
  91.000       0.6800
  92.000       0.7826
  93.000       0.8373
  94.000       1.1097
  95.000       1.3168
  96.000       1.3791
  97.000       2.2044
