#Res             RMSF
 662.000       4.6661
 663.000       3.1617
 664.000       1.8241
 665.000       0.6535
 666.000       0.5752
 667.000       0.7193
 668.000       0.7703
 669.000       0.5796
 670.000       0.5158
 671.000       0.5445
 672.000       0.5303
 673.000       0.4633
 674.000       0.4775
 675.000       0.6062
 676.000       0.6517
 677.000       0.6537
 678.000       0.7066
 679.000       0.8849
 680.000       0.8917
 681.000       0.6256
 682.000       0.5720
 683.000       0.5183
 684.000       0.5832
 685.000       0.6596
 686.000       0.7446
 687.000       0.5954
 688.000       0.5866
 689.000       0.6217
 690.000       0.5559
 691.000       0.5405
 692.000       0.5065
 693.000       0.5010
 694.000       0.5199
 695.000       0.4708
 696.000       0.4981
 697.000       0.5086
 698.000       0.5315
 699.000       0.4337
 700.000       0.4972
 701.000       0.5230
 702.000       0.4279
 703.000       0.4884
 704.000       0.5796
 705.000       0.4728
 706.000       0.4404
 707.000       0.5458
 708.000       0.5362
 709.000       0.4643
 710.000       0.5031
 711.000       0.6089
 712.000       0.6428
 713.000       0.6774
 714.000       0.7357
 715.000       0.6352
 716.000       0.7287
 717.000       0.5733
 718.000       0.4771
 719.000       0.4661
 720.000       0.4505
 721.000       0.4514
 722.000       0.4101
 723.000       0.4169
 724.000       0.4521
 725.000       0.4247
 726.000       0.4241
 727.000       0.4247
 728.000       0.4572
 729.000       0.4638
 730.000       0.5319
 731.000       0.7122
 732.000       1.2048
 733.000       1.3496
 734.000       1.5086
 735.000       1.0795
 736.000       0.5832
 737.000       0.6734
 738.000       0.6360
 739.000       0.5688
 740.000       0.4687
 741.000       0.4703
 742.000       0.4794
 743.000       0.4459
 744.000       0.4786
 745.000       0.4909
 746.000       0.4453
 747.000       0.5066
 748.000       0.5733
 749.000       0.5688
 750.000       0.5598
 751.000       0.7788
 752.000       1.5323
 753.000       2.8980
