#Res             RMSF
 662.000       4.6640
 663.000       3.1589
 664.000       1.8219
 665.000       0.6531
 666.000       0.5758
 667.000       0.7189
 668.000       0.7700
 669.000       0.5792
 670.000       0.5154
 671.000       0.5440
 672.000       0.5300
 673.000       0.4629
 674.000       0.4771
 675.000       0.6061
 676.000       0.6515
 677.000       0.6530
 678.000       0.7069
 679.000       0.8842
 680.000       0.8913
 681.000       0.6252
 682.000       0.5715
 683.000       0.5181
 684.000       0.5828
 685.000       0.6595
 686.000       0.7450
 687.000       0.5967
 688.000       0.5879
 689.000       0.6224
 690.000       0.5569
 691.000       0.5403
 692.000       0.5067
 693.000       0.5019
 694.000       0.5205
 695.000       0.4714
 696.000       0.4983
 697.000       0.5091
 698.000       0.5316
 699.000       0.4335
 700.000       0.4974
 701.000       0.5238
 702.000       0.4281
 703.000       0.4883
 704.000       0.5789
 705.000       0.4725
 706.000       0.4400
 707.000       0.5453
 708.000       0.5362
 709.000       0.4643
 710.000       0.5030
 711.000       0.6090
 712.000       0.6423
 713.000       0.6768
 714.000       0.7353
 715.000       0.6351
 716.000       0.7279
 717.000       0.5728
 718.000       0.4765
 719.000       0.4658
 720.000       0.4503
 721.000       0.4508
 722.000       0.4096
 723.000       0.4165
 724.000       0.4516
 725.000       0.4242
 726.000       0.4238
 727.000       0.4243
 728.000       0.4569
 729.000       0.4640
 730.000       0.5316
 731.000       0.7120
 732.000       1.2038
 733.000       1.3487
 734.000       1.5101
 735.000       1.0798
 736.000       0.5834
 737.000       0.6734
 738.000       0.6357
 739.000       0.5683
 740.000       0.4684
 741.000       0.4705
 742.000       0.4788
 743.000       0.4455
 744.000       0.4784
 745.000       0.4907
 746.000       0.4448
 747.000       0.5061
 748.000       0.5729
 749.000       0.5683
 750.000       0.5593
 751.000       0.7782
 752.000       1.5305
 753.000       2.8968
