#Res             RMSF
 377.000       2.6920
 378.000       2.0610
 379.000       1.5278
 380.000       0.8518
 381.000       0.6738
 382.000       0.6641
 383.000       0.6025
 384.000       0.5625
 385.000       0.5581
 386.000       0.5028
 387.000       0.4410
 388.000       0.4386
 389.000       0.5084
 390.000       0.4606
 391.000       0.3847
 392.000       0.4566
 393.000       0.4992
 394.000       0.4332
 395.000       0.4415
 396.000       0.5362
 397.000       0.5730
 398.000       0.6088
 399.000       0.6068
 400.000       0.4981
 401.000       0.4532
 402.000       0.7573
 403.000       0.7912
 404.000       0.6193
 405.000       0.5354
 406.000       0.5378
 407.000       0.4240
 408.000       0.4289
 409.000       0.4412
 410.000       0.4061
 411.000       0.3722
 412.000       0.4332
 413.000       0.4405
 414.000       0.4769
 415.000       0.4957
 416.000       0.5989
 417.000       0.7776
 418.000       0.6773
 419.000       0.6954
 420.000       0.8115
 421.000       0.9452
 422.000       0.5951
 423.000       0.6217
 424.000       0.5652
 425.000       0.5880
 426.000       0.6374
 427.000       0.5461
 428.000       0.4348
 429.000       0.4136
 430.000       0.4498
 431.000       0.4367
 432.000       0.4003
 433.000       0.4476
 434.000       0.4058
 435.000       0.4318
 436.000       0.4267
 437.000       0.4185
 438.000       0.4222
 439.000       0.4234
 440.000       0.4132
 441.000       0.4142
 442.000       0.4235
 443.000       0.3816
 444.000       0.3310
 445.000       0.3978
 446.000       0.4046
 447.000       0.3559
 448.000       0.3673
 449.000       0.4311
 450.000       0.4325
 451.000       0.4357
 452.000       0.4544
 453.000       0.4779
 454.000       0.5579
 455.000       0.5909
 456.000       0.5011
 457.000       0.5514
 458.000       0.4259
 459.000       0.3746
 460.000       0.4453
 461.000       0.4468
 462.000       0.4348
 463.000       0.3763
 464.000       0.4573
 465.000       0.4946
 466.000       0.4514
 467.000       0.5107
 468.000       0.6162
 469.000       0.6809
 470.000       0.6874
 471.000       0.8729
 472.000       1.0722
 473.000       1.2296
 474.000       1.8350
 475.000       2.1616
