#Res             RMSF
 281.000       3.7350
 282.000       2.6862
 283.000       1.6282
 284.000       1.0331
 285.000       0.9433
 286.000       0.6964
 287.000       0.5351
 288.000       0.4560
 289.000       0.5016
 290.000       0.5695
 291.000       0.5179
 292.000       0.4690
 293.000       0.4909
 294.000       0.5471
 295.000       0.4702
 296.000       0.4612
 297.000       0.6000
 298.000       0.6797
 299.000       0.6777
 300.000       0.6082
 301.000       0.8665
 302.000       0.7652
 303.000       0.6067
 304.000       0.6000
 305.000       0.5020
 306.000       0.5737
 307.000       0.6697
 308.000       0.7245
 309.000       0.5603
 310.000       0.5418
 311.000       0.6409
 312.000       0.5566
 313.000       0.4311
 314.000       0.5130
 315.000       0.6173
 316.000       0.4911
 317.000       0.4004
 318.000       0.5232
 319.000       0.5139
 320.000       0.4101
 321.000       0.3576
 322.000       0.4398
 323.000       0.4280
 324.000       0.3571
 325.000       0.4019
 326.000       0.4495
 327.000       0.3789
 328.000       0.3573
 329.000       0.4159
 330.000       0.4186
 331.000       0.3971
 332.000       0.5057
 333.000       0.5609
 334.000       0.6072
 335.000       0.7862
 336.000       0.8061
 337.000       0.6524
 338.000       0.5842
 339.000       0.5277
 340.000       0.4356
 341.000       0.4758
 342.000       0.5017
 343.000       0.4796
 344.000       0.3978
 345.000       0.3804
 346.000       0.4305
 347.000       0.3824
 348.000       0.3553
 349.000       0.4046
 350.000       0.4664
 351.000       0.4612
 352.000       0.4562
 353.000       0.4785
 354.000       0.6243
 355.000       0.9011
 356.000       0.9434
 357.000       0.6062
 358.000       0.4939
 359.000       0.5881
 360.000       0.5376
 361.000       0.4595
 362.000       0.4407
 363.000       0.4870
 364.000       0.4977
 365.000       0.4420
 366.000       0.4832
 367.000       0.5265
 368.000       0.4668
 369.000       0.5241
 370.000       0.6068
 371.000       0.6053
 372.000       0.6031
 373.000       0.7563
 374.000       0.9374
 375.000       1.8314
 376.000       3.6194
