#Res             RMSF
 377.000       2.6886
 378.000       2.0610
 379.000       1.5255
 380.000       0.8520
 381.000       0.6743
 382.000       0.6645
 383.000       0.6029
 384.000       0.5625
 385.000       0.5572
 386.000       0.5019
 387.000       0.4409
 388.000       0.4376
 389.000       0.5070
 390.000       0.4603
 391.000       0.3845
 392.000       0.4558
 393.000       0.4979
 394.000       0.4329
 395.000       0.4413
 396.000       0.5360
 397.000       0.5725
 398.000       0.6083
 399.000       0.6066
 400.000       0.4984
 401.000       0.4536
 402.000       0.7580
 403.000       0.7919
 404.000       0.6197
 405.000       0.5360
 406.000       0.5383
 407.000       0.4243
 408.000       0.4288
 409.000       0.4414
 410.000       0.4065
 411.000       0.3725
 412.000       0.4336
 413.000       0.4409
 414.000       0.4773
 415.000       0.4960
 416.000       0.5966
 417.000       0.7750
 418.000       0.6773
 419.000       0.6951
 420.000       0.8115
 421.000       0.9448
 422.000       0.5955
 423.000       0.6220
 424.000       0.5655
 425.000       0.5884
 426.000       0.6377
 427.000       0.5465
 428.000       0.4352
 429.000       0.4138
 430.000       0.4498
 431.000       0.4371
 432.000       0.4001
 433.000       0.4477
 434.000       0.4060
 435.000       0.4321
 436.000       0.4270
 437.000       0.4189
 438.000       0.4225
 439.000       0.4239
 440.000       0.4137
 441.000       0.4147
 442.000       0.4236
 443.000       0.3820
 444.000       0.3312
 445.000       0.3982
 446.000       0.4050
 447.000       0.3563
 448.000       0.3671
 449.000       0.4310
 450.000       0.4325
 451.000       0.4362
 452.000       0.4540
 453.000       0.4776
 454.000       0.5582
 455.000       0.5915
 456.000       0.5013
 457.000       0.5515
 458.000       0.4262
 459.000       0.3749
 460.000       0.4454
 461.000       0.4471
 462.000       0.4347
 463.000       0.3759
 464.000       0.4578
 465.000       0.4947
 466.000       0.4516
 467.000       0.5109
 468.000       0.6162
 469.000       0.6813
 470.000       0.6879
 471.000       0.8733
 472.000       1.0730
 473.000       1.2299
 474.000       1.8337
 475.000       2.1607
