#Frame           gap7
       1      23.9688
       2      23.3831
       3      23.8951
       4      22.6695
       5      22.2333
       6      22.4677
       7      22.6858
       8      21.1191
       9      21.8038
      10      22.5611
      11      21.7562
      12      22.2083
      13      22.2095
      14      22.3433
      15      21.8315
      16      21.4386
      17      22.2054
      18      22.5384
      19      22.9832
      20      22.4783
      21      22.2990
      22      22.9208
      23      22.3454
      24      22.3016
      25      22.2042
      26      22.1905
      27      21.5720
      28      21.2516
      29      22.3479
      30      22.3126
      31      23.6803
      32      23.3145
      33      22.9554
      34      22.6664
      35      22.7793
      36      21.6057
      37      22.5916
      38      22.3426
      39      22.5413
      40      22.4440
      41      22.7535
      42      22.7525
      43      22.4776
      44      22.4345
      45      22.5809
      46      21.9697
      47      22.3026
      48      21.9007
      49      22.8475
      50      22.1264
      51      21.5439
      52      22.3098
      53      21.8144
      54      21.3472
      55      21.6868
      56      21.8797
      57      22.4838
      58      21.5535
      59      21.5845
      60      21.7702
      61      21.9384
      62      22.1329
      63      22.6290
      64      21.9128
      65      23.2555
      66      22.9995
      67      22.6140
      68      23.3555
      69      22.2726
      70      22.5597
      71      22.4420
      72      22.6700
      73      23.0796
      74      22.7710
      75      22.9217
      76      22.2429
      77      22.5085
      78      22.2561
      79      22.9279
      80      22.4936
      81      21.7335
      82      21.6976
      83      21.9350
      84      21.6275
      85      21.7878
      86      21.6911
      87      21.4173
      88      23.3558
      89      22.9916
      90      22.3648
      91      22.9086
      92      22.9144
      93      21.8667
      94      21.6238
      95      22.3147
      96      23.2805
      97      23.3909
      98      23.2312
      99      23.6574
     100      23.1978
     101      23.1082
     102      23.2320
     103      23.4100
     104      23.5453
     105      23.1999
     106      22.9738
     107      23.6198
     108      22.8606
     109      23.2738
     110      22.9019
     111      23.1813
     112      23.5071
     113      23.5288
     114      23.0816
     115      23.3095
     116      23.5673
     117      23.0809
     118      23.0818
     119      23.5296
     120      23.6203
     121      24.3032
     122      23.4765
     123      23.5951
     124      23.2892
     125      23.8019
     126      22.7661
     127      23.2361
     128      22.8990
     129      24.1216
     130      22.6721
     131      22.8325
     132      22.6969
     133      22.4421
     134      23.0714
     135      22.6393
     136      22.7834
     137      22.8108
     138      22.8688
     139      22.5512
     140      22.8161
     141      21.8506
     142      22.6161
     143      23.0391
     144      23.9458
     145      22.8765
     146      23.3031
     147      22.9732
     148      22.9415
     149      23.2437
     150      23.1552
     151      22.6692
     152      22.2012
     153      22.4863
     154      22.8167
     155      22.7674
     156      22.8800
     157      23.0335
     158      22.3531
     159      23.3729
     160      23.3493
     161      22.8091
     162      23.6404
     163      23.4737
     164      22.2013
     165      22.9367
     166      23.5329
     167      23.6497
     168      23.6136
     169      23.9252
     170      23.0297
     171      23.8473
     172      23.3579
     173      23.0868
     174      23.2427
     175      22.6050
     176      21.8856
     177      22.9373
     178      23.2380
     179      23.2716
     180      23.0420
     181      23.5940
     182      23.1150
     183      23.2313
     184      22.9166
     185      23.6652
     186      23.1152
     187      23.3069
     188      24.7968
     189      22.7112
     190      23.4615
     191      23.8792
     192      24.1488
     193      22.8361
     194      23.3853
     195      22.9586
     196      22.5789
     197      22.7056
     198      22.1664
     199      23.8471
     200      23.1034
     201      23.0059
     202      22.6634
     203      23.1074
     204      23.0233
     205      23.6369
     206      23.3774
     207      23.5196
     208      23.7666
     209      24.0324
     210      23.6676
     211      23.7226
     212      23.0409
     213      22.9355
     214      22.6218
     215      22.4541
     216      22.3352
     217      22.5620
     218      23.3955
     219      23.1593
     220      22.7828
     221      22.7464
     222      22.9277
     223      22.9198
     224      23.7338
     225      23.4608
     226      24.0412
     227      23.5271
     228      24.4684
     229      23.6512
     230      22.7383
     231      23.2658
     232      23.3102
     233      23.6796
     234      23.8143
     235      23.9756
     236      24.3577
     237      23.5334
     238      23.1056
     239      22.5337
     240      22.3177
     241      21.9870
     242      22.0680
     243      22.3783
     244      22.5079
     245      22.9166
     246      22.4364
     247      22.3255
     248      22.3944
     249      22.5190
     250      22.5794
     251      23.4954
     252      21.9038
     253      22.8664
     254      22.9002
     255      22.3239
     256      22.4559
     257      22.2622
     258      22.0333
     259      23.1240
     260      22.5715
     261      22.2505
     262      22.2999
     263      22.0891
     264      22.9477
     265      22.2631
     266      22.4792
     267      22.2662
     268      21.8043
     269      22.1088
     270      21.1929
     271      21.9451
     272      21.6519
     273      22.2698
     274      22.3716
     275      22.9130
     276      22.4236
     277      22.3567
     278      22.8825
     279      21.7832
     280      22.2043
     281      21.9761
     282      22.0727
     283      22.6114
     284      22.3245
     285      22.6152
     286      21.7631
     287      22.6422
     288      23.3637
     289      21.9515
     290      21.8852
     291      21.8370
     292      21.7960
     293      22.0030
     294      21.9799
     295      21.9897
     296      22.2110
     297      21.7915
     298      21.7087
     299      21.9666
     300      21.6865
     301      22.4229
     302      22.1426
     303      22.3458
     304      22.8156
     305      22.5275
     306      22.4482
     307      23.0692
     308      23.3396
     309      22.8997
     310      23.7158
     311      23.9869
     312      23.4183
     313      23.2777
     314      22.4700
     315      23.2729
     316      22.5380
     317      22.7792
     318      23.0983
     319      24.0326
     320      23.4031
     321      23.1713
     322      23.0279
     323      24.4525
     324      23.1306
     325      23.4507
     326      22.5824
     327      22.5989
     328      23.2932
     329      24.0683
     330      23.8427
     331      23.3188
     332      24.0786
     333      23.4263
     334      22.8630
     335      23.0482
     336      23.1381
     337      24.0313
     338      23.4200
     339      22.8874
     340      22.8561
     341      22.5582
     342      22.6323
     343      23.0575
     344      22.6017
     345      22.5468
     346      22.5789
     347      22.6190
     348      21.9310
     349      22.6460
     350      22.4564
     351      22.7607
     352      22.2804
     353      22.1449
     354      22.6047
     355      22.9514
     356      22.6712
     357      22.3966
     358      22.4043
     359      21.5133
     360      21.7751
     361      22.8413
     362      22.5110
     363      22.8126
     364      23.6808
     365      23.6336
     366      22.7553
     367      23.6069
     368      23.2147
     369      23.0635
     370      24.2041
     371      23.6596
     372      23.5052
     373      23.0489
     374      24.5223
     375      23.5603
     376      24.4197
     377      23.3646
     378      23.4263
     379      22.8662
     380      24.2213
     381      23.7139
     382      23.2125
     383      24.4140
     384      24.0417
     385      23.4119
     386      24.3404
     387      23.1361
     388      22.9643
     389      24.2959
     390      23.8711
     391      24.0615
     392      24.2548
     393      24.5101
     394      23.2350
     395      23.1416
     396      23.8107
     397      23.8087
     398      23.2972
     399      23.3947
     400      23.6399
