#Frame           gap7
       1      23.5415
       2      22.9497
       3      23.0793
       4      22.8858
       5      23.0615
       6      23.1352
       7      22.1629
       8      23.6230
       9      22.8579
      10      23.3144
      11      22.8632
      12      23.5543
      13      23.3359
      14      23.6033
      15      23.0910
      16      23.8684
      17      22.7113
      18      23.6872
      19      23.2748
      20      23.0026
      21      22.6867
      22      24.5920
      23      23.9385
      24      23.8380
      25      24.0947
      26      23.4672
      27      22.6732
      28      22.6467
      29      22.9544
      30      23.2812
      31      23.2715
      32      23.2983
      33      23.2106
      34      23.1209
      35      23.2121
      36      23.2010
      37      22.9707
      38      22.8733
      39      23.5145
      40      22.8385
      41      23.3263
      42      22.7930
      43      23.1074
      44      22.6520
      45      23.5979
      46      23.3320
      47      22.4774
      48      23.0100
      49      22.9806
      50      22.8371
      51      22.8083
      52      22.5450
      53      23.1141
      54      23.2782
      55      23.2956
      56      23.0679
      57      24.2251
      58      23.6814
      59      24.0373
      60      23.7268
      61      23.2052
      62      23.9982
      63      24.0648
      64      23.7606
      65      23.8695
      66      23.4980
      67      23.9491
      68      23.2530
      69      23.0446
      70      23.4130
      71      23.6041
      72      23.8020
      73      22.5534
      74      22.4065
      75      22.1662
      76      22.9049
      77      23.3419
      78      23.4085
      79      23.8493
      80      23.0772
      81      23.5120
      82      23.3095
      83      23.7016
      84      23.6599
      85      23.8013
      86      22.6069
      87      23.0915
      88      23.5387
      89      24.3282
      90      23.2903
      91      23.7704
      92      23.3493
      93      23.1581
      94      23.0071
      95      24.1120
      96      22.6858
      97      23.7497
      98      23.0254
      99      23.2320
     100      23.5319
     101      22.5511
     102      23.7410
     103      23.4047
     104      23.1937
     105      22.8501
     106      23.4551
     107      24.7028
     108      23.2173
     109      23.2581
     110      22.7389
     111      23.1040
     112      22.6606
     113      24.3867
     114      23.9240
     115      23.2282
     116      23.7061
     117      24.5672
     118      24.4311
     119      24.3150
     120      23.7302
     121      23.5438
     122      23.2998
     123      23.6689
     124      24.3016
     125      23.1847
     126      22.9786
     127      23.8598
     128      23.9928
     129      22.8106
     130      23.3741
     131      24.0684
     132      23.4316
     133      23.8101
     134      24.0290
     135      23.6307
     136      23.1014
     137      23.5138
     138      23.5935
     139      23.7151
     140      23.2891
     141      22.7288
     142      24.1880
     143      24.0584
     144      23.7589
     145      23.5001
     146      23.3447
     147      23.2641
     148      23.4305
     149      23.2797
     150      22.5273
     151      22.7367
     152      24.5653
     153      24.0048
     154      24.5829
     155      23.1096
     156      23.1267
     157      23.7063
     158      23.5704
     159      23.4190
     160      21.5111
     161      23.1069
     162      22.9783
     163      24.2986
     164      23.5226
     165      25.3568
     166      23.9473
     167      24.8353
     168      25.3635
     169      24.6455
     170      24.6591
     171      24.6797
     172      23.5454
     173      23.6661
     174      24.2667
     175      24.3425
     176      24.1405
     177      24.1516
     178      24.3293
     179      24.0175
     180      23.6883
     181      23.4045
     182      23.4391
     183      23.4448
     184      23.1444
     185      23.4940
     186      23.7637
     187      24.2489
     188      23.4940
     189      24.1624
     190      24.4399
     191      23.5480
     192      24.2838
     193      24.5169
     194      24.0858
     195      24.6613
     196      23.7165
     197      23.9865
     198      24.3081
     199      24.3598
     200      24.4725
     201      23.8800
     202      24.1791
     203      23.7457
     204      24.0938
     205      24.2570
     206      23.8129
     207      24.5817
     208      23.9726
     209      24.0219
     210      23.9583
     211      25.0076
     212      24.1780
     213      24.2460
     214      24.0743
     215      24.2863
     216      24.5313
     217      24.2955
     218      23.1046
     219      23.6368
     220      22.7079
     221      23.7765
     222      24.3598
     223      23.6005
     224      23.7102
     225      24.2495
     226      24.5977
     227      24.0923
     228      24.1022
     229      23.7436
     230      24.0058
     231      24.3234
     232      24.3331
     233      23.9557
     234      23.9760
     235      23.9540
     236      25.3940
     237      24.3732
     238      24.3636
     239      23.9142
     240      24.8758
     241      23.9923
     242      23.4849
     243      23.5128
     244      23.4810
     245      24.8596
     246      24.4080
     247      23.9739
     248      23.7005
     249      23.9048
     250      23.9921
     251      24.3297
     252      24.3472
     253      24.4060
     254      24.0770
     255      24.2626
     256      24.4736
     257      24.7233
     258      24.7116
     259      24.6470
     260      24.5681
     261      24.5543
     262      24.6655
     263      24.5226
     264      24.6070
     265      24.2722
     266      24.6151
     267      24.4227
     268      24.8041
     269      24.4137
     270      24.0027
     271      24.5280
     272      24.8615
     273      24.6114
     274      25.4886
     275      25.0993
     276      24.3737
     277      23.9038
     278      24.4725
     279      24.7728
     280      24.1449
     281      24.5470
     282      24.7871
     283      24.1952
     284      23.7778
     285      24.0521
     286      23.7551
     287      24.3722
     288      23.7860
     289      22.8319
     290      23.7370
     291      23.4775
     292      23.8315
     293      23.5063
     294      23.0112
     295      23.3638
     296      23.5764
     297      24.5056
     298      23.6843
     299      24.3583
     300      24.2075
     301      23.8931
     302      24.0688
     303      23.6958
     304      23.3354
     305      23.1808
     306      23.9683
     307      23.5808
     308      24.2090
     309      23.2525
     310      23.3683
     311      24.1232
     312      23.7505
     313      24.1543
     314      23.6314
     315      23.5690
     316      23.4883
     317      24.3259
     318      23.5104
     319      23.5140
     320      23.7499
     321      23.5159
     322      23.9863
     323      23.3358
     324      23.8057
     325      23.5373
     326      23.6233
     327      24.1314
     328      23.3654
     329      23.9569
     330      23.4572
     331      23.2668
     332      23.2743
     333      23.4970
     334      23.8095
     335      23.9466
     336      23.1729
     337      23.5124
     338      23.6259
     339      24.2555
     340      23.4901
     341      22.6701
     342      23.0461
     343      23.0857
     344      23.3177
     345      23.3483
     346      23.3792
     347      23.5840
     348      23.2365
     349      23.7562
     350      23.6156
     351      22.9504
     352      23.1327
     353      22.8676
     354      22.9894
     355      24.1378
     356      24.2818
     357      23.7327
     358      23.2994
     359      24.0332
     360      24.0938
     361      22.9440
     362      23.4569
     363      23.4873
     364      23.6132
     365      22.9911
     366      23.2713
     367      23.0010
     368      23.0423
     369      23.4320
     370      22.7815
     371      24.2041
     372      24.2488
     373      23.4604
     374      23.7946
     375      23.5995
     376      23.0375
     377      23.5688
     378      23.2279
     379      23.5099
     380      23.1147
     381      22.9171
     382      22.5232
     383      22.5121
     384      23.3415
     385      23.2452
     386      23.0337
     387      22.3168
     388      22.3721
     389      22.9447
     390      23.2048
     391      22.8471
     392      23.5177
     393      22.8411
     394      22.3123
     395      22.5312
     396      22.7241
     397      22.1288
     398      22.8244
     399      22.6363
     400      22.9592
