#Frame           gap2
       1      27.1900
       2      26.5350
       3      26.4871
       4      23.7148
       5      25.8714
       6      25.5509
       7      25.0667
       8      25.4928
       9      25.8371
      10      26.1611
      11      28.7850
      12      24.7008
      13      24.4177
      14      27.4446
      15      25.0249
      16      26.7853
      17      25.1999
      18      25.3972
      19      28.7872
      20      27.8762
      21      28.2747
      22      26.3937
      23      24.8340
      24      26.9611
      25      25.7373
      26      25.0771
      27      26.5010
      28      25.4392
      29      26.2684
      30      27.2339
      31      26.1795
      32      27.0671
      33      28.2692
      34      26.6414
      35      24.7694
      36      26.7712
      37      28.0298
      38      25.3023
      39      26.2001
      40      27.7500
      41      29.0319
      42      28.9151
      43      30.6192
      44      28.5376
      45      29.9362
      46      28.8080
      47      27.1056
      48      28.0257
      49      27.3842
      50      26.8874
      51      28.9121
      52      29.0939
      53      27.1023
      54      28.5260
      55      27.0400
      56      27.4217
      57      26.0285
      58      27.1312
      59      26.9542
      60      29.2839
      61      28.7323
      62      27.1929
      63      27.0473
      64      28.0013
      65      26.2769
      66      25.4090
      67      25.9021
      68      27.4205
      69      26.0883
      70      25.9586
      71      28.2658
      72      26.9194
      73      23.5186
      74      23.9032
      75      25.9739
      76      26.1911
      77      25.7747
      78      26.9469
      79      26.5394
      80      25.3441
      81      25.9320
      82      26.5051
      83      25.9346
      84      25.6152
      85      25.7904
      86      25.6544
      87      26.0659
      88      23.8523
      89      24.9255
      90      25.7958
      91      26.2929
      92      24.3048
      93      23.6685
      94      23.1366
      95      25.2587
      96      24.5119
      97      24.9199
      98      26.8498
      99      25.4062
     100      24.7983
     101      21.7276
     102      25.4994
     103      24.9183
     104      25.9817
     105      26.0722
     106      26.2052
     107      27.3906
     108      26.2278
     109      25.4555
     110      25.7233
     111      25.0280
     112      25.1350
     113      27.4479
     114      25.9234
     115      26.5798
     116      26.5700
     117      26.9049
     118      27.0111
     119      25.0316
     120      25.1158
     121      27.3198
     122      26.0047
     123      25.5703
     124      25.5483
     125      25.5658
     126      23.7888
     127      24.6505
     128      24.5364
     129      26.4402
     130      25.3122
     131      25.8314
     132      25.0018
     133      26.5598
     134      23.8403
     135      24.6137
     136      23.7379
     137      24.4335
     138      22.9247
     139      25.0125
     140      25.3825
     141      25.2137
     142      26.1678
     143      25.2470
     144      27.4794
     145      25.1725
     146      24.7705
     147      26.5182
     148      24.6293
     149      26.2409
     150      26.1857
     151      26.2694
     152      25.2565
     153      24.8894
     154      25.5739
     155      24.7229
     156      25.0622
     157      24.2642
     158      22.6510
     159      25.0460
     160      25.0613
     161      25.3644
     162      25.3106
     163      26.6953
     164      26.5297
     165      25.9238
     166      24.4356
     167      25.9011
     168      23.9340
     169      25.0895
     170      25.0065
     171      24.8569
     172      25.9049
     173      25.9375
     174      25.3245
     175      27.9002
     176      26.5627
     177      26.0198
     178      24.9720
     179      26.2400
     180      26.8317
     181      25.7603
     182      26.8174
     183      26.7911
     184      25.2515
     185      26.2899
     186      26.7892
     187      27.1295
     188      26.3411
     189      26.4660
     190      25.0093
     191      29.3011
     192      26.1603
     193      28.0372
     194      26.1328
     195      27.5153
     196      27.6099
     197      26.2650
     198      27.4886
     199      27.1897
     200      28.5894
     201      28.0801
     202      27.1918
     203      26.1271
     204      25.1968
     205      24.5244
     206      25.5169
     207      26.6089
     208      24.9206
     209      24.8361
     210      26.9203
     211      25.9214
     212      27.9302
     213      26.2477
     214      27.6944
     215      27.3003
     216      27.4011
     217      25.8681
     218      25.7931
     219      26.5087
     220      26.6494
     221      25.9117
     222      25.4189
     223      25.3740
     224      26.4639
     225      26.7452
     226      26.8369
     227      24.7744
     228      24.9875
     229      25.6753
     230      25.8228
     231      24.0380
     232      26.3324
     233      25.7952
     234      25.3537
     235      24.3531
     236      25.3397
     237      25.4183
     238      24.9127
     239      25.5022
     240      24.5699
     241      24.1621
     242      25.2437
     243      26.5154
     244      26.1902
     245      24.3394
     246      26.4998
     247      25.3173
     248      27.0278
     249      28.2841
     250      27.1760
     251      27.2025
     252      26.0904
     253      25.2565
     254      27.5202
     255      25.2173
     256      25.8093
     257      26.8550
     258      25.8102
     259      26.5087
     260      28.0050
     261      26.3477
     262      26.3182
     263      25.2722
     264      26.2959
     265      27.7365
     266      27.3537
     267      24.9463
     268      26.3307
     269      25.4089
     270      25.7066
     271      26.7968
     272      27.5013
     273      26.0501
     274      25.8132
     275      26.0855
     276      26.0426
     277      26.9867
     278      25.5097
     279      25.3756
     280      24.9220
     281      26.2747
     282      26.6120
     283      27.0372
     284      26.9262
     285      26.8750
     286      26.2484
     287      27.2545
     288      27.4665
     289      26.7218
     290      28.9987
     291      26.7098
     292      25.7935
     293      28.8738
     294      27.3011
     295      25.9444
     296      25.5890
     297      25.5903
     298      27.4542
     299      26.3675
     300      25.6728
     301      24.7607
     302      26.1812
     303      26.9793
     304      24.4037
     305      25.1497
     306      26.6136
     307      26.5278
     308      26.0734
     309      25.4125
     310      26.3908
     311      24.8300
     312      26.4703
     313      28.0127
     314      27.4654
     315      26.6118
     316      26.1651
     317      26.1699
     318      27.6758
     319      25.7467
     320      24.4787
     321      24.5375
     322      26.8118
     323      25.2174
     324      26.8367
     325      26.6419
     326      25.7600
     327      25.2458
     328      25.1884
     329      25.3032
     330      25.5996
     331      26.5318
     332      27.3884
     333      26.5397
     334      29.4415
     335      27.6339
     336      25.8167
     337      25.2701
     338      26.1946
     339      26.2201
     340      26.5457
     341      29.1209
     342      25.8385
     343      27.2334
     344      28.6426
     345      28.5596
     346      26.6449
     347      27.3204
     348      24.2352
     349      27.1587
     350      25.8468
     351      24.9100
     352      23.6913
     353      25.7510
     354      24.6000
     355      24.8077
     356      26.1068
     357      27.4797
     358      26.9908
     359      27.9693
     360      25.0113
     361      26.5750
     362      26.7319
     363      25.3180
     364      25.2416
     365      24.7596
     366      25.2346
     367      26.4751
     368      29.1835
     369      29.2993
     370      25.5789
     371      25.0473
     372      27.7059
     373      27.1987
     374      26.3580
     375      28.6261
     376      29.9467
     377      28.5265
     378      26.1361
     379      27.8845
     380      26.6660
     381      28.2696
     382      28.3905
     383      27.6141
     384      27.6698
     385      26.5806
     386      27.0833
     387      26.8534
     388      28.1153
     389      27.3585
     390      26.5997
     391      27.2765
     392      26.3754
     393      24.1892
     394      26.2030
     395      27.0696
     396      27.2658
     397      27.3350
     398      25.6433
     399      25.9594
     400      26.2484
