#Frame           gap1
       1      22.4150
       2      22.0819
       3      22.0149
       4      21.6784
       5      21.7815
       6      22.2843
       7      22.4795
       8      22.7036
       9      22.1368
      10      22.5092
      11      22.4593
      12      22.2549
      13      22.1817
      14      21.3672
      15      22.0183
      16      21.3805
      17      21.5925
      18      21.2419
      19      21.6790
      20      21.6877
      21      21.6688
      22      21.8787
      23      21.5548
      24      21.7189
      25      21.3021
      26      21.0825
      27      21.6124
      28      21.6813
      29      22.6534
      30      22.6550
      31      21.9255
      32      21.1208
      33      21.1080
      34      21.5142
      35      21.3660
      36      21.6786
      37      21.3860
      38      21.6047
      39      21.6888
      40      21.4965
      41      21.4092
      42      21.6605
      43      21.3652
      44      22.0220
      45      21.6780
      46      20.6534
      47      20.9330
      48      21.4030
      49      21.7435
      50      20.6617
      51      20.8848
      52      20.6827
      53      21.2186
      54      20.8268
      55      20.8420
      56      21.0480
      57      20.8692
      58      20.6800
      59      21.3234
      60      21.3006
      61      21.7039
      62      22.0935
      63      21.7178
      64      21.3594
      65      21.4437
      66      21.9142
      67      21.6775
      68      21.2072
      69      21.8060
      70      21.6179
      71      20.4913
      72      21.2619
      73      20.5188
      74      20.5710
      75      20.8708
      76      20.6502
      77      20.8565
      78      20.9920
      79      21.3996
      80      21.0616
      81      21.0159
      82      20.8570
      83      20.5360
      84      21.1633
      85      21.3087
      86      21.0445
      87      21.2809
      88      21.2512
      89      20.8437
      90      20.9730
      91      20.7839
      92      20.6012
      93      21.2621
      94      21.2696
      95      21.0596
      96      20.9141
      97      21.1571
      98      21.1163
      99      20.5986
     100      20.9338
     101      20.9808
     102      21.9526
     103      20.7691
     104      20.3140
     105      20.3070
     106      20.9857
     107      20.1803
     108      20.9454
     109      20.4296
     110      21.1182
     111      20.4414
     112      20.9049
     113      21.3312
     114      20.5037
     115      20.6162
     116      20.7180
     117      21.3316
     118      21.8354
     119      21.3763
     120      21.2297
     121      21.0186
     122      21.7797
     123      21.4761
     124      21.4677
     125      21.1239
     126      21.5451
     127      20.8682
     128      21.2170
     129      21.0824
     130      21.5969
     131      21.7780
     132      21.0410
     133      20.4660
     134      20.4695
     135      21.1408
     136      21.2893
     137      20.7303
     138      20.7008
     139      21.1436
     140      21.3627
     141      20.7370
     142      20.6084
     143      21.1570
     144      21.5161
     145      20.3228
     146      21.2188
     147      22.0208
     148      21.6347
     149      21.5776
     150      20.6894
     151      20.5348
     152      20.9426
     153      20.5324
     154      20.5433
     155      21.0504
     156      20.7869
     157      20.6911
     158      21.9817
     159      21.7364
     160      22.0666
     161      22.1616
     162      21.0482
     163      21.7202
     164      20.3692
     165      20.5102
     166      20.7568
     167      21.0275
     168      20.6230
     169      20.7377
     170      20.4576
     171      20.2254
     172      20.3012
     173      20.8645
     174      20.7722
     175      20.5681
     176      20.5360
     177      20.9866
     178      20.9128
     179      20.0952
     180      19.9644
     181      20.9129
     182      20.1671
     183      21.5151
     184      20.7683
     185      20.3554
     186      21.2829
     187      20.6217
     188      20.7384
     189      19.6700
     190      20.2827
     191      20.6862
     192      20.5170
     193      19.9842
     194      20.5066
     195      20.2475
     196      19.5584
     197      19.1360
     198      18.8533
     199      18.8869
     200      20.1386
     201      20.0726
     202      21.0269
     203      20.6125
     204      20.6389
     205      20.5520
     206      20.2750
     207      20.8521
     208      21.2949
     209      20.9986
     210      21.1285
     211      20.9594
     212      21.4293
     213      21.2446
     214      22.5112
     215      22.4384
     216      21.1841
     217      21.4064
     218      21.3770
     219      21.4260
     220      21.2830
     221      21.2244
     222      21.7240
     223      21.2441
     224      23.1511
     225      22.7782
     226      22.5076
     227      22.3412
     228      21.2515
     229      22.3681
     230      22.2144
     231      22.0024
     232      22.6858
     233      22.4465
     234      22.4538
     235      22.7656
     236      23.1260
     237      22.0693
     238      21.5507
     239      22.0471
     240      20.7704
     241      20.8000
     242      20.5981
     243      21.7754
     244      21.7510
     245      22.3153
     246      21.0939
     247      22.0470
     248      21.6660
     249      21.7346
     250      22.1773
     251      21.6620
     252      21.2739
     253      20.8285
     254      20.9211
     255      21.5468
     256      21.8460
     257      21.4503
     258      21.8247
     259      21.6807
     260      21.7496
     261      21.7328
     262      21.9381
     263      21.9107
     264      22.1345
     265      22.4732
     266      21.8906
     267      21.9867
     268      22.4793
     269      21.6592
     270      22.3892
     271      21.1832
     272      21.9081
     273      21.6121
     274      22.3490
     275      21.7333
     276      21.9350
     277      21.5359
     278      21.5128
     279      21.3532
     280      21.7613
     281      22.0958
     282      21.8293
     283      22.3461
     284      21.6582
     285      21.4882
     286      21.9201
     287      22.2113
     288      22.1138
     289      22.1338
     290      22.8868
     291      22.1587
     292      21.7100
     293      22.9424
     294      23.0552
     295      22.4925
     296      22.5820
     297      22.6157
     298      22.1545
     299      23.6008
     300      22.3396
     301      23.1644
     302      21.9225
     303      21.8685
     304      21.4409
     305      21.9310
     306      21.8017
     307      22.2731
     308      23.0950
     309      22.3229
     310      22.1447
     311      22.6376
     312      23.6088
     313      22.3366
     314      22.4781
     315      22.4198
     316      22.2694
     317      20.9209
     318      22.3487
     319      22.3998
     320      23.2584
     321      23.6267
     322      22.2277
     323      22.3086
     324      22.6932
     325      22.9276
     326      21.8485
     327      22.3993
     328      22.7343
     329      22.0166
     330      22.7595
     331      21.9106
     332      21.2951
     333      21.5211
     334      21.9559
     335      22.9794
     336      22.8617
     337      22.5503
     338      23.0943
     339      22.7196
     340      22.2585
     341      22.5155
     342      22.7088
     343      23.0387
     344      23.1349
     345      22.2910
     346      21.8141
     347      21.8691
     348      21.8502
     349      21.8105
     350      22.1850
     351      22.1573
     352      22.3649
     353      21.9280
     354      21.3932
     355      21.5945
     356      22.2263
     357      22.3701
     358      21.6038
     359      22.1309
     360      21.7230
     361      22.0223
     362      21.9564
     363      22.0487
     364      21.6898
     365      21.8893
     366      21.6508
     367      21.0871
     368      22.0035
     369      22.1793
     370      22.7644
     371      22.4018
     372      22.6701
     373      22.8613
     374      22.3828
     375      22.2303
     376      22.4737
     377      22.3645
     378      22.2880
     379      22.5125
     380      22.3704
     381      22.6413
     382      22.4586
     383      21.9219
     384      23.2886
     385      22.6368
     386      22.0754
     387      22.0571
     388      21.6225
     389      21.7513
     390      21.6400
     391      22.1915
     392      21.5952
     393      22.0049
     394      22.3026
     395      22.4573
     396      23.2424
     397      22.3655
     398      22.4382
     399      22.1122
     400      23.4134
