#Frame           gap3
       1      25.6016
       2      25.7341
       3      27.9561
       4      27.2159
       5      29.5126
       6      27.6343
       7      27.9536
       8      26.4144
       9      26.7420
      10      27.2037
      11      26.3254
      12      27.6669
      13      27.3100
      14      26.8094
      15      27.7354
      16      26.8260
      17      26.8876
      18      26.7947
      19      26.4305
      20      27.3448
      21      27.3715
      22      27.4462
      23      25.6831
      24      25.8343
      25      26.0431
      26      28.7969
      27      30.5322
      28      29.1296
      29      29.4749
      30      29.6448
      31      29.5405
      32      28.1913
      33      29.2386
      34      29.8007
      35      30.6185
      36      28.4126
      37      28.2897
      38      30.3226
      39      28.1306
      40      31.0373
      41      28.1250
      42      27.4921
      43      28.9834
      44      28.1547
      45      29.1015
      46      26.0337
      47      27.0392
      48      27.3445
      49      28.4228
      50      29.0377
      51      28.2709
      52      27.5154
      53      28.8568
      54      27.5369
      55      28.4950
      56      27.7009
      57      29.1815
      58      31.0762
      59      27.9529
      60      26.9350
      61      27.2947
      62      27.5065
      63      27.7439
      64      29.3475
      65      28.1835
      66      27.5588
      67      26.9147
      68      27.5666
      69      26.9118
      70      27.0690
      71      29.1956
      72      27.8686
      73      28.3881
      74      27.2097
      75      25.4799
      76      25.1974
      77      26.4159
      78      26.4574
      79      28.6965
      80      26.6399
      81      27.7481
      82      27.6477
      83      26.9333
      84      26.6695
      85      27.8109
      86      26.6043
      87      28.4265
      88      28.8233
      89      28.0216
      90      26.7928
      91      28.5242
      92      28.4226
      93      28.1112
      94      27.0800
      95      28.1359
      96      27.6708
      97      27.4252
      98      28.1384
      99      28.4166
     100      28.8065
     101      28.1468
     102      29.6334
     103      28.9782
     104      29.6451
     105      29.9423
     106      27.7081
     107      28.3830
     108      29.1473
     109      29.0249
     110      29.2987
     111      25.9536
     112      28.2181
     113      30.4661
     114      28.1905
     115      28.2544
     116      27.8721
     117      28.4586
     118      30.4351
     119      27.1727
     120      28.3999
     121      29.6978
     122      29.0962
     123      28.8812
     124      29.8545
     125      29.6338
     126      28.0336
     127      25.0656
     128      29.7078
     129      31.0178
     130      29.0315
     131      29.4939
     132      30.4748
     133      29.9542
     134      28.1221
     135      27.4896
     136      28.1102
     137      29.9554
     138      29.2374
     139      29.6379
     140      27.0433
     141      28.3419
     142      26.9488
     143      27.3962
     144      27.7445
     145      28.6962
     146      27.5710
     147      25.2073
     148      24.8869
     149      27.2257
     150      28.9289
     151      29.5399
     152      29.4350
     153      29.3725
     154      28.1416
     155      29.6507
     156      28.6663
     157      27.1080
     158      26.5826
     159      27.4504
     160      26.9872
     161      28.0605
     162      28.3927
     163      28.5477
     164      30.4509
     165      30.6146
     166      30.0950
     167      28.6503
     168      27.3192
     169      25.5251
     170      28.1093
     171      28.0417
     172      28.3140
     173      29.2519
     174      29.8498
     175      29.1654
     176      28.3512
     177      31.3650
     178      30.9288
     179      29.7055
     180      28.5716
     181      27.8217
     182      25.9865
     183      27.2060
     184      28.5919
     185      25.4777
     186      26.8565
     187      27.1869
     188      28.6414
     189      28.0876
     190      27.3687
     191      25.7586
     192      25.4462
     193      26.1421
     194      26.4114
     195      28.8956
     196      30.8006
     197      29.2980
     198      28.4607
     199      28.0962
     200      27.0155
     201      28.6471
     202      28.4882
     203      28.6850
     204      27.0995
     205      29.9766
     206      28.4126
     207      28.5214
     208      28.1414
     209      27.2664
     210      27.1972
     211      30.0753
     212      28.1975
     213      29.2675
     214      30.4955
     215      28.7181
     216      27.5473
     217      27.3251
     218      29.5150
     219      28.6882
     220      27.1528
     221      27.4533
     222      26.5911
     223      27.6815
     224      29.7385
     225      25.0669
     226      26.6406
     227      26.1978
     228      28.5446
     229      27.9011
     230      27.3931
     231      29.7235
     232      30.9633
     233      28.6572
     234      29.4611
     235      29.1136
     236      24.8992
     237      25.8516
     238      27.6920
     239      26.7745
     240      28.4809
     241      25.5540
     242      29.0888
     243      30.3969
     244      28.8097
     245      27.7149
     246      28.5155
     247      26.8777
     248      26.3273
     249      28.9157
     250      27.4529
     251      28.9886
     252      31.7231
     253      30.1754
     254      28.4597
     255      26.6928
     256      25.2069
     257      26.3391
     258      28.7725
     259      26.3435
     260      26.5033
     261      28.9385
     262      27.5453
     263      28.2142
     264      29.0664
     265      27.5833
     266      26.4403
     267      27.3582
     268      25.8798
     269      26.7724
     270      28.1343
     271      28.6390
     272      28.4409
     273      28.7507
     274      29.7809
     275      29.1478
     276      27.1514
     277      27.2143
     278      28.0138
     279      29.4678
     280      26.1651
     281      24.8072
     282      26.2841
     283      26.7576
     284      26.3473
     285      26.7673
     286      25.7823
     287      26.5827
     288      27.1120
     289      29.6495
     290      28.2514
     291      28.9171
     292      26.6650
     293      30.3692
     294      28.9873
     295      31.6379
     296      29.1101
     297      29.3281
     298      29.7605
     299      27.0506
     300      26.0119
     301      27.8678
     302      27.7618
     303      25.1939
     304      26.8388
     305      27.4321
     306      29.5546
     307      28.6498
     308      25.8971
     309      26.0688
     310      28.0965
     311      28.3960
     312      26.0540
     313      27.4222
     314      28.4656
     315      27.4565
     316      27.7820
     317      28.0194
     318      26.0949
     319      26.1743
     320      26.1818
     321      26.2654
     322      25.2412
     323      24.9098
     324      24.2704
     325      24.5928
     326      27.5575
     327      27.3631
     328      26.2229
     329      25.8498
     330      28.5853
     331      29.1429
     332      27.9481
     333      26.8690
     334      27.8627
     335      28.3858
     336      27.8317
     337      26.5239
     338      25.4021
     339      28.8740
     340      26.3800
     341      26.6277
     342      24.7537
     343      24.7091
     344      26.4088
     345      27.3679
     346      26.6801
     347      26.0864
     348      26.0567
     349      27.4858
     350      29.2042
     351      25.9766
     352      27.3010
     353      29.1232
     354      29.3321
     355      29.8003
     356      28.3430
     357      25.3626
     358      26.9710
     359      28.9011
     360      27.9079
     361      27.3892
     362      26.5104
     363      25.9107
     364      28.0172
     365      27.9955
     366      26.1005
     367      26.8119
     368      27.4342
     369      26.8487
     370      25.1086
     371      27.7236
     372      27.6704
     373      26.7545
     374      26.9122
     375      28.9878
     376      27.4098
     377      28.3941
     378      25.8445
     379      26.2163
     380      25.7202
     381      25.4238
     382      25.7508
     383      24.7107
     384      25.7235
     385      24.5550
     386      25.9418
     387      28.5223
     388      26.3782
     389      27.4391
     390      26.9115
     391      27.0383
     392      26.7569
     393      24.3996
     394      28.6472
     395      27.1071
     396      28.0377
     397      28.5508
     398      28.1699
     399      25.0645
     400      26.5101
