#Res             RMSF
 281.000       4.3621
 282.000       3.0197
 283.000       2.4430
 284.000       2.2794
 285.000       2.0594
 286.000       1.4903
 287.000       0.7541
 288.000       0.5685
 289.000       0.6757
 290.000       0.8021
 291.000       0.6197
 292.000       0.5460
 293.000       0.6098
 294.000       0.6012
 295.000       0.5270
 296.000       0.5528
 297.000       0.6678
 298.000       0.7421
 299.000       0.7143
 300.000       0.7305
 301.000       0.9585
 302.000       1.0396
 303.000       0.8298
 304.000       0.7504
 305.000       0.6348
 306.000       0.6888
 307.000       0.7639
 308.000       0.7772
 309.000       0.6079
 310.000       0.5936
 311.000       0.6486
 312.000       0.5524
 313.000       0.4831
 314.000       0.5171
 315.000       0.5019
 316.000       0.4486
 317.000       0.4428
 318.000       0.5055
 319.000       0.4871
 320.000       0.4473
 321.000       0.4212
 322.000       0.4933
 323.000       0.4557
 324.000       0.3935
 325.000       0.4496
 326.000       0.5311
 327.000       0.4327
 328.000       0.4107
 329.000       0.5042
 330.000       0.5243
 331.000       0.4667
 332.000       0.5590
 333.000       0.6946
 334.000       0.6844
 335.000       0.7377
 336.000       0.8168
 337.000       0.8267
 338.000       0.9031
 339.000       0.7188
 340.000       0.4933
 341.000       0.4705
 342.000       0.5260
 343.000       0.5315
 344.000       0.4350
 345.000       0.4054
 346.000       0.4331
 347.000       0.4048
 348.000       0.3730
 349.000       0.3910
 350.000       0.4597
 351.000       0.4790
 352.000       0.4885
 353.000       0.5111
 354.000       0.6661
 355.000       0.8230
 356.000       0.8263
 357.000       0.5862
 358.000       0.5219
 359.000       0.6565
 360.000       0.5816
 361.000       0.4784
 362.000       0.4756
 363.000       0.5490
 364.000       0.5235
 365.000       0.4820
 366.000       0.5438
 367.000       0.6027
 368.000       0.5306
 369.000       0.5841
 370.000       0.6995
 371.000       0.6833
 372.000       0.6608
 373.000       0.8898
 374.000       1.7327
 375.000       3.5237
 376.000       5.5424
