#Res             RMSF
 558.000       1.4494
 559.000       0.9477
 560.000       0.7386
 561.000       0.5971
 562.000       0.7055
 563.000       0.7023
 564.000       0.6084
 565.000       0.6538
 566.000       0.5375
 567.000       0.5689
 568.000       0.4552
 569.000       0.4813
 570.000       0.4200
 571.000       0.5086
 572.000       0.4945
 573.000       0.4191
 574.000       0.3969
 575.000       0.4573
 576.000       0.5086
 577.000       0.4811
 578.000       0.6681
 579.000       0.8346
 580.000       0.8060
 581.000       0.6765
 582.000       0.5769
 583.000       0.6498
 584.000       0.6828
 585.000       0.5783
 586.000       0.5284
 587.000       0.5356
 588.000       0.6110
 589.000       0.5146
 590.000       0.4139
 591.000       0.3817
 592.000       0.3974
 593.000       0.4056
 594.000       0.4111
 595.000       0.4053
 596.000       0.4185
 597.000       0.4191
 598.000       0.4291
 599.000       0.4188
 600.000       0.4358
 601.000       0.4478
 602.000       0.4410
 603.000       0.4838
 604.000       0.5460
 605.000       0.4620
 606.000       0.4356
 607.000       0.5052
 608.000       0.5128
 609.000       0.4460
 610.000       0.4979
 611.000       0.6074
 612.000       0.6152
 613.000       0.5766
 614.000       0.7736
 615.000       0.9123
 616.000       0.8955
 617.000       0.9151
 618.000       0.6857
 619.000       0.7768
 620.000       0.5503
 621.000       0.4077
 622.000       0.4081
 623.000       0.4143
 624.000       0.4440
 625.000       0.4313
 626.000       0.4547
 627.000       0.5327
 628.000       0.6384
 629.000       0.6487
 630.000       0.7470
 631.000       0.9236
 632.000       1.0906
 633.000       1.3104
 634.000       1.6541
 635.000       1.5966
 636.000       1.2300
 637.000       1.1915
 638.000       1.3113
 639.000       1.2166
 640.000       1.1780
 641.000       1.8992
 642.000       1.1863
 643.000       0.7029
 644.000       0.5360
 645.000       0.4988
 646.000       0.5049
 647.000       0.5022
 648.000       0.5649
 649.000       0.6530
 650.000       0.6345
 651.000       0.7840
 652.000       0.7581
 653.000       0.8304
 654.000       0.8034
 655.000       0.8361
 656.000       0.9550
 657.000       0.9608
 658.000       0.8361
 659.000       0.9415
 660.000       1.2505
 661.000       1.9399
