#Res             RMSF
   1.000       3.5371
   2.000       1.9961
   3.000       1.1616
   4.000       0.7045
   5.000       0.5814
   6.000       0.4884
   7.000       0.4698
   8.000       0.5292
   9.000       0.5297
  10.000       0.4746
  11.000       0.4699
  12.000       0.5590
  13.000       0.4731
  14.000       0.3876
  15.000       0.4832
  16.000       0.4892
  17.000       0.4479
  18.000       0.4604
  19.000       0.5454
  20.000       0.5632
  21.000       0.5362
  22.000       0.5248
  23.000       0.4773
  24.000       0.4300
  25.000       0.4482
  26.000       0.4724
  27.000       0.4927
  28.000       0.4929
  29.000       0.4379
  30.000       0.4152
  31.000       0.4568
  32.000       0.4623
  33.000       0.4331
  34.000       0.3787
  35.000       0.4389
  36.000       0.5057
  37.000       0.4677
  38.000       0.4527
  39.000       0.6276
  40.000       1.0040
  41.000       0.9268
  42.000       0.7740
  43.000       0.7221
  44.000       0.9459
  45.000       0.5640
  46.000       0.5975
  47.000       0.5419
  48.000       0.5334
  49.000       0.6084
  50.000       0.4956
  51.000       0.4099
  52.000       0.3909
  53.000       0.4148
  54.000       0.3998
  55.000       0.3541
  56.000       0.3528
  57.000       0.3855
  58.000       0.4074
  59.000       0.4218
  60.000       0.3810
  61.000       0.4191
  62.000       0.4399
  63.000       0.4135
  64.000       0.3975
  65.000       0.4415
  66.000       0.3664
  67.000       0.3332
  68.000       0.3744
  69.000       0.3788
  70.000       0.3210
  71.000       0.3319
  72.000       0.4063
  73.000       0.3701
  74.000       0.3982
  75.000       0.4693
  76.000       0.4952
  77.000       0.5614
  78.000       0.5906
  79.000       0.4762
  80.000       0.4315
  81.000       0.3772
  82.000       0.3549
  83.000       0.4560
  84.000       0.5114
  85.000       0.4817
  86.000       0.3755
  87.000       0.4616
  88.000       0.5030
  89.000       0.4561
  90.000       0.5029
  91.000       0.5864
  92.000       0.6369
  93.000       0.5932
  94.000       0.6428
  95.000       1.2951
  96.000       1.8778
  97.000       2.6204
