#Res             RMSF
 662.000       1.2063
 663.000       0.8985
 664.000       0.6447
 665.000       0.5653
 666.000       0.4376
 667.000       0.4039
 668.000       0.4513
 669.000       0.4511
 670.000       0.4260
 671.000       0.4159
 672.000       0.4689
 673.000       0.4409
 674.000       0.4366
 675.000       0.5810
 676.000       0.6807
 677.000       0.6145
 678.000       0.5706
 679.000       0.6760
 680.000       0.7620
 681.000       0.6006
 682.000       0.5694
 683.000       0.4719
 684.000       0.5168
 685.000       0.6048
 686.000       0.5954
 687.000       0.4321
 688.000       0.4125
 689.000       0.5021
 690.000       0.4278
 691.000       0.3882
 692.000       0.4137
 693.000       0.4093
 694.000       0.4123
 695.000       0.4382
 696.000       0.4322
 697.000       0.4150
 698.000       0.4058
 699.000       0.3687
 700.000       0.4069
 701.000       0.3868
 702.000       0.3481
 703.000       0.3901
 704.000       0.4529
 705.000       0.4106
 706.000       0.3559
 707.000       0.3845
 708.000       0.4417
 709.000       0.4846
 710.000       0.4910
 711.000       0.5237
 712.000       0.5775
 713.000       0.6749
 714.000       0.7172
 715.000       0.6474
 716.000       0.5869
 717.000       0.5020
 718.000       0.4357
 719.000       0.4561
 720.000       0.4791
 721.000       0.5029
 722.000       0.4195
 723.000       0.3863
 724.000       0.4189
 725.000       0.3710
 726.000       0.3615
 727.000       0.4266
 728.000       0.4957
 729.000       0.4641
 730.000       0.4781
 731.000       0.4769
 732.000       0.6395
 733.000       0.8706
 734.000       0.9599
 735.000       0.6282
 736.000       0.4779
 737.000       0.5959
 738.000       0.5320
 739.000       0.4453
 740.000       0.4345
 741.000       0.4891
 742.000       0.4699
 743.000       0.4380
 744.000       0.4914
 745.000       0.5223
 746.000       0.4584
 747.000       0.5051
 748.000       0.6075
 749.000       0.6092
 750.000       0.6218
 751.000       0.9223
 752.000       1.6157
 753.000       3.3244
