#Res             RMSF
 476.000       2.7371
 477.000       1.6816
 478.000       1.0527
 479.000       1.0585
 480.000       0.6947
 481.000       0.6149
 482.000       0.8159
 483.000       0.8298
 484.000       0.7017
 485.000       0.7400
 486.000       0.5852
 487.000       0.4896
 488.000       0.4926
 489.000       0.4035
 490.000       0.4131
 491.000       0.4510
 492.000       0.4016
 493.000       0.3679
 494.000       0.3992
 495.000       0.4232
 496.000       0.4397
 497.000       0.4668
 498.000       0.4080
 499.000       0.4511
 500.000       0.4286
 501.000       0.4054
 502.000       0.4329
 503.000       0.5176
 504.000       0.4946
 505.000       0.3921
 506.000       0.4334
 507.000       0.5764
 508.000       0.5089
 509.000       0.4221
 510.000       0.5327
 511.000       0.5682
 512.000       0.4951
 513.000       0.4633
 514.000       0.5134
 515.000       0.5387
 516.000       0.4631
 517.000       0.4644
 518.000       0.5294
 519.000       0.5395
 520.000       0.4428
 521.000       0.3913
 522.000       0.4301
 523.000       0.3805
 524.000       0.3792
 525.000       0.3823
 526.000       0.4127
 527.000       0.4464
 528.000       0.4413
 529.000       0.5527
 530.000       0.6420
 531.000       0.6638
 532.000       0.7164
 533.000       0.6308
 534.000       0.7489
 535.000       0.5263
 536.000       0.4961
 537.000       0.5360
 538.000       0.4953
 539.000       0.4859
 540.000       0.4130
 541.000       0.4223
 542.000       0.5056
 543.000       0.4752
 544.000       0.4241
 545.000       0.4439
 546.000       0.4965
 547.000       0.6344
 548.000       0.7909
 549.000       0.7543
 550.000       0.5630
 551.000       0.6305
 552.000       0.5353
 553.000       0.5290
 554.000       0.7193
 555.000       0.9345
 556.000       2.6051
 557.000       4.2157
