#Res             RMSF
  98.000       1.0905
  99.000       0.6999
 100.000       0.7619
 101.000       0.7892
 102.000       0.5519
 103.000       0.5595
 104.000       0.4739
 105.000       0.5168
 106.000       0.5026
 107.000       0.3753
 108.000       0.3275
 109.000       0.3754
 110.000       0.3860
 111.000       0.3395
 112.000       0.3491
 113.000       0.3833
 114.000       0.4232
 115.000       0.4158
 116.000       0.3707
 117.000       0.4264
 118.000       0.4057
 119.000       0.3829
 120.000       0.4349
 121.000       0.5502
 122.000       0.5018
 123.000       0.3909
 124.000       0.4002
 125.000       0.5071
 126.000       0.4959
 127.000       0.3802
 128.000       0.4071
 129.000       0.5092
 130.000       0.5018
 131.000       0.4550
 132.000       0.4951
 133.000       0.5355
 134.000       0.4706
 135.000       0.4917
 136.000       0.4947
 137.000       0.4429
 138.000       0.3718
 139.000       0.3429
 140.000       0.4228
 141.000       0.3265
 142.000       0.2896
 143.000       0.3217
 144.000       0.3432
 145.000       0.3358
 146.000       0.3467
 147.000       0.4472
 148.000       0.5243
 149.000       0.5209
 150.000       0.5935
 151.000       0.4617
 152.000       0.6255
 153.000       0.4607
 154.000       0.3889
 155.000       0.4017
 156.000       0.4004
 157.000       0.4092
 158.000       0.3306
 159.000       0.3230
 160.000       0.3642
 161.000       0.3400
 162.000       0.3303
 163.000       0.3590
 164.000       0.4070
 165.000       0.4412
 166.000       0.4463
 167.000       0.5357
 168.000       0.5125
 169.000       0.5798
 170.000       0.4813
 171.000       0.4752
 172.000       0.6046
 173.000       0.8145
 174.000       1.5548
 175.000       2.8211
