#Res             RMSF
 176.000       1.4351
 177.000       1.1235
 178.000       0.7358
 179.000       0.5426
 180.000       0.4860
 181.000       0.6249
 182.000       0.6633
 183.000       0.5493
 184.000       0.6185
 185.000       0.4588
 186.000       0.5311
 187.000       0.4632
 188.000       0.5008
 189.000       0.4238
 190.000       0.5407
 191.000       0.5308
 192.000       0.4372
 193.000       0.4494
 194.000       0.5573
 195.000       0.5240
 196.000       0.4881
 197.000       0.6103
 198.000       0.7739
 199.000       0.8053
 200.000       0.7801
 201.000       0.5734
 202.000       0.6207
 203.000       0.6575
 204.000       0.5641
 205.000       0.5159
 206.000       0.5739
 207.000       0.6581
 208.000       0.4989
 209.000       0.3930
 210.000       0.3615
 211.000       0.3682
 212.000       0.3865
 213.000       0.3861
 214.000       0.3722
 215.000       0.3897
 216.000       0.4223
 217.000       0.4294
 218.000       0.4103
 219.000       0.4009
 220.000       0.4414
 221.000       0.4827
 222.000       0.4853
 223.000       0.5322
 224.000       0.4601
 225.000       0.4456
 226.000       0.5018
 227.000       0.4623
 228.000       0.4056
 229.000       0.5064
 230.000       0.5990
 231.000       0.5737
 232.000       0.5264
 233.000       0.7426
 234.000       0.8794
 235.000       0.8506
 236.000       0.9054
 237.000       0.6840
 238.000       0.7576
 239.000       0.5278
 240.000       0.3958
 241.000       0.4038
 242.000       0.4231
 243.000       0.4261
 244.000       0.4124
 245.000       0.4154
 246.000       0.4333
 247.000       0.4754
 248.000       0.5292
 249.000       0.5271
 250.000       0.6778
 251.000       0.8448
 252.000       0.9967
 253.000       1.1509
 254.000       0.7992
 255.000       0.6674
 256.000       0.9025
 257.000       0.8687
 258.000       0.7912
 259.000       0.9949
 260.000       1.8716
 261.000       0.9644
 262.000       0.6335
 263.000       0.5119
 264.000       0.5112
 265.000       0.5491
 266.000       0.5177
 267.000       0.5112
 268.000       0.4806
 269.000       0.5167
 270.000       0.6304
 271.000       0.6435
 272.000       0.7396
 273.000       0.7241
 274.000       0.7325
 275.000       0.8401
 276.000       0.8063
 277.000       0.7415
 278.000       0.9362
 279.000       1.3485
 280.000       2.1712
