#Res             RMSF
 281.000       4.5440
 282.000       3.1775
 283.000       2.5652
 284.000       2.3442
 285.000       2.1159
 286.000       1.5510
 287.000       0.7542
 288.000       0.5779
 289.000       0.6831
 290.000       0.8015
 291.000       0.6249
 292.000       0.5557
 293.000       0.6217
 294.000       0.6129
 295.000       0.5356
 296.000       0.5584
 297.000       0.6796
 298.000       0.7485
 299.000       0.7023
 300.000       0.7277
 301.000       0.9723
 302.000       1.0112
 303.000       0.8454
 304.000       0.7537
 305.000       0.6261
 306.000       0.6753
 307.000       0.7362
 308.000       0.7441
 309.000       0.6031
 310.000       0.5877
 311.000       0.6488
 312.000       0.5600
 313.000       0.4885
 314.000       0.5114
 315.000       0.5055
 316.000       0.4548
 317.000       0.4387
 318.000       0.5071
 319.000       0.4957
 320.000       0.4532
 321.000       0.4251
 322.000       0.4962
 323.000       0.4532
 324.000       0.3992
 325.000       0.4565
 326.000       0.5408
 327.000       0.4362
 328.000       0.4149
 329.000       0.5127
 330.000       0.5313
 331.000       0.4743
 332.000       0.5732
 333.000       0.7166
 334.000       0.7041
 335.000       0.7560
 336.000       0.8435
 337.000       0.8593
 338.000       0.9438
 339.000       0.7382
 340.000       0.4973
 341.000       0.4756
 342.000       0.5235
 343.000       0.5206
 344.000       0.4308
 345.000       0.4035
 346.000       0.4361
 347.000       0.4070
 348.000       0.3715
 349.000       0.3884
 350.000       0.4629
 351.000       0.4839
 352.000       0.4907
 353.000       0.5193
 354.000       0.6782
 355.000       0.8141
 356.000       0.8298
 357.000       0.5865
 358.000       0.5223
 359.000       0.6598
 360.000       0.5786
 361.000       0.4781
 362.000       0.4787
 363.000       0.5537
 364.000       0.5259
 365.000       0.4819
 366.000       0.5485
 367.000       0.6080
 368.000       0.5331
 369.000       0.5951
 370.000       0.7099
 371.000       0.6813
 372.000       0.6620
 373.000       0.9046
 374.000       1.7609
 375.000       3.5045
 376.000       5.6569
