#Res             RMSF
 377.000       3.0214
 378.000       2.0249
 379.000       1.3468
 380.000       0.9486
 381.000       0.5866
 382.000       0.5746
 383.000       0.5525
 384.000       0.5749
 385.000       0.5583
 386.000       0.5703
 387.000       0.5198
 388.000       0.5437
 389.000       0.5833
 390.000       0.4984
 391.000       0.4382
 392.000       0.5399
 393.000       0.5112
 394.000       0.4379
 395.000       0.4358
 396.000       0.5394
 397.000       0.5722
 398.000       0.5604
 399.000       0.6285
 400.000       0.4765
 401.000       0.4453
 402.000       0.4645
 403.000       0.5998
 404.000       0.5928
 405.000       0.6017
 406.000       0.6134
 407.000       0.4512
 408.000       0.4396
 409.000       0.4962
 410.000       0.4306
 411.000       0.4036
 412.000       0.4910
 413.000       0.4870
 414.000       0.4864
 415.000       0.5490
 416.000       0.6470
 417.000       0.8074
 418.000       0.7786
 419.000       0.7647
 420.000       0.8420
 421.000       1.1539
 422.000       0.6944
 423.000       0.6692
 424.000       0.6193
 425.000       0.6120
 426.000       0.6198
 427.000       0.5052
 428.000       0.3983
 429.000       0.3932
 430.000       0.4324
 431.000       0.4722
 432.000       0.4167
 433.000       0.3452
 434.000       0.3751
 435.000       0.4025
 436.000       0.3851
 437.000       0.3420
 438.000       0.3692
 439.000       0.3806
 440.000       0.3730
 441.000       0.3567
 442.000       0.4222
 443.000       0.3510
 444.000       0.3344
 445.000       0.4002
 446.000       0.3732
 447.000       0.3400
 448.000       0.3656
 449.000       0.4275
 450.000       0.3901
 451.000       0.4050
 452.000       0.4813
 453.000       0.5091
 454.000       0.5475
 455.000       0.5760
 456.000       0.4722
 457.000       0.4589
 458.000       0.4081
 459.000       0.3642
 460.000       0.4510
 461.000       0.5062
 462.000       0.4824
 463.000       0.3807
 464.000       0.4555
 465.000       0.5677
 466.000       0.5115
 467.000       0.4497
 468.000       0.5879
 469.000       0.6580
 470.000       0.5872
 471.000       0.5846
 472.000       0.8041
 473.000       1.2788
 474.000       2.2583
 475.000       4.2637
