#Res             RMSF
 476.000       3.0210
 477.000       1.8431
 478.000       1.0995
 479.000       1.0388
 480.000       0.6949
 481.000       0.6258
 482.000       0.8267
 483.000       0.8453
 484.000       0.7062
 485.000       0.7604
 486.000       0.5927
 487.000       0.5133
 488.000       0.5090
 489.000       0.4148
 490.000       0.4249
 491.000       0.4702
 492.000       0.4118
 493.000       0.3734
 494.000       0.4134
 495.000       0.4454
 496.000       0.4543
 497.000       0.4801
 498.000       0.4154
 499.000       0.4649
 500.000       0.4402
 501.000       0.4181
 502.000       0.4522
 503.000       0.5425
 504.000       0.5215
 505.000       0.4091
 506.000       0.4453
 507.000       0.5841
 508.000       0.5156
 509.000       0.4169
 510.000       0.5222
 511.000       0.5681
 512.000       0.5052
 513.000       0.4666
 514.000       0.5169
 515.000       0.5515
 516.000       0.4851
 517.000       0.4756
 518.000       0.5299
 519.000       0.5466
 520.000       0.4566
 521.000       0.3972
 522.000       0.4387
 523.000       0.3909
 524.000       0.3797
 525.000       0.3831
 526.000       0.4113
 527.000       0.4419
 528.000       0.4372
 529.000       0.5447
 530.000       0.6331
 531.000       0.6595
 532.000       0.7086
 533.000       0.6323
 534.000       0.7774
 535.000       0.5281
 536.000       0.4943
 537.000       0.5329
 538.000       0.4962
 539.000       0.4920
 540.000       0.4153
 541.000       0.4271
 542.000       0.5120
 543.000       0.4848
 544.000       0.4359
 545.000       0.4681
 546.000       0.5152
 547.000       0.6440
 548.000       0.7956
 549.000       0.7597
 550.000       0.5941
 551.000       0.6427
 552.000       0.5376
 553.000       0.5641
 554.000       0.7564
 555.000       0.9648
 556.000       2.7695
 557.000       4.4446
