#Res             RMSF
 558.000       1.4190
 559.000       0.9403
 560.000       0.7478
 561.000       0.6006
 562.000       0.7078
 563.000       0.7050
 564.000       0.6169
 565.000       0.6608
 566.000       0.5395
 567.000       0.5659
 568.000       0.4544
 569.000       0.4808
 570.000       0.4160
 571.000       0.5137
 572.000       0.5054
 573.000       0.4230
 574.000       0.4000
 575.000       0.4599
 576.000       0.5135
 577.000       0.4896
 578.000       0.6810
 579.000       0.8295
 580.000       0.7729
 581.000       0.6795
 582.000       0.5804
 583.000       0.6624
 584.000       0.6878
 585.000       0.5790
 586.000       0.5293
 587.000       0.5344
 588.000       0.6019
 589.000       0.5070
 590.000       0.4070
 591.000       0.3730
 592.000       0.3920
 593.000       0.3991
 594.000       0.4108
 595.000       0.4026
 596.000       0.4211
 597.000       0.4119
 598.000       0.4223
 599.000       0.4171
 600.000       0.4343
 601.000       0.4439
 602.000       0.4388
 603.000       0.4833
 604.000       0.5470
 605.000       0.4618
 606.000       0.4388
 607.000       0.5117
 608.000       0.5202
 609.000       0.4481
 610.000       0.5036
 611.000       0.6137
 612.000       0.6119
 613.000       0.5712
 614.000       0.7769
 615.000       0.9209
 616.000       0.8911
 617.000       0.9059
 618.000       0.6706
 619.000       0.7621
 620.000       0.5354
 621.000       0.4047
 622.000       0.4090
 623.000       0.4160
 624.000       0.4441
 625.000       0.4292
 626.000       0.4587
 627.000       0.5354
 628.000       0.6450
 629.000       0.6610
 630.000       0.7549
 631.000       0.9085
 632.000       1.0796
 633.000       1.2809
 634.000       1.6495
 635.000       1.5931
 636.000       1.2390
 637.000       1.2044
 638.000       1.3327
 639.000       1.2498
 640.000       1.1919
 641.000       1.8140
 642.000       1.1169
 643.000       0.7011
 644.000       0.5386
 645.000       0.4933
 646.000       0.4987
 647.000       0.4978
 648.000       0.5576
 649.000       0.6424
 650.000       0.6127
 651.000       0.7915
 652.000       0.7619
 653.000       0.8295
 654.000       0.8078
 655.000       0.8339
 656.000       0.9473
 657.000       0.9517
 658.000       0.8356
 659.000       0.9523
 660.000       1.2499
 661.000       1.9359
