#Res             RMSF
 662.000       1.1979
 663.000       0.8972
 664.000       0.6529
 665.000       0.5704
 666.000       0.4346
 667.000       0.4036
 668.000       0.4542
 669.000       0.4474
 670.000       0.4242
 671.000       0.4133
 672.000       0.4609
 673.000       0.4346
 674.000       0.4355
 675.000       0.5754
 676.000       0.6836
 677.000       0.6205
 678.000       0.5775
 679.000       0.6813
 680.000       0.7689
 681.000       0.5967
 682.000       0.5565
 683.000       0.4643
 684.000       0.5084
 685.000       0.6034
 686.000       0.5984
 687.000       0.4332
 688.000       0.4123
 689.000       0.4947
 690.000       0.4241
 691.000       0.3843
 692.000       0.4115
 693.000       0.4023
 694.000       0.4022
 695.000       0.4295
 696.000       0.4262
 697.000       0.4068
 698.000       0.4050
 699.000       0.3687
 700.000       0.4068
 701.000       0.3860
 702.000       0.3450
 703.000       0.3864
 704.000       0.4570
 705.000       0.4098
 706.000       0.3569
 707.000       0.3851
 708.000       0.4354
 709.000       0.4864
 710.000       0.4959
 711.000       0.5164
 712.000       0.5733
 713.000       0.6759
 714.000       0.7175
 715.000       0.6481
 716.000       0.5837
 717.000       0.4889
 718.000       0.4229
 719.000       0.4502
 720.000       0.4690
 721.000       0.4971
 722.000       0.4123
 723.000       0.3796
 724.000       0.4135
 725.000       0.3615
 726.000       0.3516
 727.000       0.4234
 728.000       0.4916
 729.000       0.4574
 730.000       0.4691
 731.000       0.4745
 732.000       0.6428
 733.000       0.8308
 734.000       0.9634
 735.000       0.6241
 736.000       0.4751
 737.000       0.5961
 738.000       0.5338
 739.000       0.4491
 740.000       0.4386
 741.000       0.4948
 742.000       0.4773
 743.000       0.4410
 744.000       0.4952
 745.000       0.5248
 746.000       0.4630
 747.000       0.5135
 748.000       0.6159
 749.000       0.6139
 750.000       0.6297
 751.000       0.9376
 752.000       1.6107
 753.000       3.3177
