#Res             RMSF
  98.000       1.0685
  99.000       0.6944
 100.000       0.7480
 101.000       0.7762
 102.000       0.5496
 103.000       0.5627
 104.000       0.4705
 105.000       0.5099
 106.000       0.5027
 107.000       0.3736
 108.000       0.3276
 109.000       0.3755
 110.000       0.3819
 111.000       0.3382
 112.000       0.3469
 113.000       0.3811
 114.000       0.4225
 115.000       0.4148
 116.000       0.3708
 117.000       0.4283
 118.000       0.4107
 119.000       0.3846
 120.000       0.4409
 121.000       0.5487
 122.000       0.5021
 123.000       0.3945
 124.000       0.4050
 125.000       0.5035
 126.000       0.4910
 127.000       0.3792
 128.000       0.4024
 129.000       0.5006
 130.000       0.4957
 131.000       0.4496
 132.000       0.4924
 133.000       0.5349
 134.000       0.4647
 135.000       0.4845
 136.000       0.4905
 137.000       0.4450
 138.000       0.3679
 139.000       0.3413
 140.000       0.4214
 141.000       0.3284
 142.000       0.2918
 143.000       0.3207
 144.000       0.3475
 145.000       0.3373
 146.000       0.3445
 147.000       0.4456
 148.000       0.5237
 149.000       0.5207
 150.000       0.5940
 151.000       0.4660
 152.000       0.6411
 153.000       0.4658
 154.000       0.3884
 155.000       0.4025
 156.000       0.4067
 157.000       0.4164
 158.000       0.3304
 159.000       0.3256
 160.000       0.3745
 161.000       0.3432
 162.000       0.3317
 163.000       0.3601
 164.000       0.4142
 165.000       0.4478
 166.000       0.4472
 167.000       0.5431
 168.000       0.5282
 169.000       0.5748
 170.000       0.4777
 171.000       0.4832
 172.000       0.6208
 173.000       0.8128
 174.000       1.5423
 175.000       2.8519
