#Res             RMSF
 377.000       2.9448
 378.000       2.0445
 379.000       1.3825
 380.000       0.9309
 381.000       0.5739
 382.000       0.5586
 383.000       0.5410
 384.000       0.5666
 385.000       0.5533
 386.000       0.5710
 387.000       0.5202
 388.000       0.5454
 389.000       0.5869
 390.000       0.4940
 391.000       0.4382
 392.000       0.5383
 393.000       0.5059
 394.000       0.4310
 395.000       0.4274
 396.000       0.5321
 397.000       0.5614
 398.000       0.5601
 399.000       0.6327
 400.000       0.4758
 401.000       0.4453
 402.000       0.4638
 403.000       0.6019
 404.000       0.5943
 405.000       0.6055
 406.000       0.6184
 407.000       0.4469
 408.000       0.4303
 409.000       0.5002
 410.000       0.4339
 411.000       0.4064
 412.000       0.5027
 413.000       0.4960
 414.000       0.4905
 415.000       0.5629
 416.000       0.6546
 417.000       0.7953
 418.000       0.7765
 419.000       0.7752
 420.000       0.8634
 421.000       1.1693
 422.000       0.7114
 423.000       0.6668
 424.000       0.6168
 425.000       0.6051
 426.000       0.6093
 427.000       0.5122
 428.000       0.4007
 429.000       0.3937
 430.000       0.4319
 431.000       0.4780
 432.000       0.4231
 433.000       0.3498
 434.000       0.3808
 435.000       0.4064
 436.000       0.3854
 437.000       0.3437
 438.000       0.3695
 439.000       0.3801
 440.000       0.3747
 441.000       0.3601
 442.000       0.4226
 443.000       0.3544
 444.000       0.3358
 445.000       0.4022
 446.000       0.3786
 447.000       0.3473
 448.000       0.3708
 449.000       0.4318
 450.000       0.3903
 451.000       0.4024
 452.000       0.4799
 453.000       0.5090
 454.000       0.5457
 455.000       0.5730
 456.000       0.4688
 457.000       0.4583
 458.000       0.4082
 459.000       0.3635
 460.000       0.4471
 461.000       0.5036
 462.000       0.4839
 463.000       0.3794
 464.000       0.4526
 465.000       0.5696
 466.000       0.5149
 467.000       0.4469
 468.000       0.5800
 469.000       0.6351
 470.000       0.5787
 471.000       0.5850
 472.000       0.7816
 473.000       1.2944
 474.000       2.3079
 475.000       4.3922
