#Res             RMSF
   1.000       3.5820
   2.000       1.9955
   3.000       1.1450
   4.000       0.6997
   5.000       0.6017
   6.000       0.5163
   7.000       0.4896
   8.000       0.5497
   9.000       0.5497
  10.000       0.4839
  11.000       0.4808
  12.000       0.5654
  13.000       0.4797
  14.000       0.3872
  15.000       0.4773
  16.000       0.4893
  17.000       0.4477
  18.000       0.4606
  19.000       0.5480
  20.000       0.5650
  21.000       0.5492
  22.000       0.5308
  23.000       0.4853
  24.000       0.4380
  25.000       0.4579
  26.000       0.4882
  27.000       0.5042
  28.000       0.5016
  29.000       0.4447
  30.000       0.4197
  31.000       0.4690
  32.000       0.4670
  33.000       0.4365
  34.000       0.3812
  35.000       0.4387
  36.000       0.5026
  37.000       0.4647
  38.000       0.4585
  39.000       0.6237
  40.000       0.9936
  41.000       0.9230
  42.000       0.7682
  43.000       0.7140
  44.000       0.9359
  45.000       0.5598
  46.000       0.5950
  47.000       0.5328
  48.000       0.5242
  49.000       0.5951
  50.000       0.4912
  51.000       0.4075
  52.000       0.3872
  53.000       0.4143
  54.000       0.4012
  55.000       0.3525
  56.000       0.3496
  57.000       0.3793
  58.000       0.4060
  59.000       0.4231
  60.000       0.3797
  61.000       0.4120
  62.000       0.4400
  63.000       0.4147
  64.000       0.3944
  65.000       0.4461
  66.000       0.3673
  67.000       0.3369
  68.000       0.3844
  69.000       0.3829
  70.000       0.3265
  71.000       0.3344
  72.000       0.4029
  73.000       0.3705
  74.000       0.3968
  75.000       0.4603
  76.000       0.4879
  77.000       0.5600
  78.000       0.5900
  79.000       0.4788
  80.000       0.4479
  81.000       0.3821
  82.000       0.3591
  83.000       0.4622
  84.000       0.5263
  85.000       0.4805
  86.000       0.3730
  87.000       0.4676
  88.000       0.5129
  89.000       0.4639
  90.000       0.5275
  91.000       0.6055
  92.000       0.6489
  93.000       0.5929
  94.000       0.6550
  95.000       1.2894
  96.000       1.8471
  97.000       2.5506
