#Res             RMSF
 176.000       1.4579
 177.000       1.1106
 178.000       0.7349
 179.000       0.5636
 180.000       0.4864
 181.000       0.6274
 182.000       0.6692
 183.000       0.5546
 184.000       0.6270
 185.000       0.4570
 186.000       0.5266
 187.000       0.4621
 188.000       0.4996
 189.000       0.4277
 190.000       0.5398
 191.000       0.5264
 192.000       0.4331
 193.000       0.4414
 194.000       0.5492
 195.000       0.5212
 196.000       0.4800
 197.000       0.5959
 198.000       0.7537
 199.000       0.7813
 200.000       0.7543
 201.000       0.5636
 202.000       0.6084
 203.000       0.6461
 204.000       0.5523
 205.000       0.5109
 206.000       0.5708
 207.000       0.6537
 208.000       0.4957
 209.000       0.3900
 210.000       0.3625
 211.000       0.3635
 212.000       0.3865
 213.000       0.3920
 214.000       0.3763
 215.000       0.3943
 216.000       0.4222
 217.000       0.4315
 218.000       0.4123
 219.000       0.3964
 220.000       0.4377
 221.000       0.4756
 222.000       0.4793
 223.000       0.5240
 224.000       0.4593
 225.000       0.4448
 226.000       0.4988
 227.000       0.4634
 228.000       0.4111
 229.000       0.5025
 230.000       0.5934
 231.000       0.5740
 232.000       0.5298
 233.000       0.7427
 234.000       0.8700
 235.000       0.8421
 236.000       0.9014
 237.000       0.6802
 238.000       0.7543
 239.000       0.5246
 240.000       0.3956
 241.000       0.4068
 242.000       0.4260
 243.000       0.4272
 244.000       0.4167
 245.000       0.4205
 246.000       0.4376
 247.000       0.4834
 248.000       0.5332
 249.000       0.5405
 250.000       0.6911
 251.000       0.8454
 252.000       1.0005
 253.000       1.1611
 254.000       0.8032
 255.000       0.6750
 256.000       0.9131
 257.000       0.8752
 258.000       0.7861
 259.000       0.9841
 260.000       1.8783
 261.000       0.9698
 262.000       0.6339
 263.000       0.5097
 264.000       0.5143
 265.000       0.5520
 266.000       0.5144
 267.000       0.5083
 268.000       0.4872
 269.000       0.5235
 270.000       0.6396
 271.000       0.6495
 272.000       0.7414
 273.000       0.7317
 274.000       0.7374
 275.000       0.8466
 276.000       0.8076
 277.000       0.7365
 278.000       0.9350
 279.000       1.3545
 280.000       2.1543
