#Frame      end1_rmsd
       1       0.0000
       2       2.0953
       3       2.1785
       4       2.2196
       5       2.0369
       6       3.1971
       7       3.6182
       8       2.5368
       9       3.2540
      10       2.8608
      11       2.5168
      12       2.7363
      13       4.5407
      14       3.6014
      15       3.4104
      16       2.1805
      17       2.1223
      18       4.0005
      19       3.1868
      20       2.7183
      21       2.2796
      22       3.0398
      23       2.6231
      24       2.6129
      25       3.4985
      26       2.2587
      27       3.0636
      28       2.6142
      29       3.3975
      30       3.9226
      31       4.5748
      32       4.0742
      33       2.5461
      34       4.1178
      35       3.6394
      36       2.7571
      37       2.7749
      38       2.4755
      39       2.2881
      40       2.3228
      41       3.1574
      42       3.1903
      43       2.3507
      44       2.1212
      45       2.5441
      46       2.5671
      47       2.2672
      48       3.1595
      49       3.4169
      50       3.8215
      51       4.2473
      52       4.1732
      53       3.5821
      54       4.8304
      55       3.8828
      56       5.0890
      57       5.6120
      58       4.7543
      59       4.1282
      60       3.5746
      61       3.4113
      62       4.5812
      63       4.9697
      64       4.5093
      65       4.2587
      66       4.9505
      67       4.6437
      68       3.6682
      69       4.0455
      70       3.7361
      71       5.1965
      72       4.0191
      73       3.9918
      74       3.2199
      75       4.5995
      76       3.4512
      77       3.7742
      78       4.7446
      79       4.6680
      80       3.3342
      81       3.0282
      82       3.5404
      83       2.4764
      84       2.6267
      85       2.5372
      86       3.3049
      87       3.7330
      88       3.0971
      89       3.8060
      90       2.8144
      91       2.4088
      92       2.3964
      93       2.4732
      94       3.8713
      95       3.6427
      96       3.2250
      97       4.0230
      98       3.1115
      99       3.7402
     100       4.7078
     101       3.5440
     102       4.8894
     103       4.3090
     104       3.9948
     105       3.8684
     106       4.0976
     107       4.4108
     108       4.3632
     109       3.8106
     110       2.6187
     111       3.1726
     112       3.5725
     113       2.9657
     114       2.6164
     115       2.2808
     116       2.8902
     117       3.5712
     118       3.2143
     119       3.0991
     120       2.5362
     121       3.6463
     122       3.7796
     123       3.6424
     124       3.3857
     125       4.1238
     126       2.8826
     127       2.5312
     128       3.6929
     129       3.9486
     130       3.6366
     131       4.3590
     132       3.1535
     133       3.7788
     134       3.6891
     135       2.9904
     136       2.5599
     137       3.1740
     138       2.9621
     139       2.7615
     140       2.9822
     141       2.8137
     142       3.5553
     143       3.6245
     144       3.1683
     145       3.4330
     146       3.2231
     147       2.6865
     148       2.8293
     149       3.2089
     150       3.7732
     151       2.7806
     152       3.7757
     153       2.5543
     154       2.6485
     155       2.6452
     156       3.0065
     157       4.1552
     158       3.5802
     159       4.4281
     160       3.0455
     161       2.2906
     162       3.5583
     163       4.1135
     164       4.3897
     165       4.6440
     166       3.4384
     167       4.6188
     168       5.2064
     169       3.1452
     170       3.6317
     171       3.9960
     172       3.6221
     173       3.7866
     174       5.1365
     175       5.3015
     176       5.6558
     177       5.2251
     178       3.9833
     179       4.2494
     180       4.8092
     181       5.9699
     182       4.7731
     183       7.0524
     184       3.9239
     185       5.0886
     186       5.3577
     187       4.7200
     188       4.5897
     189       3.8350
     190       3.8127
     191       3.4986
     192       4.2627
     193       3.4174
     194       4.1726
     195       4.4212
     196       4.1749
     197       4.1823
     198       3.6066
     199       3.5214
     200       4.1938
     201       3.6064
     202       3.6872
     203       4.8355
     204       5.6077
     205       6.0948
     206       6.5992
     207       7.1543
     208       4.8878
     209       5.0913
     210       4.7902
     211       5.6191
     212       4.2849
     213       3.9975
     214       2.7459
     215       4.7011
     216       4.4187
     217       4.1452
     218       4.8497
     219       4.1773
     220       5.5981
     221       5.1144
     222       4.4622
     223       4.9283
     224       4.0402
     225       4.7516
     226       5.2063
     227       3.9413
     228       3.7730
     229       3.8660
     230       4.5177
     231       4.9522
     232       4.3814
     233       4.1300
     234       4.1032
     235       3.0469
     236       3.2930
     237       2.9048
     238       2.4244
     239       2.7073
     240       3.5252
     241       2.8307
     242       1.8540
     243       2.5528
     244       2.9628
     245       4.3998
     246       4.3402
     247       3.3539
     248       3.2649
     249       3.3810
     250       3.7677
     251       2.9503
     252       2.7880
     253       3.7771
     254       4.1001
     255       3.7133
     256       3.8904
     257       4.4506
     258       3.8809
     259       2.9395
     260       2.6726
     261       3.1129
     262       3.0819
     263       2.4466
     264       3.5847
     265       2.7669
     266       2.8528
     267       2.5789
     268       2.3997
     269       2.9094
     270       2.3601
     271       2.7305
     272       3.1370
     273       1.6702
     274       1.8797
     275       2.4851
     276       2.5433
     277       2.4732
     278       2.5271
     279       3.0948
     280       3.0054
     281       2.2040
     282       2.9078
     283       1.9716
     284       2.5473
     285       2.4034
     286       2.4846
     287       2.9716
     288       3.8194
     289       3.8302
     290       3.4603
     291       3.0659
     292       3.7059
     293       3.1222
     294       2.8861
     295       2.9009
     296       3.3567
     297       3.3675
     298       2.1387
     299       2.4953
     300       2.4860
     301       2.4232
     302       2.7265
     303       2.6308
     304       2.3813
     305       2.9827
     306       2.9382
     307       2.2403
     308       3.2811
     309       2.7318
     310       2.7035
     311       4.0736
     312       2.9425
     313       3.7330
     314       3.5173
     315       3.9838
     316       1.9417
     317       3.1679
     318       3.8152
     319       4.4157
     320       4.6430
     321       4.3528
     322       4.4820
     323       3.5010
     324       4.0192
     325       3.4212
     326       4.6747
     327       4.5183
     328       3.5884
     329       4.6750
     330       3.3320
     331       3.5837
     332       2.8295
     333       4.7957
     334       3.7471
     335       3.4067
     336       5.0018
     337       4.1381
     338       3.9731
     339       3.4550
     340       4.5560
     341       4.1813
     342       3.9725
     343       4.6035
     344       4.6795
     345       3.8775
     346       3.1434
     347       4.5504
     348       3.0785
     349       3.5386
     350       4.3108
     351       4.4029
     352       4.8385
     353       5.0615
     354       4.7980
     355       3.4858
     356       3.6521
     357       3.8778
     358       3.9882
     359       5.1349
     360       5.7701
     361       3.8535
     362       4.0539
     363       4.4716
     364       3.5367
     365       4.0735
     366       4.2319
     367       4.2325
     368       5.1546
     369       4.4189
     370       4.9635
     371       5.0661
     372       6.1710
     373       5.3334
     374       4.2486
     375       5.2567
     376       5.3016
     377       5.7399
     378       5.6197
     379       5.4244
     380       4.6182
     381       5.0880
     382       5.0320
     383       4.3612
     384       4.1745
     385       3.4695
     386       3.2133
     387       3.2601
     388       3.3469
     389       2.8297
     390       4.2330
     391       5.5495
     392       4.6078
     393       4.6960
     394       4.0701
     395       4.4637
     396       3.0438
     397       3.4032
     398       3.6034
     399       4.6550
     400       5.0834
