#Frame      end2_rmsd
       1       0.0000
       2       3.8112
       3       2.4783
       4       2.5166
       5       1.8950
       6       1.9252
       7       2.4124
       8       4.3293
       9       3.0394
      10       3.9575
      11       6.3828
      12       4.7762
      13       2.1169
      14       1.9683
      15       4.1323
      16       2.0852
      17       2.4821
      18       3.8256
      19       2.1442
      20       3.3294
      21       2.3318
      22       3.4656
      23       3.0380
      24       3.2216
      25       3.1191
      26       2.4219
      27       2.5278
      28       3.5788
      29       3.1394
      30       4.3408
      31       2.7100
      32       2.5842
      33       2.8246
      34       3.5457
      35       2.2151
      36       4.8754
      37       3.1162
      38       2.7948
      39       2.4874
      40       1.8040
      41       2.6679
      42       2.5245
      43       2.7034
      44       2.3811
      45       2.5754
      46       2.5425
      47       3.0830
      48       2.6237
      49       3.0592
      50       2.3741
      51       2.4663
      52       3.3931
      53       2.9155
      54       2.9124
      55       3.2597
      56       2.1177
      57       3.4527
      58       2.7879
      59       3.8918
      60       3.5642
      61       3.0767
      62       3.8022
      63       4.3426
      64       3.2665
      65       3.0461
      66       4.0246
      67       3.0324
      68       2.8296
      69       2.9370
      70       3.0932
      71       3.0107
      72       3.7632
      73       5.1371
      74       5.7943
      75       3.8203
      76       3.9051
      77       3.0397
      78       3.9567
      79       2.5899
      80       3.6508
      81       2.8669
      82       2.7434
      83       2.6048
      84       4.4363
      85       3.6840
      86       2.7877
      87       3.5475
      88       2.9252
      89       3.4947
      90       3.1015
      91       3.0818
      92       2.6854
      93       3.4945
      94       2.9239
      95       2.5849
      96       3.8588
      97       4.6673
      98       3.6426
      99       3.0207
     100       2.8331
     101       2.7440
     102       2.2377
     103       1.9215
     104       2.6813
     105       3.1669
     106       3.3656
     107       3.4886
     108       3.4830
     109       4.2480
     110       2.3539
     111       2.9187
     112       2.9140
     113       2.7497
     114       2.6538
     115       3.1506
     116       3.3339
     117       3.6934
     118       3.3611
     119       4.3755
     120       3.9833
     121       3.9783
     122       2.9434
     123       2.9345
     124       3.6847
     125       5.6477
     126       5.6403
     127       4.7648
     128       3.3642
     129       3.0951
     130       3.2295
     131       2.9001
     132       2.8333
     133       3.9753
     134       2.7659
     135       4.0850
     136       3.2282
     137       2.8637
     138       3.4111
     139       3.7739
     140       2.8473
     141       3.6071
     142       2.7091
     143       3.3780
     144       3.6892
     145       3.7089
     146       4.7461
     147       3.8681
     148       3.9151
     149       2.4988
     150       3.3310
     151       2.7093
     152       3.3864
     153       2.9388
     154       4.2806
     155       2.3091
     156       2.5810
     157       3.4802
     158       2.2560
     159       2.9171
     160       3.1946
     161       3.8452
     162       2.8663
     163       2.7141
     164       2.9983
     165       4.0220
     166       4.0278
     167       3.9186
     168       3.0356
     169       3.2243
     170       3.3042
     171       4.1843
     172       3.4956
     173       2.4265
     174       3.7853
     175       4.0584
     176       2.5213
     177       2.3619
     178       3.1566
     179       3.6859
     180       3.4467
     181       2.3193
     182       4.0229
     183       3.4826
     184       3.0149
     185       2.9414
     186       3.8353
     187       2.5273
     188       3.0945
     189       2.4944
     190       2.6509
     191       3.0201
     192       4.2040
     193       3.8320
     194       4.0529
     195       4.9452
     196       4.8387
     197       7.8777
     198       5.9254
     199       4.8532
     200       6.0932
     201       4.6762
     202       5.1934
     203       4.8082
     204       5.8119
     205       3.1439
     206       4.6582
     207       3.9387
     208       2.9679
     209       3.1337
     210       2.7599
     211       3.4277
     212       3.7791
     213       5.5956
     214       4.1213
     215       5.4969
     216       5.0322
     217       4.0839
     218       5.4760
     219       4.6817
     220       4.5379
     221       4.6664
     222       5.7177
     223       4.2772
     224       6.1012
     225       5.6833
     226       4.2984
     227       4.2884
     228       3.6725
     229       5.5909
     230       5.9606
     231       6.5036
     232       5.3861
     233       4.3681
     234       4.3196
     235       3.8796
     236       4.0162
     237       6.5383
     238       6.7884
     239       5.5861
     240       3.2901
     241       4.6519
     242       5.3388
     243       4.6739
     244       4.1612
     245       6.2411
     246       5.6772
     247       6.7580
     248       7.7855
     249       6.0335
     250       7.9289
     251       4.7958
     252       3.7210
     253       5.4390
     254       7.1811
     255       6.0821
     256       3.9130
     257       3.9219
     258       5.5666
     259       4.9630
     260       5.4825
     261       7.0778
     262       7.7859
     263       7.5032
     264       6.3199
     265       6.0886
     266       3.8096
     267       3.5055
     268       5.4166
     269       4.8532
     270       5.0859
     271       6.5102
     272       4.1533
     273       4.5110
     274       4.2344
     275       5.0962
     276       4.7849
     277       5.4837
     278       5.2723
     279       5.2193
     280       4.3407
     281       4.9739
     282       5.4880
     283       4.4008
     284       5.2084
     285       5.1711
     286       6.5333
     287       8.3002
     288       7.5704
     289       7.5882
     290       7.8591
     291       4.8782
     292       3.1664
     293       5.5323
     294       5.3951
     295       4.0715
     296       5.8073
     297       4.3146
     298       4.7059
     299       4.0290
     300       4.6045
     301       3.8048
     302       3.5927
     303       4.4112
     304       5.0002
     305       5.6553
     306       4.8536
     307       3.6015
     308       3.8374
     309       3.4838
     310       3.7072
     311       4.5580
     312       4.3331
     313       4.0531
     314       4.7408
     315       5.3933
     316       6.7132
     317       5.9238
     318       4.5583
     319       4.0651
     320       4.2251
     321       2.9438
     322       3.0997
     323       3.9302
     324       5.5324
     325       5.2865
     326       4.9534
     327       4.5302
     328       5.7803
     329       6.9545
     330       8.3845
     331       9.0269
     332       6.5677
     333       6.5531
     334       9.0709
     335       7.1083
     336       7.1704
     337       8.2839
     338       7.4544
     339       5.9995
     340       6.4168
     341       4.5838
     342       4.6785
     343       6.3514
     344       6.0022
     345       4.3071
     346       7.0675
     347      10.7056
     348       8.3540
     349       6.0114
     350       8.2757
     351       7.7163
     352       7.5085
     353       7.3163
     354       8.7735
     355       8.2604
     356      12.2531
     357      11.2768
     358      15.6779
     359      10.7700
     360      11.3669
     361      11.4417
     362      13.3871
     363      11.5471
     364      13.9913
     365      14.5109
     366      16.4735
     367      13.0429
     368      18.4785
     369      18.3732
     370      19.2264
     371      16.4183
     372      15.4936
     373      13.1510
     374      14.3458
     375      10.9345
     376       9.8104
     377      13.4008
     378      11.5855
     379      12.3820
     380      12.6377
     381      12.1125
     382      12.3651
     383      12.2981
     384      12.8406
     385      17.2647
     386      17.5806
     387      15.9311
     388      17.4125
     389      18.9693
     390      16.8467
     391      19.3381
     392      17.4182
     393      15.1956
     394      15.4730
     395      18.6299
     396      19.0827
     397      18.9366
     398      18.6685
     399      18.1700
     400      16.1001
