#Frame      end1_rmsd
       1       0.0000
       2       1.5822
       3       3.1109
       4       2.7970
       5       2.7674
       6       2.3616
       7       2.5555
       8       1.9148
       9       3.3657
      10       3.0341
      11       2.7655
      12       3.1529
      13       2.6813
      14       2.6504
      15       2.9899
      16       2.5462
      17       3.2995
      18       1.9450
      19       2.7535
      20       3.0886
      21       3.6880
      22       3.7436
      23       3.3115
      24       3.2808
      25       3.8009
      26       4.6723
      27       3.0545
      28       3.0800
      29       3.0315
      30       3.2076
      31       3.2595
      32       3.4523
      33       3.4079
      34       2.9477
      35       3.9153
      36       3.1369
      37       3.7419
      38       3.9676
      39       3.4620
      40       3.5297
      41       3.6617
      42       3.2096
      43       3.0077
      44       2.7038
      45       4.1453
      46       3.1233
      47       3.2993
      48       2.8054
      49       3.4515
      50       3.9794
      51       2.7990
      52       2.8311
      53       4.1733
      54       2.9339
      55       3.3329
      56       3.4993
      57       4.3373
      58       4.2054
      59       4.8503
      60       4.6637
      61       4.4686
      62       4.0827
      63       5.1637
      64       3.2629
      65       5.1372
      66       4.7425
      67       3.9893
      68       4.3760
      69       4.4141
      70       4.8743
      71       4.3566
      72       3.7752
      73       4.5837
      74       4.3925
      75       4.5639
      76       3.9448
      77       3.7349
      78       4.7179
      79       4.0861
      80       3.5823
      81       4.4078
      82       5.2609
      83       4.3976
      84       4.5219
      85       4.3561
      86       4.0266
      87       4.0810
      88       4.1705
      89       4.1676
      90       2.9991
      91       3.3223
      92       3.7971
      93       3.8185
      94       4.0129
      95       3.3834
      96       3.8119
      97       4.7887
      98       4.7536
      99       2.8111
     100       4.3782
     101       4.9858
     102       4.0095
     103       3.5248
     104       3.7094
     105       5.1919
     106       3.6505
     107       3.4415
     108       4.3345
     109       3.4244
     110       3.3859
     111       2.9727
     112       3.7413
     113       3.7626
     114       3.2044
     115       3.6457
     116       4.1365
     117       2.7470
     118       4.6693
     119       4.3914
     120       3.2344
     121       3.2402
     122       4.6137
     123       3.9470
     124       3.4935
     125       4.9648
     126       3.2140
     127       3.7405
     128       3.9190
     129       3.0921
     130       4.9329
     131       3.2410
     132       3.6522
     133       3.5264
     134       3.8796
     135       5.0945
     136       4.3282
     137       4.1668
     138       4.4183
     139       4.0825
     140       4.7310
     141       4.6453
     142       5.1627
     143       4.6141
     144       3.8401
     145       4.0502
     146       4.1168
     147       4.1976
     148       4.6822
     149       5.4020
     150       4.0807
     151       3.9631
     152       4.4740
     153       4.1031
     154       4.2697
     155       3.9721
     156       4.3881
     157       3.0258
     158       3.7712
     159       3.0444
     160       3.4406
     161       4.0330
     162       4.3774
     163       3.3329
     164       3.8605
     165       2.8641
     166       2.3273
     167       3.7670
     168       3.9851
     169       3.1168
     170       2.9090
     171       3.2531
     172       2.6128
     173       2.6081
     174       3.3526
     175       2.6398
     176       2.9463
     177       2.8864
     178       3.2393
     179       4.6730
     180       3.7222
     181       3.7783
     182       2.9889
     183       3.0253
     184       2.9968
     185       3.9840
     186       3.9126
     187       3.2238
     188       2.6582
     189       3.5324
     190       3.8358
     191       3.6997
     192       3.4093
     193       3.7408
     194       4.0017
     195       2.2841
     196       3.7552
     197       4.0730
     198       5.0483
     199       3.8317
     200       3.2836
     201       4.0289
     202       4.9397
     203       3.9479
     204       3.3336
     205       3.3237
     206       4.2467
     207       3.9611
     208       2.2472
     209       2.5609
     210       4.0935
     211       2.2607
     212       2.6887
     213       4.1746
     214       4.6755
     215       4.1412
     216       5.8702
     217       5.2453
     218       5.5190
     219       4.0842
     220       4.2791
     221       3.7222
     222       4.1097
     223       4.1642
     224       4.5298
     225       4.0584
     226       4.9477
     227       5.2439
     228       4.0134
     229       5.2317
     230       4.3485
     231       3.2499
     232       3.8190
     233       3.9684
     234       3.5320
     235       3.6719
     236       4.8624
     237       5.2927
     238       5.5891
     239       5.3928
     240       4.4705
     241       4.6248
     242       4.0540
     243       3.9586
     244       4.0346
     245       3.4499
     246       4.2844
     247       4.2577
     248       3.9277
     249       2.6518
     250       4.2248
     251       3.4907
     252       3.1236
     253       3.0949
     254       3.8515
     255       3.3729
     256       4.4306
     257       4.3010
     258       5.8497
     259       4.7732
     260       4.9045
     261       4.6326
     262       5.7802
     263       7.1359
     264       6.6218
     265       4.1791
     266       5.8050
     267       4.9954
     268       3.5381
     269       4.1785
     270       2.0529
     271       3.1751
     272       2.4603
     273       2.9692
     274       2.4813
     275       3.4192
     276       3.3305
     277       3.6427
     278       2.6389
     279       3.4820
     280       3.8395
     281       4.0623
     282       3.9961
     283       3.2745
     284       4.5400
     285       3.1073
     286       3.7941
     287       4.2316
     288       4.8149
     289       4.2752
     290       3.8673
     291       4.2095
     292       4.7709
     293       3.9400
     294       4.7948
     295       3.1997
     296       3.8368
     297       3.8590
     298       3.8172
     299       2.9296
     300       3.4256
     301       2.9911
     302       2.8653
     303       4.3516
     304       3.4307
     305       3.5634
     306       5.0030
     307       4.2676
     308       5.3379
     309       5.2924
     310       5.2889
     311       4.7173
     312       4.5689
     313       5.3058
     314       4.6036
     315       4.9525
     316       4.5174
     317       5.0248
     318       4.1865
     319       5.1927
     320       5.7108
     321       4.8731
     322       5.7100
     323       4.6272
     324       4.2143
     325       4.3168
     326       3.5655
     327       6.3284
     328       5.9228
     329       6.1624
     330       4.5687
     331       5.6674
     332       4.9943
     333       4.1038
     334       5.3987
     335       3.8242
     336       6.2319
     337       5.8825
     338       5.0167
     339       5.1013
     340       5.3401
     341       4.4485
     342       5.2529
     343       5.4321
     344       5.1228
     345       4.5261
     346       4.9361
     347       5.5594
     348       5.9382
     349       4.6598
     350       4.9648
     351       5.6179
     352       4.7708
     353       4.7997
     354       4.8025
     355       4.9891
     356       5.1063
     357       6.1657
     358       6.0146
     359       4.8304
     360       4.6602
     361       5.1915
     362       4.7122
     363       5.3934
     364       5.5723
     365       5.5868
     366       5.2320
     367       4.1650
     368       4.7560
     369       5.1519
     370       5.1921
     371       5.4396
     372       4.2684
     373       4.5885
     374       3.1218
     375       4.2161
     376       4.6427
     377       4.9206
     378       5.1233
     379       4.9179
     380       5.0832
     381       5.2527
     382       4.9888
     383       4.3135
     384       5.2902
     385       4.6131
     386       5.6536
     387       5.5680
     388       5.6914
     389       5.3367
     390       4.5628
     391       4.1203
     392       4.0491
     393       3.7203
     394       4.3152
     395       3.9458
     396       5.6181
     397       4.9734
     398       7.2921
     399       4.8211
     400       4.4769
