#Frame      end2_rmsd
       1       0.0000
       2       2.1539
       3       2.3077
       4       1.9974
       5       2.0116
       6       3.8263
       7       4.5757
       8       3.3687
       9       3.3844
      10       3.4243
      11       2.0396
      12       2.5887
      13       3.1087
      14       4.2834
      15       3.3510
      16       3.2013
      17       5.7689
      18       5.8138
      19       5.1534
      20       4.7803
      21       6.7547
      22       4.3535
      23       5.8483
      24       5.7589
      25       5.8469
      26       6.0106
      27       4.8475
      28       4.7171
      29       7.8929
      30       5.8133
      31       4.6527
      32       5.2802
      33       5.1180
      34       6.6684
      35       5.8658
      36       5.5865
      37       4.6346
      38       3.4837
      39       2.6358
      40       3.2702
      41       2.4570
      42       3.0738
      43       3.3584
      44       3.5077
      45       5.3369
      46       4.1044
      47       5.3736
      48       2.1113
      49       2.9917
      50       5.0171
      51       3.0649
      52       4.2632
      53       3.4774
      54       5.2425
      55       5.6103
      56       4.3568
      57       4.4830
      58       4.0370
      59       3.5832
      60       3.4893
      61       4.6311
      62       5.2613
      63       2.0447
      64       2.6040
      65       4.4124
      66       4.4776
      67       5.0038
      68       3.9802
      69       2.3446
      70       4.2333
      71       3.6559
      72       3.8616
      73       3.2806
      74       2.5439
      75       2.3439
      76       3.7519
      77       2.0428
      78       3.2466
      79       3.4099
      80       2.8988
      81       3.3114
      82       2.2013
      83       3.4862
      84       3.0405
      85       4.1777
      86       3.2339
      87       3.0240
      88       3.1774
      89       4.5092
      90       3.4950
      91       4.7573
      92       3.3489
      93       4.1469
      94       3.6847
      95       3.7411
      96       4.3256
      97       5.0315
      98       5.8105
      99       5.9392
     100       4.5226
     101       4.7183
     102       3.5712
     103       4.0754
     104       4.1138
     105       4.9057
     106       4.3746
     107       3.6633
     108       2.8773
     109       3.1668
     110       3.8562
     111       2.8435
     112       4.6433
     113       3.2469
     114       3.0058
     115       4.8148
     116       4.7186
     117       4.4098
     118       4.8288
     119       4.8523
     120       3.6135
     121       3.3601
     122       4.4303
     123       4.9291
     124       4.8987
     125       4.4595
     126       4.4366
     127       4.9564
     128       6.7438
     129       3.9469
     130       5.2940
     131       3.5953
     132       4.0712
     133       4.2400
     134       4.1468
     135       3.9310
     136       4.2809
     137       2.8425
     138       3.1303
     139       4.1542
     140       3.9598
     141       4.6362
     142       3.4928
     143       4.0150
     144       3.2894
     145       4.6442
     146       2.6381
     147       5.0176
     148       3.1506
     149       3.5957
     150       3.5622
     151       2.4728
     152       4.6111
     153       3.1469
     154       3.4739
     155       5.4302
     156       3.6312
     157       1.8348
     158       3.3851
     159       3.2127
     160       3.1177
     161       4.4260
     162       2.9739
     163       4.3602
     164       4.6450
     165       6.3481
     166       3.4263
     167       3.2793
     168       3.5313
     169       3.6418
     170       2.7771
     171       2.2867
     172       2.3305
     173       2.5259
     174       1.8657
     175       2.3097
     176       2.4296
     177       3.4825
     178       2.1352
     179       2.6028
     180       2.6393
     181       2.3183
     182       3.0168
     183       2.6044
     184       2.6911
     185       4.6194
     186       3.9059
     187       3.0854
     188       2.4443
     189       2.9338
     190       4.1108
     191       3.4080
     192       2.2928
     193       2.0810
     194       2.0868
     195       3.7860
     196       2.0510
     197       3.5246
     198       2.8592
     199       2.6205
     200       4.3540
     201       3.8682
     202       3.4357
     203       4.8151
     204       3.6228
     205       4.0966
     206       2.8073
     207       2.0611
     208       2.0274
     209       3.5278
     210       2.8033
     211       2.6338
     212       3.5136
     213       2.2580
     214       2.2894
     215       2.7500
     216       3.8965
     217       3.8368
     218       2.6194
     219       3.3934
     220       3.1325
     221       3.2837
     222       3.7432
     223       3.3849
     224       2.6891
     225       3.3092
     226       5.5047
     227       4.1222
     228       4.5250
     229       5.8498
     230       5.7824
     231       4.4985
     232       4.1574
     233       3.1467
     234       5.2195
     235       5.2160
     236       4.5274
     237       2.0994
     238       5.1111
     239       5.0081
     240       3.9779
     241       2.8892
     242       4.1065
     243       5.2221
     244       4.3391
     245       3.3436
     246       3.8249
     247       3.8363
     248       3.3933
     249       4.5692
     250       3.5033
     251       4.1300
     252       3.5217
     253       4.1215
     254       3.3606
     255       3.5599
     256       3.1062
     257       4.1550
     258       3.3336
     259       2.7048
     260       4.9090
     261       3.3616
     262       2.6098
     263       2.6952
     264       3.3265
     265       2.5980
     266       2.6131
     267       3.3644
     268       2.8352
     269       2.5666
     270       3.1091
     271       3.2012
     272       2.5721
     273       2.5992
     274       2.1352
     275       3.5603
     276       3.3933
     277       4.2526
     278       2.6842
     279       3.0074
     280       3.2100
     281       2.7284
     282       3.2601
     283       2.9545
     284       3.7729
     285       3.3743
     286       4.7023
     287       2.0921
     288       2.7155
     289       4.1755
     290       2.2807
     291       3.4040
     292       3.4168
     293       3.4152
     294       2.6833
     295       2.6071
     296       3.0378
     297       3.4458
     298       2.9989
     299       2.5651
     300       3.4188
     301       2.5581
     302       2.6726
     303       3.2282
     304       3.1049
     305       2.4021
     306       2.3318
     307       3.0061
     308       2.6791
     309       2.8448
     310       2.3278
     311       3.3185
     312       2.6900
     313       2.7934
     314       3.1579
     315       2.3828
     316       2.4793
     317       2.2907
     318       3.2446
     319       2.9787
     320       3.6065
     321       2.1780
     322       2.7216
     323       2.3449
     324       2.9708
     325       2.6379
     326       2.7230
     327       3.1492
     328       3.8707
     329       2.7862
     330       2.7174
     331       3.1375
     332       2.7379
     333       2.2798
     334       4.4269
     335       3.7147
     336       3.2757
     337       4.2754
     338       4.0082
     339       4.2402
     340       3.0405
     341       2.4164
     342       2.9777
     343       3.2103
     344       2.7122
     345       2.3533
     346       5.2563
     347       5.0964
     348       4.1180
     349       4.0114
     350       4.4034
     351       4.3659
     352       5.2211
     353       4.9495
     354       4.4755
     355       5.2037
     356       3.5357
     357       3.0160
     358       4.1659
     359       3.7603
     360       4.1284
     361       5.3363
     362       3.7509
     363       5.0126
     364       3.4014
     365       3.6525
     366       3.4584
     367       4.4428
     368       4.4371
     369       3.8625
     370       3.7368
     371       4.3554
     372       3.8306
     373       3.6339
     374       3.2091
     375       3.5392
     376       4.9710
     377       3.5574
     378       4.4817
     379       3.5208
     380       4.9555
     381       3.3310
     382       2.8151
     383       3.7757
     384       2.5985
     385       4.6943
     386       3.8258
     387       4.8004
     388       4.1051
     389       3.1644
     390       2.9130
     391       3.1198
     392       3.1541
     393       2.9535
     394       3.4797
     395       3.6893
     396       3.9963
     397       3.2601
     398       3.6774
     399       4.5035
     400       4.7719
