0 1
1 2
2 1
3 2
4 2
5 3
6 2
7 3
8 2
9 2
10 1
11 2
12 1
13 2
14 2
15 2
16 2
17 2
18 2
19 1
20 1
21 2
22 2
23 2
24 1
25 2
26 2
27 1
28 2
29 2
30 2
31 2
32 2
33 2
34 2
35 2
36 2
37 2
38 2
39 2
40 1
41 2
42 1
43 1
44 3
45 3
46 2
47 2
48 2
49 1
50 2
51 2
52 1
53 2
54 2
55 2
56 2
57 2
58 2
59 2
60 2
61 1
62 2
63 2
64 1
65 1
66 2
67 2
68 2
69 1
70 2
71 2
72 2
73 2
74 2
75 2
76 1
77 2
78 2
79 2
80 2
81 2
82 2
83 1
84 2
85 1
86 2
87 1
88 2
89 1
90 1
91 2
92 2
93 2
94 2
95 2
96 2
97 1
98 2
99 1
100 2
101 2
102 2
103 2
104 2
105 2
106 2
107 1
108 2
109 2
110 2
111 1
112 1
113 2
114 1
115 1
116 1
117 1
118 3
119 2
120 2
121 2
122 1
123 3
124 1
125 2
126 2
127 1
128 2
129 0
130 2
131 2
132 2
133 2
134 2
135 2
136 2
137 2
138 2
139 2
140 1
141 2
142 2
143 2
144 1
145 2
146 2
147 2
148 2
149 2
150 2
151 1
152 2
153 2
154 2
155 1
156 2
157 2
158 2
159 2
160 2
161 2
162 2
163 2
164 2
165 2
166 2
167 2
168 2
169 2
170 3
171 2
172 1
173 1
174 2
175 2
176 3
177 2
178 1
179 1
180 2
181 2
182 2
183 1
184 1
185 1
186 1
187 1
188 2
189 1
190 3
191 2
192 2
193 1
194 0
195 2
196 1
197 2
198 1
199 2
200 1
201 1
202 1
203 2
204 2
205 2
206 2
207 3
208 2
209 2
210 2
211 3
212 1
213 1
214 2
215 1
216 1
217 2
218 1
219 2
220 2
221 2
222 2
223 2
224 1
225 2
226 1
227 2
228 1
229 1
230 2
231 1
232 2
233 2
234 3
235 2
236 3
237 2
238 1
239 2
240 2
241 2
242 2
243 2
244 2
245 1
246 2
247 2
248 2
249 1
250 2
251 2
252 2
253 1
254 2
255 2
256 1
257 1
258 3
259 1
260 1
261 2
262 1
263 0
264 2
265 1
266 2
267 2
268 2
269 1
270 2
271 2
272 1
273 2
274 2
275 2
276 2
277 3
278 2
279 2
280 1
281 2
282 2
283 1
284 2
285 2
286 2
287 2
288 1
289 1
290 2
291 2
292 1
293 2
294 2
295 2
296 2
297 2
298 2
299 2
300 1
301 1
302 1
303 2
304 1
305 2
306 2
307 1
308 1
309 1
310 1
311 2
312 3
313 2
314 2
315 2
316 1
317 2
318 2
319 2
320 2
321 1
322 2
323 1
324 2
325 1
326 2
327 2
328 2
329 1
330 1
331 2
332 1
333 2
334 1
335 1
336 2
337 2
338 1
339 2
340 2
341 2
342 2
343 1
344 2
345 2
346 0
347 2
348 2
349 3
350 2
351 2
352 2
353 1
354 2
355 1
356 1
357 2
358 1
359 2
360 1
361 2
362 1
363 2
364 2
365 2
366 2
367 2
368 1
369 2
370 2
371 2
372 2
373 2
374 1
375 2
376 2
377 1
378 2
379 2
380 1
381 1
382 2
383 1
384 1
385 1
386 2
387 2
388 2
389 0
390 2
391 2
392 2
393 2
394 2
395 2
396 1
397 2
398 2
399 1
