0 4
1 4
2 3
3 2
4 4
5 3
6 3
7 4
8 3
9 4
10 3
11 2
12 2
13 4
14 3
15 4
16 4
17 3
18 5
19 4
20 3
21 4
22 5
23 3
24 3
25 5
26 4
27 5
28 2
29 5
30 3
31 3
32 4
33 4
34 1
35 5
36 3
37 2
38 3
39 4
40 3
41 5
42 3
43 2
44 4
45 2
46 5
47 4
48 4
49 1
50 5
51 4
52 5
53 3
54 5
55 4
56 4
57 4
58 3
59 5
60 5
61 3
62 3
63 4
64 3
65 5
66 5
67 4
68 5
69 4
70 3
71 1
72 3
73 4
74 1
75 3
76 3
77 4
78 3
79 4
80 5
81 4
82 4
83 5
84 3
85 4
86 4
87 6
88 4
89 4
90 4
91 4
92 2
93 2
94 3
95 5
96 4
97 4
98 3
99 3
100 3
101 4
102 6
103 2
104 3
105 6
106 5
107 4
108 5
109 5
110 5
111 5
112 4
113 4
114 3
115 1
116 3
117 4
118 4
119 3
120 2
121 4
122 4
123 3
124 2
125 3
126 4
127 3
128 3
129 3
130 3
131 4
132 3
133 3
134 3
135 3
136 3
137 4
138 4
139 4
140 3
141 4
142 2
143 4
144 4
145 4
146 3
147 3
148 4
149 4
150 5
151 4
152 3
153 5
154 3
155 3
156 3
157 2
158 3
159 3
160 3
161 3
162 4
163 3
164 5
165 4
166 6
167 5
168 3
169 2
170 5
171 4
172 3
173 4
174 3
175 2
176 4
177 4
178 3
179 5
180 5
181 3
182 4
183 4
184 3
185 3
186 4
187 4
188 1
189 4
190 2
191 5
192 3
193 1
194 4
195 3
196 4
197 3
198 4
199 3
200 5
201 4
202 5
203 5
204 5
205 4
206 3
207 3
208 4
209 6
210 3
211 4
212 5
213 3
214 4
215 2
216 3
217 6
218 4
219 5
220 2
221 3
222 3
223 4
224 3
225 5
226 1
227 3
228 3
229 3
230 5
231 2
232 4
233 7
234 2
235 3
236 3
237 4
238 3
239 5
240 4
241 3
242 3
243 3
244 4
245 3
246 3
247 4
248 2
249 3
250 4
251 4
252 2
253 5
254 4
255 5
256 3
257 3
258 5
259 3
260 3
261 3
262 3
263 4
264 3
265 5
266 4
267 2
268 4
269 3
270 4
271 2
272 3
273 5
274 4
275 4
276 5
277 5
278 3
279 2
280 2
281 3
282 3
283 4
284 4
285 1
286 5
287 4
288 3
289 2
290 4
291 4
292 4
293 5
294 2
295 5
296 5
297 5
298 4
299 4
300 3
301 3
302 4
303 5
304 3
305 3
306 4
307 6
308 4
309 3
310 4
311 3
312 4
313 4
314 4
315 3
316 5
317 4
318 3
319 3
320 3
321 4
322 3
323 5
324 4
325 3
326 6
327 1
328 3
329 3
330 5
331 3
332 3
333 4
334 3
335 3
336 5
337 5
338 4
339 3
340 4
341 5
342 4
343 4
344 3
345 3
346 3
347 4
348 3
349 3
350 3
351 4
352 5
353 4
354 2
355 5
356 4
357 3
358 3
359 3
360 3
361 4
362 5
363 5
364 3
365 5
366 4
367 5
368 2
369 3
370 3
371 4
372 3
373 2
374 5
375 5
376 3
377 4
378 3
379 5
380 5
381 3
382 3
383 3
384 4
385 5
386 2
387 2
388 3
389 3
390 4
391 2
392 4
393 2
394 5
395 5
396 3
397 4
398 4
399 3
