0 1
1 2
2 0
3 1
4 1
5 1
6 1
7 1
8 1
9 2
10 0
11 2
12 2
13 1
14 1
15 2
16 1
17 1
18 0
19 1
20 1
21 2
22 3
23 0
24 2
25 2
26 1
27 1
28 0
29 1
30 1
31 0
32 0
33 0
34 1
35 1
36 1
37 2
38 1
39 2
40 2
41 2
42 2
43 2
44 1
45 2
46 1
47 0
48 1
49 1
50 0
51 1
52 1
53 1
54 1
55 1
56 1
57 0
58 1
59 0
60 1
61 1
62 0
63 1
64 0
65 3
66 2
67 0
68 1
69 1
70 1
71 1
72 1
73 1
74 0
75 0
76 0
77 1
78 0
79 1
80 0
81 2
82 0
83 3
84 0
85 2
86 1
87 1
88 1
89 2
90 0
91 1
92 0
93 1
94 1
95 1
96 1
97 1
98 3
99 0
100 1
101 2
102 0
103 0
104 1
105 3
106 0
107 0
108 0
109 0
110 1
111 1
112 2
113 1
114 0
115 1
116 1
117 0
118 1
119 1
120 0
121 1
122 1
123 1
124 3
125 1
126 1
127 1
128 0
129 1
130 0
131 2
132 1
133 1
134 1
135 0
136 2
137 1
138 0
139 2
140 1
141 3
142 2
143 3
144 1
145 2
146 3
147 1
148 1
149 1
150 3
151 1
152 1
153 0
154 1
155 0
156 1
157 1
158 3
159 1
160 1
161 2
162 2
163 1
164 0
165 2
166 0
167 1
168 2
169 3
170 1
171 1
172 0
173 0
174 1
175 2
176 1
177 2
178 1
179 1
180 0
181 0
182 0
183 1
184 0
185 1
186 0
187 2
188 0
189 2
190 0
191 2
192 0
193 0
194 0
195 1
196 0
197 1
198 1
199 3
200 1
201 0
202 1
203 0
204 1
205 0
206 1
207 1
208 0
209 1
210 2
211 2
212 2
213 1
214 1
215 1
216 0
217 1
218 0
219 1
220 0
221 1
222 0
223 0
224 1
225 1
226 0
227 1
228 2
229 0
230 0
231 0
232 1
233 0
234 0
235 0
236 0
237 1
238 2
239 0
240 0
241 1
242 1
243 1
244 1
245 1
246 1
247 0
248 1
249 0
250 0
251 0
252 1
253 1
254 0
255 2
256 2
257 0
258 0
259 0
260 0
261 0
262 2
263 0
264 0
265 0
266 0
267 0
268 1
269 1
270 1
271 0
272 1
273 1
274 1
275 0
276 1
277 2
278 1
279 2
280 1
281 1
282 0
283 1
284 1
285 1
286 1
287 1
288 0
289 0
290 1
291 0
292 0
293 1
294 0
295 2
296 1
297 2
298 0
299 1
300 0
301 2
302 0
303 1
304 1
305 1
306 0
307 1
308 1
309 1
310 0
311 1
312 0
313 1
314 0
315 0
316 1
317 1
318 1
319 0
320 1
321 0
322 1
323 1
324 0
325 0
326 2
327 3
328 0
329 0
330 1
331 2
332 1
333 1
334 1
335 1
336 0
337 1
338 2
339 2
340 0
341 2
342 1
343 1
344 0
345 1
346 1
347 1
348 1
349 0
350 1
351 1
352 0
353 0
354 1
355 2
356 1
357 0
358 0
359 1
360 0
361 1
362 1
363 0
364 0
365 1
366 0
367 0
368 0
369 0
370 0
371 1
372 1
373 1
374 1
375 0
376 1
377 2
378 2
379 1
380 1
381 0
382 1
383 0
384 1
385 1
386 0
387 1
388 1
389 1
390 0
391 0
392 1
393 2
394 1
395 3
396 0
397 2
398 1
399 1
