0 2
1 1
2 0
3 0
4 0
5 1
6 0
7 2
8 3
9 0
10 0
11 1
12 0
13 1
14 1
15 3
16 1
17 1
18 1
19 1
20 2
21 0
22 1
23 0
24 1
25 1
26 1
27 0
28 1
29 1
30 1
31 0
32 1
33 1
34 0
35 1
36 0
37 0
38 2
39 1
40 0
41 1
42 1
43 1
44 3
45 0
46 0
47 2
48 1
49 0
50 1
51 3
52 1
53 1
54 0
55 0
56 0
57 2
58 2
59 1
60 1
61 2
62 1
63 1
64 2
65 1
66 2
67 3
68 0
69 1
70 1
71 1
72 1
73 0
74 0
75 1
76 1
77 1
78 4
79 1
80 0
81 0
82 2
83 1
84 1
85 1
86 0
87 4
88 1
89 2
90 1
91 2
92 1
93 0
94 1
95 2
96 2
97 0
98 1
99 0
100 1
101 0
102 0
103 0
104 1
105 1
106 1
107 1
108 2
109 0
110 2
111 1
112 1
113 1
114 1
115 0
116 1
117 2
118 2
119 0
120 0
121 0
122 1
123 4
124 4
125 1
126 1
127 1
128 1
129 1
130 0
131 1
132 2
133 0
134 2
135 2
136 2
137 1
138 0
139 0
140 1
141 0
142 1
143 1
144 1
145 1
146 0
147 1
148 1
149 0
150 2
151 1
152 1
153 1
154 1
155 1
156 1
157 1
158 1
159 0
160 1
161 2
162 2
163 0
164 1
165 1
166 0
167 0
168 1
169 1
170 0
171 3
172 1
173 0
174 1
175 3
176 1
177 1
178 2
179 1
180 1
181 0
182 4
183 3
184 3
185 3
186 4
187 2
188 2
189 0
190 1
191 1
192 0
193 0
194 1
195 1
196 2
197 1
198 1
199 2
200 1
201 1
202 1
203 1
204 0
205 0
206 1
207 1
208 2
209 1
210 1
211 0
212 0
213 0
214 1
215 0
216 1
217 1
218 0
219 1
220 1
221 1
222 0
223 3
224 3
225 2
226 0
227 0
228 1
229 2
230 1
231 2
232 0
233 0
234 0
235 1
236 1
237 3
238 3
239 3
240 2
241 2
242 0
243 0
244 2
245 2
246 2
247 1
248 0
249 1
250 1
251 0
252 0
253 1
254 1
255 3
256 1
257 1
258 2
259 2
260 2
261 1
262 3
263 1
264 1
265 1
266 0
267 0
268 3
269 3
270 1
271 4
272 1
273 3
274 0
275 1
276 1
277 0
278 1
279 1
280 1
281 0
282 0
283 2
284 1
285 0
286 1
287 1
288 0
289 1
290 1
291 0
292 0
293 1
294 0
295 0
296 1
297 0
298 1
299 1
300 0
301 1
302 2
303 3
304 2
305 2
306 0
307 0
308 0
309 1
310 0
311 0
312 1
313 1
314 1
315 2
316 2
317 2
318 0
319 0
320 1
321 1
322 1
323 0
324 1
325 2
326 1
327 1
328 1
329 3
330 1
331 3
332 1
333 1
334 1
335 1
336 1
337 0
338 0
339 2
340 2
341 1
342 0
343 2
344 2
345 2
346 1
347 1
348 1
349 0
350 1
351 1
352 1
353 3
354 2
355 1
356 1
357 0
358 1
359 2
360 0
361 0
362 2
363 1
364 1
365 1
366 2
367 1
368 0
369 2
370 2
371 1
372 2
373 0
374 1
375 1
376 1
377 0
378 0
379 1
380 0
381 1
382 0
383 0
384 1
385 1
386 3
387 0
388 1
389 1
390 1
391 1
392 1
393 2
394 1
395 2
396 1
397 0
398 0
399 0
