#Res             RMSF
 281.000       4.4688
 282.000       3.4171
 283.000       2.7139
 284.000       2.1695
 285.000       1.8967
 286.000       1.4080
 287.000       0.7359
 288.000       0.6015
 289.000       0.6371
 290.000       0.6879
 291.000       0.5906
 292.000       0.5349
 293.000       0.5248
 294.000       0.5432
 295.000       0.4514
 296.000       0.4772
 297.000       0.5659
 298.000       0.6307
 299.000       0.6826
 300.000       0.6380
 301.000       0.8485
 302.000       0.8836
 303.000       0.7261
 304.000       0.6802
 305.000       0.5965
 306.000       0.7271
 307.000       0.8666
 308.000       1.0033
 309.000       0.7203
 310.000       0.6466
 311.000       0.7755
 312.000       0.7178
 313.000       0.5834
 314.000       0.6002
 315.000       0.6911
 316.000       0.5958
 317.000       0.5169
 318.000       0.6349
 319.000       0.6429
 320.000       0.5301
 321.000       0.5033
 322.000       0.6448
 323.000       0.6050
 324.000       0.4455
 325.000       0.5476
 326.000       0.6224
 327.000       0.5028
 328.000       0.4345
 329.000       0.5173
 330.000       0.5397
 331.000       0.4324
 332.000       0.5006
 333.000       0.6142
 334.000       0.6022
 335.000       0.6501
 336.000       0.7312
 337.000       0.6914
 338.000       0.7711
 339.000       0.6213
 340.000       0.4976
 341.000       0.5034
 342.000       0.5020
 343.000       0.4806
 344.000       0.3967
 345.000       0.3887
 346.000       0.4106
 347.000       0.3963
 348.000       0.3786
 349.000       0.4353
 350.000       0.5471
 351.000       0.5403
 352.000       0.5221
 353.000       0.5217
 354.000       0.6298
 355.000       0.9363
 356.000       0.9119
 357.000       0.6684
 358.000       0.5630
 359.000       0.6288
 360.000       0.5726
 361.000       0.4791
 362.000       0.4770
 363.000       0.5309
 364.000       0.5228
 365.000       0.4831
 366.000       0.5316
 367.000       0.5908
 368.000       0.5175
 369.000       0.5504
 370.000       0.6486
 371.000       0.6735
 372.000       0.6324
 373.000       0.8515
 374.000       1.0850
 375.000       2.1307
 376.000       3.2148
