#Res             RMSF
 662.000       2.3734
 663.000       1.5089
 664.000       1.0188
 665.000       0.5619
 666.000       0.4549
 667.000       0.4432
 668.000       0.4557
 669.000       0.4375
 670.000       0.4086
 671.000       0.4284
 672.000       0.4736
 673.000       0.4320
 674.000       0.4184
 675.000       0.5425
 676.000       0.6385
 677.000       0.5987
 678.000       0.6057
 679.000       0.8260
 680.000       0.7481
 681.000       0.5728
 682.000       0.5300
 683.000       0.4443
 684.000       0.4967
 685.000       0.5782
 686.000       0.5987
 687.000       0.4374
 688.000       0.4144
 689.000       0.5007
 690.000       0.4322
 691.000       0.3697
 692.000       0.3763
 693.000       0.4010
 694.000       0.3872
 695.000       0.3778
 696.000       0.4137
 697.000       0.4113
 698.000       0.4019
 699.000       0.3712
 700.000       0.4335
 701.000       0.4050
 702.000       0.3741
 703.000       0.4206
 704.000       0.4929
 705.000       0.4249
 706.000       0.3729
 707.000       0.4229
 708.000       0.4286
 709.000       0.3972
 710.000       0.4393
 711.000       0.4994
 712.000       0.5629
 713.000       0.6501
 714.000       0.6930
 715.000       0.5896
 716.000       0.6013
 717.000       0.5014
 718.000       0.4063
 719.000       0.4320
 720.000       0.4699
 721.000       0.4707
 722.000       0.3926
 723.000       0.3754
 724.000       0.4030
 725.000       0.3761
 726.000       0.3570
 727.000       0.3967
 728.000       0.4628
 729.000       0.4448
 730.000       0.4284
 731.000       0.4495
 732.000       0.5782
 733.000       0.7749
 734.000       0.8383
 735.000       0.5763
 736.000       0.4784
 737.000       0.5945
 738.000       0.5191
 739.000       0.4411
 740.000       0.4724
 741.000       0.5065
 742.000       0.4698
 743.000       0.4517
 744.000       0.5020
 745.000       0.5293
 746.000       0.4616
 747.000       0.4970
 748.000       0.6182
 749.000       0.6355
 750.000       0.6083
 751.000       0.9688
 752.000       2.7626
 753.000       4.3145
