#Res             RMSF
 662.000       1.3519
 663.000       1.0473
 664.000       0.6920
 665.000       0.5006
 666.000       0.4010
 667.000       0.3813
 668.000       0.4096
 669.000       0.4200
 670.000       0.4006
 671.000       0.4348
 672.000       0.4684
 673.000       0.4401
 674.000       0.4331
 675.000       0.5446
 676.000       0.6518
 677.000       0.6282
 678.000       0.6215
 679.000       0.8427
 680.000       0.7484
 681.000       0.5905
 682.000       0.5174
 683.000       0.4348
 684.000       0.4656
 685.000       0.5269
 686.000       0.5568
 687.000       0.4055
 688.000       0.3719
 689.000       0.4886
 690.000       0.4403
 691.000       0.3734
 692.000       0.3732
 693.000       0.4217
 694.000       0.3944
 695.000       0.3762
 696.000       0.4066
 697.000       0.4082
 698.000       0.4159
 699.000       0.3838
 700.000       0.4324
 701.000       0.4086
 702.000       0.3917
 703.000       0.4519
 704.000       0.5181
 705.000       0.4011
 706.000       0.3753
 707.000       0.4398
 708.000       0.4363
 709.000       0.4109
 710.000       0.4580
 711.000       0.5242
 712.000       0.5746
 713.000       0.6334
 714.000       0.6897
 715.000       0.5932
 716.000       0.5510
 717.000       0.4739
 718.000       0.4176
 719.000       0.4364
 720.000       0.4868
 721.000       0.4928
 722.000       0.4107
 723.000       0.3868
 724.000       0.4184
 725.000       0.3911
 726.000       0.3610
 727.000       0.4179
 728.000       0.4672
 729.000       0.4302
 730.000       0.4241
 731.000       0.4310
 732.000       0.5822
 733.000       0.7989
 734.000       0.8283
 735.000       0.5494
 736.000       0.4801
 737.000       0.6351
 738.000       0.5469
 739.000       0.4605
 740.000       0.4963
 741.000       0.5320
 742.000       0.4834
 743.000       0.4518
 744.000       0.5041
 745.000       0.5357
 746.000       0.4750
 747.000       0.5190
 748.000       0.6438
 749.000       0.6620
 750.000       0.6304
 751.000       1.0422
 752.000       3.2410
 753.000       5.0721
