#Res             RMSF
 558.000       1.2469
 559.000       0.7683
 560.000       0.5510
 561.000       0.4844
 562.000       0.6134
 563.000       0.6508
 564.000       0.5342
 565.000       0.5637
 566.000       0.4323
 567.000       0.4574
 568.000       0.3944
 569.000       0.4306
 570.000       0.3941
 571.000       0.4917
 572.000       0.4198
 573.000       0.3606
 574.000       0.3557
 575.000       0.4024
 576.000       0.4182
 577.000       0.4422
 578.000       0.5258
 579.000       0.6118
 580.000       0.6570
 581.000       0.6388
 582.000       0.5664
 583.000       0.5788
 584.000       0.5887
 585.000       0.4887
 586.000       0.4498
 587.000       0.4923
 588.000       0.6386
 589.000       0.4906
 590.000       0.3825
 591.000       0.3784
 592.000       0.3875
 593.000       0.3967
 594.000       0.3684
 595.000       0.3516
 596.000       0.3683
 597.000       0.4009
 598.000       0.4038
 599.000       0.3770
 600.000       0.4017
 601.000       0.4254
 602.000       0.4249
 603.000       0.4768
 604.000       0.4842
 605.000       0.4517
 606.000       0.4466
 607.000       0.4811
 608.000       0.4929
 609.000       0.4369
 610.000       0.4752
 611.000       0.5527
 612.000       0.5727
 613.000       0.5152
 614.000       0.6320
 615.000       0.7766
 616.000       0.7733
 617.000       0.8096
 618.000       0.6252
 619.000       0.6343
 620.000       0.4948
 621.000       0.4082
 622.000       0.4303
 623.000       0.4280
 624.000       0.4960
 625.000       0.4414
 626.000       0.4457
 627.000       0.5340
 628.000       0.5807
 629.000       0.5578
 630.000       0.7075
 631.000       0.8977
 632.000       0.8989
 633.000       0.7451
 634.000       0.7440
 635.000       0.6813
 636.000       0.6161
 637.000       0.6369
 638.000       0.6938
 639.000       0.6780
 640.000       0.6681
 641.000       1.4435
 642.000       1.7403
 643.000       0.6393
 644.000       0.4778
 645.000       0.4916
 646.000       0.5466
 647.000       0.5992
 648.000       0.7847
 649.000       1.4349
 650.000       0.8213
 651.000       0.9172
 652.000       0.8695
 653.000       0.9359
 654.000       0.8381
 655.000       0.8560
 656.000       0.9584
 657.000       0.9112
 658.000       0.7832
 659.000       0.9488
 660.000       1.2830
 661.000       1.9393
