#Res             RMSF
 476.000       3.0937
 477.000       2.2465
 478.000       1.1779
 479.000       0.8766
 480.000       0.6142
 481.000       0.6064
 482.000       0.8376
 483.000       0.9180
 484.000       0.6790
 485.000       0.5834
 486.000       0.5559
 487.000       0.5943
 488.000       0.5878
 489.000       0.4714
 490.000       0.4254
 491.000       0.5155
 492.000       0.4885
 493.000       0.3976
 494.000       0.4418
 495.000       0.4865
 496.000       0.4928
 497.000       0.5068
 498.000       0.4280
 499.000       0.4811
 500.000       0.4366
 501.000       0.4233
 502.000       0.4645
 503.000       0.5342
 504.000       0.4850
 505.000       0.3805
 506.000       0.4291
 507.000       0.4789
 508.000       0.4505
 509.000       0.3978
 510.000       0.4336
 511.000       0.5187
 512.000       0.4921
 513.000       0.4853
 514.000       0.5166
 515.000       0.5191
 516.000       0.4896
 517.000       0.5088
 518.000       0.5442
 519.000       0.5043
 520.000       0.4261
 521.000       0.3964
 522.000       0.4476
 523.000       0.3645
 524.000       0.3549
 525.000       0.4230
 526.000       0.4166
 527.000       0.3850
 528.000       0.4262
 529.000       0.5234
 530.000       0.5655
 531.000       0.6230
 532.000       0.7014
 533.000       0.6119
 534.000       0.6934
 535.000       0.5036
 536.000       0.4372
 537.000       0.4766
 538.000       0.4629
 539.000       0.4681
 540.000       0.3885
 541.000       0.4174
 542.000       0.4368
 543.000       0.4203
 544.000       0.4087
 545.000       0.5048
 546.000       0.6228
 547.000       0.7723
 548.000       0.8539
 549.000       0.9094
 550.000       1.0625
 551.000       1.2574
 552.000       1.1665
 553.000       1.0134
 554.000       1.3752
 555.000       1.2067
 556.000       2.4248
 557.000       3.6030
