#Res             RMSF
   1.000       2.8671
   2.000       1.3231
   3.000       0.8306
   4.000       0.5783
   5.000       0.5316
   6.000       0.4761
   7.000       0.5412
   8.000       0.5102
   9.000       0.4977
  10.000       0.4604
  11.000       0.4598
  12.000       0.4777
  13.000       0.4407
  14.000       0.3633
  15.000       0.4418
  16.000       0.4583
  17.000       0.4864
  18.000       0.5144
  19.000       0.6330
  20.000       0.6311
  21.000       0.7128
  22.000       0.7500
  23.000       0.5865
  24.000       0.4556
  25.000       0.4048
  26.000       0.4928
  27.000       0.4692
  28.000       0.4737
  29.000       0.4847
  30.000       0.4257
  31.000       0.4396
  32.000       0.4676
  33.000       0.4834
  34.000       0.4360
  35.000       0.4771
  36.000       0.5707
  37.000       0.5548
  38.000       0.5193
  39.000       0.6671
  40.000       0.8484
  41.000       0.7334
  42.000       0.7308
  43.000       0.8196
  44.000       0.9744
  45.000       0.5889
  46.000       0.5435
  47.000       0.5177
  48.000       0.5337
  49.000       0.6419
  50.000       0.5335
  51.000       0.3944
  52.000       0.3883
  53.000       0.4337
  54.000       0.4069
  55.000       0.3501
  56.000       0.3377
  57.000       0.3751
  58.000       0.3916
  59.000       0.4237
  60.000       0.3946
  61.000       0.4060
  62.000       0.4302
  63.000       0.4154
  64.000       0.3813
  65.000       0.4190
  66.000       0.3717
  67.000       0.3378
  68.000       0.3952
  69.000       0.3619
  70.000       0.3427
  71.000       0.3462
  72.000       0.3743
  73.000       0.3925
  74.000       0.4240
  75.000       0.4666
  76.000       0.5041
  77.000       0.5550
  78.000       0.6056
  79.000       0.4325
  80.000       0.4762
  81.000       0.3626
  82.000       0.3487
  83.000       0.4701
  84.000       0.5369
  85.000       0.5531
  86.000       0.4239
  87.000       0.4758
  88.000       0.5719
  89.000       0.4915
  90.000       0.4527
  91.000       0.5185
  92.000       0.5619
  93.000       0.5709
  94.000       0.6618
  95.000       0.8636
  96.000       1.2266
  97.000       1.9084
