#Res             RMSF
 176.000       0.9977
 177.000       0.7554
 178.000       0.5515
 179.000       0.4871
 180.000       0.4535
 181.000       0.6068
 182.000       0.6206
 183.000       0.5405
 184.000       0.5993
 185.000       0.4407
 186.000       0.4861
 187.000       0.4178
 188.000       0.4421
 189.000       0.4056
 190.000       0.4902
 191.000       0.4814
 192.000       0.4102
 193.000       0.4185
 194.000       0.4925
 195.000       0.4828
 196.000       0.4608
 197.000       0.5759
 198.000       0.6891
 199.000       0.6683
 200.000       0.7072
 201.000       0.5902
 202.000       0.6209
 203.000       0.6806
 204.000       0.5597
 205.000       0.4790
 206.000       0.5120
 207.000       0.5633
 208.000       0.4777
 209.000       0.3776
 210.000       0.3537
 211.000       0.3677
 212.000       0.3878
 213.000       0.3851
 214.000       0.3673
 215.000       0.3847
 216.000       0.4168
 217.000       0.4217
 218.000       0.4233
 219.000       0.4766
 220.000       0.4909
 221.000       0.4435
 222.000       0.5061
 223.000       0.5479
 224.000       0.4781
 225.000       0.4590
 226.000       0.5173
 227.000       0.5362
 228.000       0.4504
 229.000       0.5140
 230.000       0.6286
 231.000       0.6361
 232.000       0.5889
 233.000       0.7917
 234.000       0.9275
 235.000       0.8692
 236.000       0.9364
 237.000       0.7104
 238.000       0.7243
 239.000       0.5284
 240.000       0.4278
 241.000       0.4555
 242.000       0.5056
 243.000       0.5809
 244.000       0.4740
 245.000       0.4652
 246.000       0.5931
 247.000       0.6412
 248.000       0.5918
 249.000       0.7123
 250.000       1.0783
 251.000       1.1553
 252.000       0.8816
 253.000       0.7994
 254.000       0.7511
 255.000       0.6954
 256.000       0.8001
 257.000       0.8714
 258.000       0.8934
 259.000       0.9870
 260.000       1.3595
 261.000       0.9790
 262.000       0.7991
 263.000       0.6505
 264.000       0.7284
 265.000       0.8331
 266.000       1.3497
 267.000       2.4953
 268.000       2.2721
 269.000       1.1326
 270.000       0.9156
 271.000       0.9706
 272.000       0.9549
 273.000       0.8066
 274.000       0.8824
 275.000       1.0493
 276.000       1.1208
 277.000       0.9941
 278.000       1.0622
 279.000       1.3578
 280.000       1.9983
