#Res             RMSF
 176.000       1.8601
 177.000       1.2252
 178.000       0.7640
 179.000       0.5719
 180.000       0.4876
 181.000       0.6716
 182.000       0.6765
 183.000       0.5298
 184.000       0.5942
 185.000       0.4388
 186.000       0.4835
 187.000       0.4039
 188.000       0.4909
 189.000       0.4466
 190.000       0.5006
 191.000       0.4276
 192.000       0.3786
 193.000       0.3798
 194.000       0.4114
 195.000       0.4209
 196.000       0.4595
 197.000       0.5048
 198.000       0.5537
 199.000       0.5548
 200.000       0.5236
 201.000       0.4849
 202.000       0.5226
 203.000       0.6059
 204.000       0.5013
 205.000       0.4572
 206.000       0.5083
 207.000       0.5648
 208.000       0.4813
 209.000       0.3666
 210.000       0.3412
 211.000       0.3686
 212.000       0.3731
 213.000       0.3507
 214.000       0.3581
 215.000       0.3788
 216.000       0.3846
 217.000       0.3830
 218.000       0.3903
 219.000       0.3942
 220.000       0.4211
 221.000       0.4672
 222.000       0.4745
 223.000       0.4916
 224.000       0.4340
 225.000       0.4409
 226.000       0.4994
 227.000       0.5135
 228.000       0.4564
 229.000       0.4947
 230.000       0.6983
 231.000       0.7416
 232.000       0.6132
 233.000       0.7904
 234.000       0.9726
 235.000       0.9449
 236.000       0.9399
 237.000       0.6701
 238.000       0.6529
 239.000       0.4510
 240.000       0.4063
 241.000       0.4783
 242.000       0.5001
 243.000       0.5486
 244.000       0.4649
 245.000       0.4650
 246.000       0.5268
 247.000       0.6412
 248.000       0.6192
 249.000       0.6676
 250.000       0.8693
 251.000       0.9492
 252.000       0.8032
 253.000       0.8138
 254.000       0.6648
 255.000       0.6308
 256.000       0.7088
 257.000       0.7158
 258.000       0.6684
 259.000       0.6743
 260.000       1.0717
 261.000       0.7788
 262.000       0.6701
 263.000       0.4852
 264.000       0.5098
 265.000       0.5341
 266.000       0.5499
 267.000       0.6550
 268.000       1.1585
 269.000       0.7478
 270.000       1.1369
 271.000       0.9845
 272.000       1.0140
 273.000       0.9638
 274.000       0.9245
 275.000       1.0866
 276.000       1.0444
 277.000       0.9892
 278.000       1.1375
 279.000       1.4190
 280.000       1.9594
