#Res             RMSF
 377.000       2.4662
 378.000       1.7477
 379.000       1.1632
 380.000       0.8041
 381.000       0.6938
 382.000       0.6896
 383.000       0.5761
 384.000       0.6232
 385.000       0.5921
 386.000       0.5132
 387.000       0.4631
 388.000       0.5466
 389.000       0.6070
 390.000       0.5135
 391.000       0.4672
 392.000       0.5184
 393.000       0.5238
 394.000       0.4803
 395.000       0.4936
 396.000       0.5509
 397.000       0.6049
 398.000       0.6149
 399.000       0.6440
 400.000       0.5183
 401.000       0.4603
 402.000       0.4978
 403.000       0.6709
 404.000       0.6129
 405.000       0.6020
 406.000       0.6181
 407.000       0.4418
 408.000       0.4386
 409.000       0.5171
 410.000       0.4618
 411.000       0.3760
 412.000       0.4925
 413.000       0.5211
 414.000       0.5152
 415.000       0.5537
 416.000       0.7137
 417.000       0.7761
 418.000       0.6629
 419.000       0.7379
 420.000       0.9489
 421.000       1.2281
 422.000       0.7684
 423.000       0.6232
 424.000       0.6157
 425.000       0.6568
 426.000       0.7764
 427.000       0.5735
 428.000       0.4569
 429.000       0.4065
 430.000       0.4740
 431.000       0.4409
 432.000       0.3612
 433.000       0.3627
 434.000       0.4173
 435.000       0.3982
 436.000       0.3612
 437.000       0.3764
 438.000       0.3870
 439.000       0.3781
 440.000       0.3834
 441.000       0.3981
 442.000       0.4651
 443.000       0.4224
 444.000       0.3393
 445.000       0.4414
 446.000       0.4682
 447.000       0.3795
 448.000       0.3885
 449.000       0.4536
 450.000       0.4395
 451.000       0.4097
 452.000       0.4515
 453.000       0.5293
 454.000       0.5677
 455.000       0.5669
 456.000       0.4466
 457.000       0.4186
 458.000       0.3657
 459.000       0.3411
 460.000       0.4217
 461.000       0.4506
 462.000       0.4416
 463.000       0.3762
 464.000       0.4230
 465.000       0.4332
 466.000       0.4341
 467.000       0.5478
 468.000       0.5311
 469.000       0.6439
 470.000       0.8225
 471.000       0.8701
 472.000       0.9134
 473.000       0.8124
 474.000       0.8302
 475.000       1.3122
