#Res             RMSF
 558.000       1.4208
 559.000       0.8555
 560.000       0.6356
 561.000       0.5226
 562.000       0.6603
 563.000       0.6824
 564.000       0.5324
 565.000       0.5916
 566.000       0.4389
 567.000       0.4857
 568.000       0.3833
 569.000       0.4546
 570.000       0.4099
 571.000       0.5333
 572.000       0.4980
 573.000       0.4300
 574.000       0.4252
 575.000       0.5034
 576.000       0.5140
 577.000       0.5110
 578.000       0.6419
 579.000       0.6993
 580.000       0.6135
 581.000       0.6334
 582.000       0.5330
 583.000       0.6023
 584.000       0.7358
 585.000       0.5914
 586.000       0.4948
 587.000       0.5206
 588.000       0.6297
 589.000       0.4789
 590.000       0.3788
 591.000       0.3723
 592.000       0.3761
 593.000       0.3874
 594.000       0.3745
 595.000       0.3555
 596.000       0.3637
 597.000       0.3795
 598.000       0.3800
 599.000       0.3619
 600.000       0.3754
 601.000       0.4119
 602.000       0.4217
 603.000       0.4630
 604.000       0.4667
 605.000       0.4539
 606.000       0.4311
 607.000       0.4677
 608.000       0.4739
 609.000       0.4213
 610.000       0.5361
 611.000       0.6676
 612.000       0.6278
 613.000       0.5304
 614.000       0.8700
 615.000       1.0507
 616.000       0.8873
 617.000       0.9334
 618.000       0.6503
 619.000       0.7656
 620.000       0.5468
 621.000       0.4074
 622.000       0.4593
 623.000       0.4881
 624.000       0.4906
 625.000       0.4227
 626.000       0.4567
 627.000       0.5466
 628.000       0.5752
 629.000       0.5727
 630.000       0.7519
 631.000       0.8670
 632.000       0.7420
 633.000       0.7360
 634.000       0.8791
 635.000       0.8120
 636.000       0.6711
 637.000       0.6193
 638.000       0.6943
 639.000       0.6716
 640.000       0.5895
 641.000       1.0314
 642.000       0.7906
 643.000       0.5225
 644.000       0.4878
 645.000       0.5523
 646.000       0.5924
 647.000       0.6786
 648.000       0.7439
 649.000       0.7402
 650.000       0.7639
 651.000       0.9000
 652.000       0.9959
 653.000       1.0241
 654.000       0.8228
 655.000       0.8436
 656.000       1.0179
 657.000       0.9730
 658.000       0.8766
 659.000       1.0916
 660.000       1.5180
 661.000       2.2304
