#Res             RMSF
 377.000       2.6791
 378.000       1.8117
 379.000       0.9497
 380.000       0.9168
 381.000       0.8030
 382.000       0.6594
 383.000       0.5186
 384.000       0.5507
 385.000       0.5669
 386.000       0.5078
 387.000       0.4601
 388.000       0.4797
 389.000       0.5083
 390.000       0.4535
 391.000       0.3922
 392.000       0.5577
 393.000       0.5537
 394.000       0.5086
 395.000       0.5682
 396.000       0.7069
 397.000       0.7386
 398.000       0.8339
 399.000       0.6918
 400.000       0.6232
 401.000       0.5129
 402.000       0.5417
 403.000       0.5766
 404.000       0.5632
 405.000       0.5678
 406.000       0.5455
 407.000       0.4394
 408.000       0.4761
 409.000       0.4980
 410.000       0.4516
 411.000       0.4138
 412.000       0.5055
 413.000       0.5119
 414.000       0.4897
 415.000       0.5246
 416.000       0.6690
 417.000       0.8339
 418.000       0.7641
 419.000       0.7317
 420.000       0.8929
 421.000       1.1862
 422.000       0.7660
 423.000       0.6441
 424.000       0.6637
 425.000       0.6949
 426.000       0.7501
 427.000       0.6255
 428.000       0.5225
 429.000       0.4322
 430.000       0.5392
 431.000       0.6192
 432.000       0.4794
 433.000       0.3702
 434.000       0.5494
 435.000       0.5434
 436.000       0.4452
 437.000       0.4046
 438.000       0.4699
 439.000       0.4770
 440.000       0.4244
 441.000       0.3959
 442.000       0.4807
 443.000       0.4117
 444.000       0.3431
 445.000       0.4241
 446.000       0.4385
 447.000       0.3575
 448.000       0.3585
 449.000       0.4735
 450.000       0.4498
 451.000       0.4327
 452.000       0.4890
 453.000       0.5949
 454.000       0.6010
 455.000       0.6025
 456.000       0.4733
 457.000       0.4628
 458.000       0.3833
 459.000       0.3481
 460.000       0.4454
 461.000       0.4880
 462.000       0.4794
 463.000       0.3901
 464.000       0.4662
 465.000       0.5489
 466.000       0.4792
 467.000       0.5178
 468.000       0.5770
 469.000       0.6000
 470.000       0.6139
 471.000       0.9115
 472.000       1.0155
 473.000       0.9996
 474.000       1.0616
 475.000       1.5926
