#Res             RMSF
 476.000       2.6639
 477.000       1.7592
 478.000       1.0786
 479.000       0.9543
 480.000       0.5682
 481.000       0.5431
 482.000       0.7695
 483.000       0.8413
 484.000       0.6435
 485.000       0.5777
 486.000       0.4903
 487.000       0.5296
 488.000       0.5566
 489.000       0.4168
 490.000       0.3778
 491.000       0.4489
 492.000       0.4072
 493.000       0.3616
 494.000       0.4144
 495.000       0.4529
 496.000       0.4677
 497.000       0.5002
 498.000       0.3931
 499.000       0.4431
 500.000       0.3992
 501.000       0.3982
 502.000       0.4323
 503.000       0.5198
 504.000       0.5044
 505.000       0.3699
 506.000       0.4219
 507.000       0.4882
 508.000       0.4712
 509.000       0.3899
 510.000       0.4197
 511.000       0.4938
 512.000       0.4435
 513.000       0.4056
 514.000       0.4799
 515.000       0.5209
 516.000       0.5014
 517.000       0.4839
 518.000       0.4679
 519.000       0.4453
 520.000       0.3605
 521.000       0.3411
 522.000       0.3801
 523.000       0.3099
 524.000       0.2938
 525.000       0.3493
 526.000       0.3638
 527.000       0.3292
 528.000       0.3633
 529.000       0.4915
 530.000       0.5098
 531.000       0.5727
 532.000       0.6464
 533.000       0.5269
 534.000       0.5963
 535.000       0.4928
 536.000       0.4128
 537.000       0.4369
 538.000       0.4335
 539.000       0.4297
 540.000       0.3457
 541.000       0.3433
 542.000       0.3755
 543.000       0.3654
 544.000       0.3427
 545.000       0.4805
 546.000       0.5263
 547.000       0.6520
 548.000       0.7722
 549.000       1.0223
 550.000       0.9677
 551.000       0.7716
 552.000       0.4924
 553.000       0.4941
 554.000       0.5606
 555.000       0.7111
 556.000       1.4073
 557.000       2.9637
