#Res             RMSF
   1.000       3.1328
   2.000       1.7074
   3.000       1.0095
   4.000       0.6789
   5.000       0.6487
   6.000       0.5324
   7.000       0.5324
   8.000       0.5867
   9.000       0.6162
  10.000       0.5166
  11.000       0.5251
  12.000       0.5898
  13.000       0.5100
  14.000       0.4074
  15.000       0.5144
  16.000       0.5086
  17.000       0.4930
  18.000       0.5156
  19.000       0.6240
  20.000       0.6320
  21.000       0.7257
  22.000       0.7443
  23.000       0.5931
  24.000       0.4754
  25.000       0.4624
  26.000       0.5301
  27.000       0.4944
  28.000       0.4953
  29.000       0.4862
  30.000       0.4298
  31.000       0.4546
  32.000       0.4750
  33.000       0.4833
  34.000       0.4174
  35.000       0.4644
  36.000       0.5524
  37.000       0.5487
  38.000       0.5361
  39.000       0.7187
  40.000       0.9952
  41.000       0.8727
  42.000       0.8017
  43.000       0.8519
  44.000       1.0032
  45.000       0.6248
  46.000       0.5984
  47.000       0.5670
  48.000       0.5920
  49.000       0.6732
  50.000       0.5529
  51.000       0.4365
  52.000       0.4042
  53.000       0.4600
  54.000       0.4674
  55.000       0.4049
  56.000       0.3749
  57.000       0.4472
  58.000       0.4667
  59.000       0.4617
  60.000       0.4459
  61.000       0.4753
  62.000       0.4953
  63.000       0.4761
  64.000       0.4306
  65.000       0.4552
  66.000       0.4384
  67.000       0.3989
  68.000       0.4430
  69.000       0.4168
  70.000       0.3961
  71.000       0.4035
  72.000       0.4442
  73.000       0.4345
  74.000       0.4475
  75.000       0.4861
  76.000       0.5068
  77.000       0.5667
  78.000       0.6102
  79.000       0.4744
  80.000       0.4963
  81.000       0.4037
  82.000       0.3836
  83.000       0.4805
  84.000       0.5436
  85.000       0.5454
  86.000       0.4370
  87.000       0.4914
  88.000       0.5807
  89.000       0.5202
  90.000       0.7068
  91.000       0.7311
  92.000       0.8338
  93.000       0.9438
  94.000       1.1933
  95.000       1.4001
  96.000       1.4571
  97.000       2.2845
