#Res             RMSF
  98.000       5.6398
  99.000       4.0346
 100.000       1.9372
 101.000       2.1573
 102.000       0.8732
 103.000       0.7026
 104.000       0.5635
 105.000       0.4776
 106.000       0.4713
 107.000       0.4230
 108.000       0.3715
 109.000       0.3815
 110.000       0.3746
 111.000       0.3382
 112.000       0.3499
 113.000       0.3758
 114.000       0.4227
 115.000       0.4343
 116.000       0.4030
 117.000       0.4487
 118.000       0.4538
 119.000       0.4641
 120.000       0.5113
 121.000       0.5605
 122.000       0.5847
 123.000       0.4812
 124.000       0.4821
 125.000       0.6478
 126.000       0.6256
 127.000       0.5308
 128.000       0.7837
 129.000       0.8756
 130.000       0.7441
 131.000       0.7003
 132.000       0.9268
 133.000       0.9138
 134.000       0.5765
 135.000       0.5678
 136.000       0.6504
 137.000       0.6357
 138.000       0.4446
 139.000       0.4976
 140.000       0.5769
 141.000       0.4750
 142.000       0.4304
 143.000       0.4506
 144.000       0.4512
 145.000       0.4086
 146.000       0.4248
 147.000       0.5161
 148.000       0.5211
 149.000       0.5142
 150.000       0.5601
 151.000       0.5454
 152.000       0.6545
 153.000       0.5313
 154.000       0.4613
 155.000       0.4393
 156.000       0.4371
 157.000       0.4234
 158.000       0.3652
 159.000       0.3741
 160.000       0.3767
 161.000       0.3968
 162.000       0.4777
 163.000       0.4651
 164.000       0.7340
 165.000       0.8135
 166.000       0.7931
 167.000       0.7014
 168.000       0.5187
 169.000       0.5317
 170.000       0.4611
 171.000       0.4770
 172.000       0.6046
 173.000       0.8930
 174.000       1.7028
 175.000       2.8771
