#Res             RMSF
  98.000       5.2256
  99.000       3.7125
 100.000       1.5909
 101.000       1.9862
 102.000       0.8173
 103.000       0.6537
 104.000       0.5267
 105.000       0.4347
 106.000       0.4314
 107.000       0.4030
 108.000       0.3743
 109.000       0.3683
 110.000       0.3723
 111.000       0.3458
 112.000       0.3647
 113.000       0.3933
 114.000       0.4330
 115.000       0.4391
 116.000       0.4106
 117.000       0.4799
 118.000       0.4663
 119.000       0.4527
 120.000       0.4967
 121.000       0.5446
 122.000       0.5509
 123.000       0.4400
 124.000       0.4516
 125.000       0.5897
 126.000       0.5680
 127.000       0.4931
 128.000       0.6953
 129.000       0.7694
 130.000       0.6648
 131.000       0.6280
 132.000       0.8174
 133.000       0.8042
 134.000       0.5432
 135.000       0.5398
 136.000       0.6170
 137.000       0.6169
 138.000       0.4235
 139.000       0.4483
 140.000       0.5066
 141.000       0.4260
 142.000       0.3946
 143.000       0.4273
 144.000       0.4394
 145.000       0.3935
 146.000       0.4025
 147.000       0.4953
 148.000       0.5233
 149.000       0.5180
 150.000       0.5789
 151.000       0.5327
 152.000       0.6659
 153.000       0.5046
 154.000       0.4413
 155.000       0.4290
 156.000       0.4065
 157.000       0.3989
 158.000       0.3520
 159.000       0.3541
 160.000       0.3587
 161.000       0.3747
 162.000       0.4300
 163.000       0.4525
 164.000       0.6834
 165.000       0.7022
 166.000       0.7179
 167.000       0.7197
 168.000       0.5085
 169.000       0.5052
 170.000       0.4349
 171.000       0.4688
 172.000       0.5900
 173.000       0.7834
 174.000       1.6043
 175.000       2.6997
