#Res             RMSF
   1.000       3.1006
   2.000       1.6499
   3.000       0.9769
   4.000       0.6875
   5.000       0.6499
   6.000       0.5299
   7.000       0.5436
   8.000       0.5809
   9.000       0.5918
  10.000       0.5058
  11.000       0.5249
  12.000       0.5540
  13.000       0.4979
  14.000       0.4029
  15.000       0.4978
  16.000       0.4934
  17.000       0.4898
  18.000       0.5171
  19.000       0.6257
  20.000       0.6250
  21.000       0.7162
  22.000       0.7340
  23.000       0.5721
  24.000       0.4733
  25.000       0.4179
  26.000       0.4586
  27.000       0.4504
  28.000       0.4646
  29.000       0.4703
  30.000       0.4034
  31.000       0.4217
  32.000       0.4515
  33.000       0.4730
  34.000       0.4220
  35.000       0.4718
  36.000       0.5592
  37.000       0.5536
  38.000       0.5488
  39.000       0.7270
  40.000       0.9825
  41.000       0.8625
  42.000       0.7966
  43.000       0.8380
  44.000       0.9716
  45.000       0.6087
  46.000       0.5955
  47.000       0.5723
  48.000       0.5903
  49.000       0.6748
  50.000       0.5499
  51.000       0.4151
  52.000       0.3873
  53.000       0.4329
  54.000       0.4317
  55.000       0.3872
  56.000       0.3629
  57.000       0.4251
  58.000       0.4448
  59.000       0.4602
  60.000       0.4543
  61.000       0.4787
  62.000       0.5007
  63.000       0.4830
  64.000       0.4474
  65.000       0.4521
  66.000       0.4430
  67.000       0.4093
  68.000       0.4524
  69.000       0.4259
  70.000       0.4048
  71.000       0.4110
  72.000       0.4430
  73.000       0.4408
  74.000       0.4713
  75.000       0.5096
  76.000       0.5151
  77.000       0.5733
  78.000       0.6233
  79.000       0.4669
  80.000       0.4911
  81.000       0.4027
  82.000       0.3808
  83.000       0.4761
  84.000       0.5522
  85.000       0.5701
  86.000       0.4613
  87.000       0.4951
  88.000       0.5656
  89.000       0.5135
  90.000       0.7575
  91.000       0.7456
  92.000       0.8360
  93.000       0.9746
  94.000       1.2804
  95.000       1.4823
  96.000       1.5196
  97.000       2.2904
