#Res             RMSF
 281.000       3.4526
 282.000       3.2242
 283.000       2.3571
 284.000       1.2261
 285.000       0.9653
 286.000       0.8333
 287.000       0.6369
 288.000       0.5236
 289.000       0.6016
 290.000       0.6745
 291.000       0.5468
 292.000       0.4574
 293.000       0.5199
 294.000       0.5591
 295.000       0.4639
 296.000       0.4770
 297.000       0.6146
 298.000       0.6816
 299.000       0.6403
 300.000       0.6706
 301.000       0.9338
 302.000       0.8554
 303.000       0.6860
 304.000       0.6393
 305.000       0.5310
 306.000       0.5624
 307.000       0.6360
 308.000       0.6737
 309.000       0.5196
 310.000       0.5063
 311.000       0.5523
 312.000       0.4698
 313.000       0.4202
 314.000       0.4377
 315.000       0.4601
 316.000       0.4315
 317.000       0.4188
 318.000       0.4852
 319.000       0.4962
 320.000       0.4451
 321.000       0.3903
 322.000       0.4499
 323.000       0.4262
 324.000       0.3771
 325.000       0.4495
 326.000       0.5125
 327.000       0.4377
 328.000       0.4506
 329.000       0.4819
 330.000       0.5170
 331.000       0.4689
 332.000       0.5138
 333.000       0.6375
 334.000       0.6387
 335.000       0.6704
 336.000       0.7209
 337.000       0.6434
 338.000       0.6598
 339.000       0.5604
 340.000       0.4601
 341.000       0.4437
 342.000       0.4566
 343.000       0.4807
 344.000       0.3890
 345.000       0.3915
 346.000       0.4195
 347.000       0.3770
 348.000       0.3594
 349.000       0.4094
 350.000       0.4566
 351.000       0.4562
 352.000       0.4435
 353.000       0.4300
 354.000       0.5261
 355.000       0.7828
 356.000       0.8310
 357.000       0.5804
 358.000       0.4682
 359.000       0.5657
 360.000       0.5036
 361.000       0.4301
 362.000       0.4345
 363.000       0.4576
 364.000       0.4267
 365.000       0.4122
 366.000       0.4563
 367.000       0.4848
 368.000       0.4488
 369.000       0.4580
 370.000       0.5386
 371.000       0.5463
 372.000       0.5265
 373.000       0.6948
 374.000       0.9893
 375.000       2.4963
 376.000       3.7342
