#Res             RMSF
 377.000       2.6130
 378.000       1.9027
 379.000       1.3252
 380.000       1.0556
 381.000       0.8958
 382.000       0.7417
 383.000       0.5516
 384.000       0.5919
 385.000       0.6153
 386.000       0.5960
 387.000       0.5195
 388.000       0.5792
 389.000       0.6633
 390.000       0.5507
 391.000       0.4724
 392.000       0.6253
 393.000       0.6213
 394.000       0.5366
 395.000       0.5867
 396.000       0.7154
 397.000       0.7402
 398.000       0.7661
 399.000       0.6693
 400.000       0.5755
 401.000       0.4907
 402.000       0.5282
 403.000       0.6372
 404.000       0.5994
 405.000       0.5973
 406.000       0.5861
 407.000       0.4459
 408.000       0.4720
 409.000       0.5148
 410.000       0.4645
 411.000       0.4092
 412.000       0.5077
 413.000       0.5233
 414.000       0.5083
 415.000       0.5438
 416.000       0.6935
 417.000       0.8076
 418.000       0.7186
 419.000       0.7406
 420.000       0.9256
 421.000       1.2114
 422.000       0.7767
 423.000       0.6547
 424.000       0.6514
 425.000       0.6780
 426.000       0.7659
 427.000       0.6056
 428.000       0.5064
 429.000       0.4356
 430.000       0.5131
 431.000       0.5687
 432.000       0.4661
 433.000       0.3764
 434.000       0.4938
 435.000       0.4937
 436.000       0.4291
 437.000       0.4024
 438.000       0.4414
 439.000       0.4439
 440.000       0.4151
 441.000       0.3975
 442.000       0.4748
 443.000       0.4210
 444.000       0.3430
 445.000       0.4333
 446.000       0.4544
 447.000       0.3688
 448.000       0.3740
 449.000       0.4647
 450.000       0.4452
 451.000       0.4217
 452.000       0.4754
 453.000       0.5646
 454.000       0.5869
 455.000       0.5855
 456.000       0.4616
 457.000       0.4420
 458.000       0.3753
 459.000       0.3457
 460.000       0.4375
 461.000       0.4715
 462.000       0.4705
 463.000       0.3920
 464.000       0.4594
 465.000       0.5218
 466.000       0.4782
 467.000       0.5511
 468.000       0.5690
 469.000       0.6495
 470.000       0.7601
 471.000       0.9149
 472.000       0.9884
 473.000       0.9241
 474.000       0.9765
 475.000       1.4799
