#Res             RMSF
 476.000       2.9158
 477.000       2.0454
 478.000       1.1529
 479.000       0.9252
 480.000       0.5976
 481.000       0.5788
 482.000       0.8094
 483.000       0.8921
 484.000       0.6762
 485.000       0.5968
 486.000       0.5315
 487.000       0.5741
 488.000       0.5854
 489.000       0.4542
 490.000       0.4079
 491.000       0.4938
 492.000       0.4684
 493.000       0.3981
 494.000       0.4509
 495.000       0.5021
 496.000       0.5087
 497.000       0.5381
 498.000       0.4390
 499.000       0.4924
 500.000       0.4317
 501.000       0.4168
 502.000       0.4513
 503.000       0.5298
 504.000       0.4982
 505.000       0.3808
 506.000       0.4288
 507.000       0.4883
 508.000       0.4697
 509.000       0.3997
 510.000       0.4342
 511.000       0.5186
 512.000       0.4830
 513.000       0.4680
 514.000       0.5178
 515.000       0.5369
 516.000       0.5175
 517.000       0.5211
 518.000       0.5215
 519.000       0.4829
 520.000       0.4015
 521.000       0.3733
 522.000       0.4201
 523.000       0.3444
 524.000       0.3262
 525.000       0.3863
 526.000       0.3880
 527.000       0.3533
 528.000       0.3928
 529.000       0.5072
 530.000       0.5351
 531.000       0.5952
 532.000       0.6739
 533.000       0.5698
 534.000       0.6468
 535.000       0.4999
 536.000       0.4284
 537.000       0.4603
 538.000       0.4519
 539.000       0.4521
 540.000       0.3668
 541.000       0.3840
 542.000       0.4169
 543.000       0.4032
 544.000       0.3872
 545.000       0.5123
 546.000       0.6200
 547.000       0.8134
 548.000       0.8614
 549.000       1.2043
 550.000       1.1835
 551.000       1.2155
 552.000       1.1234
 553.000       0.9648
 554.000       1.1730
 555.000       1.1321
 556.000       2.0774
 557.000       3.4766
