#Res             RMSF
 281.000       5.2846
 282.000       4.1470
 283.000       3.0767
 284.000       2.1670
 285.000       1.7508
 286.000       1.2106
 287.000       0.7644
 288.000       0.7170
 289.000       0.7648
 290.000       0.8186
 291.000       0.6763
 292.000       0.5876
 293.000       0.6149
 294.000       0.6389
 295.000       0.4870
 296.000       0.5024
 297.000       0.6327
 298.000       0.6896
 299.000       0.6905
 300.000       0.6733
 301.000       0.9348
 302.000       0.9341
 303.000       0.7547
 304.000       0.7207
 305.000       0.6277
 306.000       0.7255
 307.000       0.8491
 308.000       0.9457
 309.000       0.6939
 310.000       0.6447
 311.000       0.7788
 312.000       0.6970
 313.000       0.5652
 314.000       0.6281
 315.000       0.7256
 316.000       0.6068
 317.000       0.5373
 318.000       0.6698
 319.000       0.6997
 320.000       0.5763
 321.000       0.5283
 322.000       0.6599
 323.000       0.6283
 324.000       0.4843
 325.000       0.5692
 326.000       0.6797
 327.000       0.5681
 328.000       0.4976
 329.000       0.6149
 330.000       0.6582
 331.000       0.5258
 332.000       0.5654
 333.000       0.7099
 334.000       0.6922
 335.000       0.6814
 336.000       0.7711
 337.000       0.7128
 338.000       0.7801
 339.000       0.6596
 340.000       0.5286
 341.000       0.5052
 342.000       0.4932
 343.000       0.4866
 344.000       0.4083
 345.000       0.4085
 346.000       0.4347
 347.000       0.4334
 348.000       0.4469
 349.000       0.4955
 350.000       0.5813
 351.000       0.5952
 352.000       0.5888
 353.000       0.5523
 354.000       0.6884
 355.000       0.9452
 356.000       0.9465
 357.000       0.6972
 358.000       0.5858
 359.000       0.6730
 360.000       0.6057
 361.000       0.4923
 362.000       0.4983
 363.000       0.5673
 364.000       0.5136
 365.000       0.4718
 366.000       0.5525
 367.000       0.6206
 368.000       0.5533
 369.000       0.5827
 370.000       0.7015
 371.000       0.7385
 372.000       0.7058
 373.000       0.8906
 374.000       1.1774
 375.000       2.3876
 376.000       3.5287
