#Res             RMSF
  98.000       2.9018
  99.000       1.4686
 100.000       0.9354
 101.000       0.7989
 102.000       0.5207
 103.000       0.5124
 104.000       0.4394
 105.000       0.3784
 106.000       0.3511
 107.000       0.3358
 108.000       0.3208
 109.000       0.3288
 110.000       0.3205
 111.000       0.3146
 112.000       0.3392
 113.000       0.3836
 114.000       0.4064
 115.000       0.4138
 116.000       0.3677
 117.000       0.4312
 118.000       0.3924
 119.000       0.3841
 120.000       0.4133
 121.000       0.4727
 122.000       0.4799
 123.000       0.3670
 124.000       0.3845
 125.000       0.4819
 126.000       0.4751
 127.000       0.3966
 128.000       0.4798
 129.000       0.5912
 130.000       0.5417
 131.000       0.4925
 132.000       0.5785
 133.000       0.5839
 134.000       0.4793
 135.000       0.4822
 136.000       0.5314
 137.000       0.5083
 138.000       0.3779
 139.000       0.3679
 140.000       0.3994
 141.000       0.3278
 142.000       0.3113
 143.000       0.3499
 144.000       0.3604
 145.000       0.3390
 146.000       0.3391
 147.000       0.4188
 148.000       0.4688
 149.000       0.4930
 150.000       0.5612
 151.000       0.4641
 152.000       0.6131
 153.000       0.4292
 154.000       0.3685
 155.000       0.3836
 156.000       0.3653
 157.000       0.3719
 158.000       0.3221
 159.000       0.3232
 160.000       0.3315
 161.000       0.3389
 162.000       0.3557
 163.000       0.4283
 164.000       0.6008
 165.000       0.5435
 166.000       0.6224
 167.000       0.6978
 168.000       0.4903
 169.000       0.4587
 170.000       0.3826
 171.000       0.4558
 172.000       0.5748
 173.000       0.5585
 174.000       0.9957
 175.000       2.1342
