#Res             RMSF
 662.000       2.8386
 663.000       1.6859
 664.000       1.1284
 665.000       0.5995
 666.000       0.4926
 667.000       0.4931
 668.000       0.4925
 669.000       0.4502
 670.000       0.4125
 671.000       0.4135
 672.000       0.4705
 673.000       0.4171
 674.000       0.3991
 675.000       0.5341
 676.000       0.6194
 677.000       0.5643
 678.000       0.5875
 679.000       0.8054
 680.000       0.7377
 681.000       0.5463
 682.000       0.5317
 683.000       0.4402
 684.000       0.5042
 685.000       0.5978
 686.000       0.6154
 687.000       0.4475
 688.000       0.4358
 689.000       0.4977
 690.000       0.4154
 691.000       0.3586
 692.000       0.3770
 693.000       0.3746
 694.000       0.3708
 695.000       0.3771
 696.000       0.4192
 697.000       0.4081
 698.000       0.3829
 699.000       0.3566
 700.000       0.4312
 701.000       0.3961
 702.000       0.3472
 703.000       0.3862
 704.000       0.4521
 705.000       0.3961
 706.000       0.3582
 707.000       0.3958
 708.000       0.4060
 709.000       0.3726
 710.000       0.4139
 711.000       0.4699
 712.000       0.5514
 713.000       0.6509
 714.000       0.6781
 715.000       0.5685
 716.000       0.5997
 717.000       0.4983
 718.000       0.3821
 719.000       0.4069
 720.000       0.4319
 721.000       0.4227
 722.000       0.3452
 723.000       0.3500
 724.000       0.3660
 725.000       0.3275
 726.000       0.3218
 727.000       0.3637
 728.000       0.4380
 729.000       0.4295
 730.000       0.4057
 731.000       0.4410
 732.000       0.5167
 733.000       0.7252
 734.000       0.8206
 735.000       0.5757
 736.000       0.4649
 737.000       0.5489
 738.000       0.4826
 739.000       0.4156
 740.000       0.4359
 741.000       0.4625
 742.000       0.4398
 743.000       0.4342
 744.000       0.4685
 745.000       0.4858
 746.000       0.4269
 747.000       0.4417
 748.000       0.5474
 749.000       0.5629
 750.000       0.5460
 751.000       0.7706
 752.000       1.5751
 753.000       2.6484
