#Res             RMSF
   1.000       3.1066
   2.000       1.5630
   3.000       0.9280
   4.000       0.7036
   5.000       0.6996
   6.000       0.5740
   7.000       0.5430
   8.000       0.5984
   9.000       0.5785
  10.000       0.4724
  11.000       0.5225
  12.000       0.5502
  13.000       0.4756
  14.000       0.4016
  15.000       0.5229
  16.000       0.4908
  17.000       0.4571
  18.000       0.4949
  19.000       0.5987
  20.000       0.6122
  21.000       0.7093
  22.000       0.6723
  23.000       0.5237
  24.000       0.4330
  25.000       0.3865
  26.000       0.4093
  27.000       0.4155
  28.000       0.4427
  29.000       0.4399
  30.000       0.3683
  31.000       0.3945
  32.000       0.4286
  33.000       0.4498
  34.000       0.3866
  35.000       0.4470
  36.000       0.5307
  37.000       0.5156
  38.000       0.5443
  39.000       0.7396
  40.000       1.0515
  41.000       0.9211
  42.000       0.7740
  43.000       0.7823
  44.000       0.9013
  45.000       0.5697
  46.000       0.6031
  47.000       0.5862
  48.000       0.5985
  49.000       0.6772
  50.000       0.5564
  51.000       0.4257
  52.000       0.3766
  53.000       0.4216
  54.000       0.4397
  55.000       0.3948
  56.000       0.3553
  57.000       0.4302
  58.000       0.4468
  59.000       0.4403
  60.000       0.4403
  61.000       0.4852
  62.000       0.5161
  63.000       0.4736
  64.000       0.4445
  65.000       0.4639
  66.000       0.4549
  67.000       0.4043
  68.000       0.4637
  69.000       0.4527
  70.000       0.3995
  71.000       0.4147
  72.000       0.4606
  73.000       0.4410
  74.000       0.4826
  75.000       0.5275
  76.000       0.5000
  77.000       0.5655
  78.000       0.6226
  79.000       0.4883
  80.000       0.4811
  81.000       0.4199
  82.000       0.3781
  83.000       0.4553
  84.000       0.5166
  85.000       0.5383
  86.000       0.4365
  87.000       0.4752
  88.000       0.5338
  89.000       0.5112
  90.000       0.8868
  91.000       0.8512
  92.000       0.9371
  93.000       1.1058
  94.000       1.4657
  95.000       1.6553
  96.000       1.5718
  97.000       2.2720
