#Res             RMSF
 176.000       2.6341
 177.000       1.4711
 178.000       0.7807
 179.000       0.5598
 180.000       0.4736
 181.000       0.6563
 182.000       0.6644
 183.000       0.5497
 184.000       0.6038
 185.000       0.4411
 186.000       0.4867
 187.000       0.4180
 188.000       0.4739
 189.000       0.4340
 190.000       0.5151
 191.000       0.4613
 192.000       0.3957
 193.000       0.4157
 194.000       0.4634
 195.000       0.4571
 196.000       0.4779
 197.000       0.5712
 198.000       0.6444
 199.000       0.6322
 200.000       0.6344
 201.000       0.5783
 202.000       0.6214
 203.000       0.6884
 204.000       0.5722
 205.000       0.5048
 206.000       0.5462
 207.000       0.5926
 208.000       0.5037
 209.000       0.3897
 210.000       0.3536
 211.000       0.3763
 212.000       0.3885
 213.000       0.3716
 214.000       0.3660
 215.000       0.3851
 216.000       0.4049
 217.000       0.4061
 218.000       0.4185
 219.000       0.4498
 220.000       0.4811
 221.000       0.5071
 222.000       0.5019
 223.000       0.5381
 224.000       0.4832
 225.000       0.4702
 226.000       0.5309
 227.000       0.5706
 228.000       0.5019
 229.000       0.5523
 230.000       0.7145
 231.000       0.7541
 232.000       0.6697
 233.000       0.8609
 234.000       1.0088
 235.000       0.9736
 236.000       0.9996
 237.000       0.7564
 238.000       0.7456
 239.000       0.5263
 240.000       0.4670
 241.000       0.5479
 242.000       0.6001
 243.000       0.6822
 244.000       0.5565
 245.000       0.5252
 246.000       0.6520
 247.000       0.7450
 248.000       0.6718
 249.000       0.7180
 250.000       0.9953
 251.000       1.1152
 252.000       0.9224
 253.000       0.8849
 254.000       0.7841
 255.000       0.7410
 256.000       0.8451
 257.000       0.8747
 258.000       0.8365
 259.000       0.9029
 260.000       1.2859
 261.000       0.9653
 262.000       0.8034
 263.000       0.6625
 264.000       0.7373
 265.000       0.7922
 266.000       1.0815
 267.000       2.2701
 268.000       2.0497
 269.000       1.5736
 270.000       1.5478
 271.000       1.1573
 272.000       1.2127
 273.000       0.9874
 274.000       0.9939
 275.000       1.1858
 276.000       1.2130
 277.000       1.1026
 278.000       1.2633
 279.000       1.5946
 280.000       2.1701
