#Res             RMSF
 558.000       1.3394
 559.000       0.8166
 560.000       0.5971
 561.000       0.5039
 562.000       0.6399
 563.000       0.6673
 564.000       0.5354
 565.000       0.5784
 566.000       0.4361
 567.000       0.4719
 568.000       0.3893
 569.000       0.4430
 570.000       0.4035
 571.000       0.5224
 572.000       0.4705
 573.000       0.4023
 574.000       0.3978
 575.000       0.4610
 576.000       0.4760
 577.000       0.4814
 578.000       0.5949
 579.000       0.6602
 580.000       0.6502
 581.000       0.6363
 582.000       0.5538
 583.000       0.6061
 584.000       0.6909
 585.000       0.5482
 586.000       0.4757
 587.000       0.5096
 588.000       0.6343
 589.000       0.4851
 590.000       0.3807
 591.000       0.3799
 592.000       0.3841
 593.000       0.3933
 594.000       0.3727
 595.000       0.3553
 596.000       0.3678
 597.000       0.3915
 598.000       0.3932
 599.000       0.3704
 600.000       0.3899
 601.000       0.4197
 602.000       0.4249
 603.000       0.4715
 604.000       0.4761
 605.000       0.4535
 606.000       0.4398
 607.000       0.4765
 608.000       0.4844
 609.000       0.4292
 610.000       0.5117
 611.000       0.6188
 612.000       0.6057
 613.000       0.5283
 614.000       0.7780
 615.000       0.9435
 616.000       0.8469
 617.000       0.8935
 618.000       0.6528
 619.000       0.7194
 620.000       0.5274
 621.000       0.4081
 622.000       0.4458
 623.000       0.4633
 624.000       0.4972
 625.000       0.4320
 626.000       0.4512
 627.000       0.5408
 628.000       0.5825
 629.000       0.5687
 630.000       0.7539
 631.000       0.9293
 632.000       0.8478
 633.000       0.7453
 634.000       0.8332
 635.000       0.7620
 636.000       0.6490
 637.000       0.6356
 638.000       0.7005
 639.000       0.6816
 640.000       0.6314
 641.000       1.2924
 642.000       1.4561
 643.000       0.5942
 644.000       0.4914
 645.000       0.5255
 646.000       0.5737
 647.000       0.6721
 648.000       0.8190
 649.000       1.3046
 650.000       0.9371
 651.000       0.9305
 652.000       0.9886
 653.000       1.0385
 654.000       0.8431
 655.000       0.8654
 656.000       1.0026
 657.000       0.9586
 658.000       0.8484
 659.000       1.0363
 660.000       1.4154
 661.000       2.0982
