0 1
1 2
2 3
3 2
4 1
5 1
6 2
7 2
8 1
9 1
10 1
11 2
12 0
13 1
14 1
15 2
16 1
17 1
18 1
19 1
20 1
21 1
22 1
23 1
24 1
25 1
26 1
27 1
28 1
29 1
30 1
31 1
32 1
33 1
34 1
35 1
36 1
37 1
38 0
39 0
40 1
41 2
42 1
43 1
44 1
45 1
46 1
47 1
48 1
49 1
50 1
51 1
52 1
53 1
54 1
55 1
56 2
57 1
58 1
59 1
60 2
61 1
62 1
63 2
64 1
65 1
66 2
67 2
68 1
69 1
70 2
71 1
72 1
73 1
74 2
75 1
76 0
77 1
78 1
79 1
80 1
81 1
82 1
83 2
84 1
85 1
86 1
87 1
88 1
89 1
90 1
91 1
92 1
93 2
94 1
95 1
96 2
97 1
98 1
99 1
100 1
101 1
102 1
103 1
104 2
105 1
106 1
107 0
108 1
109 1
110 1
111 1
112 1
113 2
114 1
115 2
116 1
117 1
118 1
119 1
120 1
121 1
122 2
123 1
124 1
125 1
126 2
127 1
128 1
129 2
130 1
131 1
132 0
133 1
134 1
135 1
136 1
137 1
138 1
139 1
140 1
141 2
142 1
143 1
144 1
145 3
146 2
147 3
148 2
149 2
150 0
151 2
152 2
153 2
154 2
155 2
156 3
157 2
158 2
159 2
160 1
161 3
162 1
163 2
164 3
165 2
166 3
167 3
168 1
169 2
170 0
171 1
172 2
173 0
174 1
175 1
176 1
177 1
178 1
179 2
180 1
181 1
182 2
183 1
184 2
185 1
186 1
187 1
188 1
189 1
190 1
191 1
192 1
193 3
194 1
195 1
196 1
197 1
198 1
199 1
200 2
201 0
202 2
203 1
204 1
205 0
206 1
207 0
208 0
209 1
210 1
211 1
212 1
213 1
214 2
215 1
216 2
217 3
218 2
219 1
220 3
221 3
222 3
223 2
224 2
225 0
226 3
227 2
228 3
229 1
230 2
231 1
232 2
233 1
234 2
235 3
236 2
237 1
238 2
239 4
240 2
241 3
242 2
243 2
244 2
245 2
246 2
247 1
248 3
249 2
250 2
251 4
252 2
253 2
254 3
255 3
256 2
257 2
258 2
259 2
260 1
261 2
262 1
263 0
264 1
265 1
266 1
267 1
268 1
269 1
270 2
271 1
272 1
273 1
274 1
275 2
276 1
277 3
278 1
279 1
280 1
281 1
282 1
283 1
284 1
285 2
286 1
287 0
288 1
289 2
290 1
291 1
292 1
293 1
294 1
295 2
296 1
297 2
298 1
299 1
300 0
301 1
302 1
303 2
304 2
305 2
306 2
307 2
308 2
309 2
310 2
311 3
312 2
313 2
314 2
315 1
316 2
317 1
318 2
319 2
320 2
321 2
322 1
323 4
324 3
325 1
326 2
327 1
328 1
329 1
330 2
331 2
332 4
333 5
334 4
335 3
336 3
337 1
338 1
339 2
340 2
341 2
342 2
343 3
344 2
345 1
346 1
347 1
348 1
349 1
350 1
351 1
352 2
353 2
354 2
355 2
356 2
357 2
358 2
359 1
360 1
361 1
362 1
363 1
364 1
365 0
366 1
367 0
368 1
369 1
370 1
371 1
372 0
373 2
374 1
375 1
376 1
377 2
378 1
379 2
380 0
381 1
382 1
383 2
384 1
385 1
386 1
387 0
388 1
389 1
390 1
391 1
392 1
393 0
394 1
395 0
396 1
397 1
398 1
399 1
400 1
