#Res             RMSF
 476.000       2.3618
 477.000       1.4995
 478.000       1.0427
 479.000       0.8282
 480.000       0.5443
 481.000       0.5714
 482.000       0.7745
 483.000       0.7856
 484.000       0.5942
 485.000       0.5520
 486.000       0.4731
 487.000       0.4544
 488.000       0.5062
 489.000       0.3831
 490.000       0.3603
 491.000       0.3997
 492.000       0.3921
 493.000       0.3520
 494.000       0.3745
 495.000       0.4173
 496.000       0.4532
 497.000       0.4652
 498.000       0.4070
 499.000       0.4735
 500.000       0.4169
 501.000       0.3987
 502.000       0.4274
 503.000       0.4783
 504.000       0.4622
 505.000       0.3843
 506.000       0.3954
 507.000       0.4714
 508.000       0.4532
 509.000       0.3581
 510.000       0.4039
 511.000       0.4841
 512.000       0.4573
 513.000       0.4253
 514.000       0.4879
 515.000       0.4898
 516.000       0.4255
 517.000       0.4265
 518.000       0.4892
 519.000       0.4894
 520.000       0.4086
 521.000       0.3784
 522.000       0.4420
 523.000       0.3619
 524.000       0.3188
 525.000       0.3364
 526.000       0.3891
 527.000       0.3601
 528.000       0.3591
 529.000       0.4784
 530.000       0.5925
 531.000       0.5354
 532.000       0.5984
 533.000       0.4786
 534.000       0.6440
 535.000       0.4319
 536.000       0.3736
 537.000       0.4026
 538.000       0.3990
 539.000       0.3888
 540.000       0.3193
 541.000       0.3332
 542.000       0.3560
 543.000       0.3744
 544.000       0.3463
 545.000       0.4094
 546.000       0.4925
 547.000       0.6582
 548.000       0.7883
 549.000       0.8850
 550.000       0.6929
 551.000       0.7124
 552.000       0.4838
 553.000       0.4592
 554.000       0.6241
 555.000       0.8691
 556.000       1.5395
 557.000       2.9163
