#Res             RMSF
 176.000       1.7088
 177.000       1.2876
 178.000       0.7612
 179.000       0.5452
 180.000       0.5149
 181.000       0.6882
 182.000       0.7229
 183.000       0.5877
 184.000       0.6574
 185.000       0.4801
 186.000       0.4967
 187.000       0.4219
 188.000       0.4545
 189.000       0.4161
 190.000       0.5133
 191.000       0.4882
 192.000       0.4337
 193.000       0.4174
 194.000       0.5017
 195.000       0.4999
 196.000       0.5679
 197.000       0.6826
 198.000       0.9300
 199.000       0.8921
 200.000       1.2204
 201.000       0.7073
 202.000       0.7189
 203.000       0.7841
 204.000       0.6540
 205.000       0.5521
 206.000       0.5728
 207.000       0.6725
 208.000       0.5275
 209.000       0.4414
 210.000       0.4090
 211.000       0.4142
 212.000       0.4314
 213.000       0.4133
 214.000       0.3825
 215.000       0.4087
 216.000       0.4322
 217.000       0.4298
 218.000       0.4161
 219.000       0.4512
 220.000       0.4580
 221.000       0.4618
 222.000       0.5074
 223.000       0.5834
 224.000       0.5110
 225.000       0.4814
 226.000       0.5448
 227.000       0.5590
 228.000       0.4931
 229.000       0.5725
 230.000       0.7002
 231.000       0.7109
 232.000       0.6443
 233.000       0.8566
 234.000       1.0491
 235.000       0.9906
 236.000       1.0062
 237.000       0.7960
 238.000       0.8604
 239.000       0.5432
 240.000       0.4261
 241.000       0.4709
 242.000       0.4876
 243.000       0.4874
 244.000       0.4439
 245.000       0.4835
 246.000       0.5641
 247.000       0.6774
 248.000       0.7109
 249.000       0.7303
 250.000       0.9513
 251.000       1.2406
 252.000       1.1766
 253.000       1.4598
 254.000       1.2767
 255.000       1.4302
 256.000       1.7347
 257.000       1.8831
 258.000       1.4864
 259.000       1.2950
 260.000       1.8616
 261.000       1.5620
 262.000       1.0114
 263.000       0.7119
 264.000       0.5516
 265.000       0.5535
 266.000       0.5199
 267.000       0.5459
 268.000       0.6475
 269.000       0.6108
 270.000       0.8184
 271.000       0.8089
 272.000       0.8781
 273.000       0.8793
 274.000       0.8910
 275.000       0.9821
 276.000       0.9919
 277.000       0.9408
 278.000       1.0669
 279.000       1.4564
 280.000       2.1838
