#Res             RMSF
 377.000       2.9822
 378.000       2.2588
 379.000       1.6264
 380.000       1.1034
 381.000       0.6531
 382.000       0.5755
 383.000       0.5320
 384.000       0.5443
 385.000       0.5153
 386.000       0.5086
 387.000       0.4786
 388.000       0.5004
 389.000       0.5564
 390.000       0.4984
 391.000       0.4717
 392.000       0.5402
 393.000       0.5431
 394.000       0.5101
 395.000       0.5275
 396.000       0.5753
 397.000       0.6096
 398.000       0.5868
 399.000       0.5792
 400.000       0.5004
 401.000       0.4673
 402.000       0.4716
 403.000       0.5367
 404.000       0.5018
 405.000       0.5104
 406.000       0.5103
 407.000       0.4245
 408.000       0.4619
 409.000       0.4894
 410.000       0.4417
 411.000       0.3957
 412.000       0.4557
 413.000       0.4758
 414.000       0.4859
 415.000       0.5019
 416.000       0.6264
 417.000       0.9817
 418.000       0.9179
 419.000       0.7966
 420.000       0.7870
 421.000       1.0338
 422.000       0.6183
 423.000       0.5751
 424.000       0.5186
 425.000       0.5702
 426.000       0.6616
 427.000       0.5004
 428.000       0.4141
 429.000       0.3902
 430.000       0.4280
 431.000       0.4048
 432.000       0.3503
 433.000       0.3460
 434.000       0.3776
 435.000       0.4010
 436.000       0.3829
 437.000       0.3805
 438.000       0.4223
 439.000       0.4166
 440.000       0.3913
 441.000       0.3593
 442.000       0.4415
 443.000       0.3841
 444.000       0.3533
 445.000       0.4283
 446.000       0.4235
 447.000       0.3870
 448.000       0.4032
 449.000       0.4549
 450.000       0.4107
 451.000       0.4126
 452.000       0.4655
 453.000       0.4926
 454.000       0.5683
 455.000       0.6167
 456.000       0.4963
 457.000       0.5501
 458.000       0.4204
 459.000       0.3732
 460.000       0.4373
 461.000       0.4676
 462.000       0.4699
 463.000       0.3813
 464.000       0.4738
 465.000       0.5489
 466.000       0.4903
 467.000       0.4736
 468.000       0.5181
 469.000       0.5885
 470.000       0.6228
 471.000       0.6896
 472.000       0.8647
 473.000       0.9515
 474.000       1.2643
 475.000       3.0936
