#Res             RMSF
 476.000       2.2120
 477.000       1.2121
 478.000       0.8501
 479.000       0.8610
 480.000       0.5484
 481.000       0.5622
 482.000       0.7837
 483.000       0.7895
 484.000       0.6084
 485.000       0.5163
 486.000       0.4791
 487.000       0.4695
 488.000       0.4706
 489.000       0.3952
 490.000       0.3695
 491.000       0.4721
 492.000       0.4858
 493.000       0.3897
 494.000       0.3679
 495.000       0.4092
 496.000       0.4640
 497.000       0.4486
 498.000       0.3770
 499.000       0.4322
 500.000       0.4038
 501.000       0.3930
 502.000       0.4251
 503.000       0.4996
 504.000       0.4653
 505.000       0.3736
 506.000       0.3897
 507.000       0.4831
 508.000       0.4743
 509.000       0.3878
 510.000       0.4148
 511.000       0.4489
 512.000       0.4408
 513.000       0.3999
 514.000       0.4638
 515.000       0.5130
 516.000       0.4403
 517.000       0.4291
 518.000       0.4611
 519.000       0.4531
 520.000       0.3927
 521.000       0.3580
 522.000       0.3992
 523.000       0.3454
 524.000       0.3291
 525.000       0.3555
 526.000       0.3965
 527.000       0.3729
 528.000       0.3608
 529.000       0.4846
 530.000       0.5782
 531.000       0.5628
 532.000       0.6186
 533.000       0.4540
 534.000       0.6166
 535.000       0.4364
 536.000       0.3657
 537.000       0.3886
 538.000       0.4134
 539.000       0.4145
 540.000       0.3292
 541.000       0.3169
 542.000       0.3527
 543.000       0.3353
 544.000       0.3352
 545.000       0.3471
 546.000       0.4136
 547.000       0.5606
 548.000       0.7807
 549.000       0.8466
 550.000       0.6102
 551.000       0.8761
 552.000       0.5455
 553.000       0.5762
 554.000       0.7112
 555.000       0.6936
 556.000       1.4949
 557.000       2.5725
