#Res             RMSF
 662.000       1.1741
 663.000       0.9805
 664.000       0.8867
 665.000       0.6186
 666.000       0.4653
 667.000       0.4267
 668.000       0.4593
 669.000       0.4677
 670.000       0.4216
 671.000       0.4302
 672.000       0.4602
 673.000       0.4210
 674.000       0.4335
 675.000       0.5503
 676.000       0.6386
 677.000       0.6114
 678.000       0.6060
 679.000       0.8440
 680.000       0.8077
 681.000       0.6519
 682.000       0.5997
 683.000       0.4926
 684.000       0.5271
 685.000       0.6051
 686.000       0.6295
 687.000       0.4742
 688.000       0.4355
 689.000       0.5187
 690.000       0.4492
 691.000       0.3802
 692.000       0.4310
 693.000       0.4495
 694.000       0.3877
 695.000       0.4192
 696.000       0.4731
 697.000       0.4319
 698.000       0.4163
 699.000       0.3831
 700.000       0.4328
 701.000       0.4125
 702.000       0.3677
 703.000       0.4309
 704.000       0.5062
 705.000       0.4472
 706.000       0.3654
 707.000       0.4896
 708.000       0.4693
 709.000       0.3731
 710.000       0.4495
 711.000       0.5579
 712.000       0.5747
 713.000       0.6650
 714.000       0.7272
 715.000       0.6050
 716.000       0.6464
 717.000       0.5368
 718.000       0.4491
 719.000       0.4440
 720.000       0.4604
 721.000       0.4594
 722.000       0.3648
 723.000       0.3679
 724.000       0.3988
 725.000       0.3645
 726.000       0.3556
 727.000       0.4034
 728.000       0.4919
 729.000       0.4952
 730.000       0.4792
 731.000       0.4576
 732.000       0.5725
 733.000       0.7674
 734.000       0.8149
 735.000       0.5699
 736.000       0.4806
 737.000       0.6056
 738.000       0.5079
 739.000       0.4262
 740.000       0.4269
 741.000       0.4712
 742.000       0.4264
 743.000       0.4135
 744.000       0.4710
 745.000       0.4901
 746.000       0.4322
 747.000       0.4687
 748.000       0.5631
 749.000       0.5651
 750.000       0.5346
 751.000       0.7553
 752.000       1.5674
 753.000       3.0033
