#Res             RMSF
 377.000       2.5895
 378.000       2.0913
 379.000       1.4523
 380.000       1.0318
 381.000       0.6332
 382.000       0.5773
 383.000       0.5310
 384.000       0.5416
 385.000       0.5008
 386.000       0.5059
 387.000       0.4740
 388.000       0.5087
 389.000       0.5560
 390.000       0.4883
 391.000       0.4430
 392.000       0.5228
 393.000       0.5425
 394.000       0.4948
 395.000       0.5024
 396.000       0.5597
 397.000       0.5904
 398.000       0.5624
 399.000       0.5403
 400.000       0.4998
 401.000       0.4799
 402.000       0.4570
 403.000       0.5368
 404.000       0.4739
 405.000       0.4763
 406.000       0.5176
 407.000       0.4426
 408.000       0.4503
 409.000       0.4808
 410.000       0.4526
 411.000       0.4050
 412.000       0.4654
 413.000       0.4705
 414.000       0.4728
 415.000       0.5064
 416.000       0.6320
 417.000       0.8451
 418.000       0.7283
 419.000       0.6616
 420.000       0.7300
 421.000       0.9496
 422.000       0.5612
 423.000       0.5215
 424.000       0.4920
 425.000       0.5133
 426.000       0.6060
 427.000       0.5021
 428.000       0.4255
 429.000       0.3919
 430.000       0.4416
 431.000       0.4293
 432.000       0.3654
 433.000       0.3407
 434.000       0.3829
 435.000       0.4181
 436.000       0.3924
 437.000       0.3858
 438.000       0.4243
 439.000       0.4205
 440.000       0.3944
 441.000       0.3559
 442.000       0.4287
 443.000       0.3764
 444.000       0.3620
 445.000       0.4324
 446.000       0.3808
 447.000       0.3584
 448.000       0.3674
 449.000       0.4022
 450.000       0.3762
 451.000       0.4113
 452.000       0.4740
 453.000       0.4938
 454.000       0.5701
 455.000       0.6094
 456.000       0.4795
 457.000       0.4796
 458.000       0.4074
 459.000       0.3606
 460.000       0.4394
 461.000       0.4578
 462.000       0.4496
 463.000       0.3603
 464.000       0.4341
 465.000       0.4950
 466.000       0.4361
 467.000       0.4065
 468.000       0.4924
 469.000       0.5668
 470.000       0.5504
 471.000       0.5875
 472.000       0.7956
 473.000       0.9242
 474.000       1.0918
 475.000       2.0774
