#Res             RMSF
 176.000       1.5586
 177.000       1.2917
 178.000       0.7667
 179.000       0.5307
 180.000       0.4778
 181.000       0.6417
 182.000       0.6384
 183.000       0.5522
 184.000       0.5986
 185.000       0.4589
 186.000       0.4739
 187.000       0.4080
 188.000       0.4484
 189.000       0.4034
 190.000       0.5122
 191.000       0.4974
 192.000       0.4135
 193.000       0.3960
 194.000       0.4685
 195.000       0.4673
 196.000       0.4571
 197.000       0.5639
 198.000       0.6760
 199.000       0.6294
 200.000       0.7009
 201.000       0.5628
 202.000       0.6330
 203.000       0.7134
 204.000       0.6279
 205.000       0.5388
 206.000       0.5715
 207.000       0.6605
 208.000       0.5075
 209.000       0.4017
 210.000       0.3740
 211.000       0.3604
 212.000       0.3678
 213.000       0.3524
 214.000       0.3424
 215.000       0.3601
 216.000       0.3799
 217.000       0.3903
 218.000       0.3839
 219.000       0.3915
 220.000       0.4094
 221.000       0.4339
 222.000       0.4710
 223.000       0.5184
 224.000       0.4541
 225.000       0.4542
 226.000       0.5189
 227.000       0.5188
 228.000       0.4301
 229.000       0.5220
 230.000       0.6354
 231.000       0.6388
 232.000       0.5826
 233.000       0.7671
 234.000       0.9436
 235.000       0.9016
 236.000       0.9181
 237.000       0.7086
 238.000       0.7999
 239.000       0.5246
 240.000       0.4016
 241.000       0.4692
 242.000       0.4518
 243.000       0.4555
 244.000       0.4128
 245.000       0.4314
 246.000       0.5268
 247.000       0.6214
 248.000       0.6324
 249.000       0.6880
 250.000       0.9344
 251.000       1.1350
 252.000       0.9117
 253.000       0.9781
 254.000       0.8218
 255.000       0.7235
 256.000       0.9512
 257.000       0.9494
 258.000       0.8083
 259.000       0.9285
 260.000       1.5170
 261.000       1.8897
 262.000       1.0913
 263.000       0.6435
 264.000       0.5030
 265.000       0.5185
 266.000       0.5151
 267.000       0.5274
 268.000       0.6318
 269.000       0.5972
 270.000       0.7677
 271.000       0.7931
 272.000       0.8688
 273.000       0.8734
 274.000       0.8868
 275.000       0.9471
 276.000       0.8889
 277.000       0.8921
 278.000       1.0328
 279.000       1.3484
 280.000       2.0754
