#Res             RMSF
  98.000       0.9134
  99.000       0.7929
 100.000       0.8533
 101.000       0.7555
 102.000       0.5252
 103.000       0.4570
 104.000       0.4360
 105.000       0.3643
 106.000       0.3724
 107.000       0.3488
 108.000       0.3282
 109.000       0.3324
 110.000       0.3301
 111.000       0.3189
 112.000       0.3465
 113.000       0.3807
 114.000       0.4274
 115.000       0.4490
 116.000       0.3990
 117.000       0.4435
 118.000       0.4180
 119.000       0.4011
 120.000       0.4271
 121.000       0.4897
 122.000       0.5099
 123.000       0.3922
 124.000       0.4377
 125.000       0.5623
 126.000       0.5036
 127.000       0.3699
 128.000       0.4731
 129.000       0.5568
 130.000       0.4922
 131.000       0.4263
 132.000       0.5056
 133.000       0.5386
 134.000       0.4593
 135.000       0.4850
 136.000       0.5182
 137.000       0.5144
 138.000       0.4025
 139.000       0.3826
 140.000       0.4073
 141.000       0.3256
 142.000       0.2961
 143.000       0.3146
 144.000       0.3504
 145.000       0.3321
 146.000       0.3298
 147.000       0.4473
 148.000       0.4930
 149.000       0.4954
 150.000       0.5767
 151.000       0.4430
 152.000       0.5832
 153.000       0.4226
 154.000       0.3586
 155.000       0.3917
 156.000       0.4003
 157.000       0.4114
 158.000       0.3344
 159.000       0.3398
 160.000       0.3824
 161.000       0.3714
 162.000       0.3686
 163.000       0.3840
 164.000       0.4480
 165.000       0.6681
 166.000       0.8286
 167.000       0.8938
 168.000       0.6356
 169.000       0.6401
 170.000       0.5462
 171.000       0.5108
 172.000       0.6822
 173.000       0.9659
 174.000       1.8140
 175.000       2.9439
