#Res             RMSF
 662.000       0.9433
 663.000       0.9323
 664.000       0.8024
 665.000       0.6220
 666.000       0.4807
 667.000       0.4296
 668.000       0.4514
 669.000       0.4647
 670.000       0.4222
 671.000       0.4322
 672.000       0.4633
 673.000       0.4222
 674.000       0.4455
 675.000       0.5493
 676.000       0.6384
 677.000       0.6149
 678.000       0.6284
 679.000       0.8412
 680.000       0.8027
 681.000       0.6467
 682.000       0.6225
 683.000       0.4746
 684.000       0.5210
 685.000       0.6201
 686.000       0.6287
 687.000       0.4771
 688.000       0.4801
 689.000       0.5427
 690.000       0.4574
 691.000       0.3976
 692.000       0.4430
 693.000       0.4734
 694.000       0.3975
 695.000       0.4202
 696.000       0.4646
 697.000       0.4308
 698.000       0.4224
 699.000       0.3733
 700.000       0.4237
 701.000       0.3968
 702.000       0.3601
 703.000       0.4274
 704.000       0.4776
 705.000       0.4136
 706.000       0.3620
 707.000       0.4722
 708.000       0.4620
 709.000       0.3816
 710.000       0.4347
 711.000       0.5466
 712.000       0.5701
 713.000       0.6491
 714.000       0.6926
 715.000       0.5718
 716.000       0.6777
 717.000       0.5340
 718.000       0.4330
 719.000       0.4261
 720.000       0.4577
 721.000       0.4545
 722.000       0.3590
 723.000       0.3697
 724.000       0.4072
 725.000       0.3605
 726.000       0.3482
 727.000       0.4028
 728.000       0.4680
 729.000       0.4592
 730.000       0.4370
 731.000       0.4462
 732.000       0.5527
 733.000       0.7783
 734.000       0.8452
 735.000       0.5745
 736.000       0.4728
 737.000       0.5719
 738.000       0.4960
 739.000       0.4359
 740.000       0.4230
 741.000       0.4682
 742.000       0.4215
 743.000       0.4228
 744.000       0.4958
 745.000       0.5025
 746.000       0.4403
 747.000       0.4594
 748.000       0.5562
 749.000       0.5754
 750.000       0.5408
 751.000       0.7502
 752.000       1.4288
 753.000       2.8647
