#Res             RMSF
 476.000       2.3533
 477.000       1.5380
 478.000       0.9736
 479.000       0.9065
 480.000       0.5859
 481.000       0.5880
 482.000       0.8146
 483.000       0.8406
 484.000       0.6287
 485.000       0.5528
 486.000       0.5188
 487.000       0.5404
 488.000       0.5496
 489.000       0.3928
 490.000       0.3674
 491.000       0.4485
 492.000       0.4500
 493.000       0.3777
 494.000       0.3731
 495.000       0.4133
 496.000       0.4595
 497.000       0.4569
 498.000       0.3927
 499.000       0.4533
 500.000       0.4146
 501.000       0.3990
 502.000       0.4296
 503.000       0.4889
 504.000       0.4659
 505.000       0.3853
 506.000       0.3994
 507.000       0.4823
 508.000       0.4672
 509.000       0.3776
 510.000       0.4147
 511.000       0.4723
 512.000       0.4550
 513.000       0.4217
 514.000       0.4834
 515.000       0.5159
 516.000       0.4415
 517.000       0.4355
 518.000       0.4946
 519.000       0.4718
 520.000       0.4016
 521.000       0.3747
 522.000       0.4267
 523.000       0.3554
 524.000       0.3271
 525.000       0.3500
 526.000       0.3952
 527.000       0.3662
 528.000       0.3648
 529.000       0.4882
 530.000       0.5891
 531.000       0.5565
 532.000       0.6279
 533.000       0.4677
 534.000       0.6451
 535.000       0.4378
 536.000       0.3714
 537.000       0.3966
 538.000       0.4101
 539.000       0.4065
 540.000       0.3248
 541.000       0.3258
 542.000       0.3540
 543.000       0.3550
 544.000       0.3396
 545.000       0.3777
 546.000       0.4528
 547.000       0.6285
 548.000       0.8034
 549.000       0.8924
 550.000       0.6887
 551.000       0.8263
 552.000       0.5391
 553.000       0.5337
 554.000       0.6728
 555.000       0.7959
 556.000       1.5683
 557.000       2.7839
