#Res             RMSF
 281.000       4.1110
 282.000       3.7281
 283.000       3.1404
 284.000       1.4928
 285.000       1.1728
 286.000       1.2032
 287.000       0.8225
 288.000       0.6425
 289.000       0.6945
 290.000       0.7671
 291.000       0.6939
 292.000       0.6067
 293.000       0.6675
 294.000       0.7158
 295.000       0.6065
 296.000       0.5827
 297.000       0.7452
 298.000       0.8238
 299.000       0.7411
 300.000       0.7886
 301.000       1.0029
 302.000       0.9460
 303.000       0.7766
 304.000       0.7649
 305.000       0.6953
 306.000       0.8036
 307.000       0.8535
 308.000       0.9170
 309.000       0.7221
 310.000       0.6756
 311.000       0.7676
 312.000       0.6466
 313.000       0.5308
 314.000       0.5802
 315.000       0.6298
 316.000       0.5067
 317.000       0.4766
 318.000       0.5549
 319.000       0.5468
 320.000       0.4790
 321.000       0.4308
 322.000       0.4951
 323.000       0.4430
 324.000       0.3885
 325.000       0.4766
 326.000       0.5487
 327.000       0.4956
 328.000       0.4574
 329.000       0.5443
 330.000       0.5643
 331.000       0.5212
 332.000       0.5939
 333.000       0.6606
 334.000       0.7328
 335.000       0.8185
 336.000       0.8463
 337.000       0.8363
 338.000       0.9046
 339.000       0.7822
 340.000       0.5856
 341.000       0.5975
 342.000       0.5713
 343.000       0.5597
 344.000       0.4699
 345.000       0.4327
 346.000       0.4665
 347.000       0.4407
 348.000       0.4111
 349.000       0.4454
 350.000       0.5148
 351.000       0.4915
 352.000       0.5043
 353.000       0.6101
 354.000       0.8400
 355.000       1.0099
 356.000       1.0597
 357.000       0.7479
 358.000       0.6209
 359.000       0.7092
 360.000       0.6225
 361.000       0.5577
 362.000       0.5263
 363.000       0.5482
 364.000       0.5245
 365.000       0.5055
 366.000       0.5653
 367.000       0.5909
 368.000       0.5422
 369.000       0.5894
 370.000       0.6708
 371.000       0.6549
 372.000       0.6405
 373.000       0.8897
 374.000       2.3962
 375.000       4.3043
 376.000       5.9738
