#Res             RMSF
  98.000       0.8870
  99.000       0.8536
 100.000       0.9676
 101.000       0.8197
 102.000       0.5557
 103.000       0.4504
 104.000       0.4335
 105.000       0.3517
 106.000       0.3616
 107.000       0.3396
 108.000       0.3243
 109.000       0.3218
 110.000       0.3143
 111.000       0.3014
 112.000       0.3167
 113.000       0.3308
 114.000       0.3748
 115.000       0.4129
 116.000       0.3731
 117.000       0.4163
 118.000       0.3909
 119.000       0.3755
 120.000       0.4075
 121.000       0.4462
 122.000       0.4695
 123.000       0.3857
 124.000       0.4203
 125.000       0.5231
 126.000       0.4782
 127.000       0.3637
 128.000       0.4064
 129.000       0.4989
 130.000       0.4803
 131.000       0.4174
 132.000       0.5120
 133.000       0.5389
 134.000       0.4663
 135.000       0.4450
 136.000       0.4860
 137.000       0.5171
 138.000       0.3881
 139.000       0.3763
 140.000       0.3981
 141.000       0.3218
 142.000       0.2783
 143.000       0.3154
 144.000       0.3524
 145.000       0.3181
 146.000       0.3214
 147.000       0.4363
 148.000       0.4850
 149.000       0.4839
 150.000       0.5850
 151.000       0.4080
 152.000       0.5850
 153.000       0.4122
 154.000       0.3419
 155.000       0.3841
 156.000       0.3792
 157.000       0.3826
 158.000       0.3212
 159.000       0.3079
 160.000       0.3574
 161.000       0.3421
 162.000       0.3272
 163.000       0.3505
 164.000       0.4211
 165.000       0.5956
 166.000       0.7630
 167.000       0.8230
 168.000       0.5405
 169.000       0.5421
 170.000       0.4523
 171.000       0.4337
 172.000       0.5538
 173.000       0.5047
 174.000       0.8687
 175.000       1.9338
