#Res             RMSF
 281.000       2.0025
 282.000       1.6071
 283.000       1.6600
 284.000       1.2973
 285.000       1.0130
 286.000       0.6634
 287.000       0.5500
 288.000       0.4690
 289.000       0.4805
 290.000       0.5833
 291.000       0.5037
 292.000       0.4781
 293.000       0.5198
 294.000       0.5377
 295.000       0.4503
 296.000       0.4322
 297.000       0.6005
 298.000       0.7170
 299.000       0.6260
 300.000       0.6355
 301.000       0.8589
 302.000       0.7535
 303.000       0.5827
 304.000       0.5588
 305.000       0.4975
 306.000       0.5470
 307.000       0.5681
 308.000       0.6237
 309.000       0.4922
 310.000       0.4827
 311.000       0.5193
 312.000       0.4291
 313.000       0.4008
 314.000       0.4322
 315.000       0.4492
 316.000       0.4218
 317.000       0.4289
 318.000       0.4888
 319.000       0.4730
 320.000       0.4397
 321.000       0.3816
 322.000       0.4388
 323.000       0.3929
 324.000       0.3553
 325.000       0.4187
 326.000       0.5250
 327.000       0.4663
 328.000       0.4491
 329.000       0.4993
 330.000       0.5178
 331.000       0.4832
 332.000       0.5300
 333.000       0.5473
 334.000       0.6349
 335.000       0.7550
 336.000       0.7198
 337.000       0.7472
 338.000       0.7124
 339.000       0.6651
 340.000       0.5287
 341.000       0.5247
 342.000       0.5023
 343.000       0.4878
 344.000       0.4394
 345.000       0.4124
 346.000       0.4111
 347.000       0.3926
 348.000       0.3749
 349.000       0.4051
 350.000       0.4434
 351.000       0.4312
 352.000       0.4609
 353.000       0.4775
 354.000       0.6313
 355.000       0.9010
 356.000       0.9248
 357.000       0.6384
 358.000       0.5143
 359.000       0.6073
 360.000       0.5466
 361.000       0.4829
 362.000       0.4690
 363.000       0.5063
 364.000       0.4643
 365.000       0.4587
 366.000       0.5576
 367.000       0.5590
 368.000       0.4818
 369.000       0.5259
 370.000       0.6274
 371.000       0.5921
 372.000       0.5802
 373.000       0.7990
 374.000       1.1434
 375.000       2.5241
 376.000       3.9317
