#Res             RMSF
   1.000       1.9128
   2.000       1.1032
   3.000       0.7302
   4.000       0.5385
   5.000       0.5322
   6.000       0.4669
   7.000       0.4757
   8.000       0.4721
   9.000       0.4494
  10.000       0.4060
  11.000       0.4309
  12.000       0.4953
  13.000       0.4292
  14.000       0.3844
  15.000       0.4505
  16.000       0.4407
  17.000       0.4013
  18.000       0.4048
  19.000       0.4767
  20.000       0.4927
  21.000       0.5022
  22.000       0.4915
  23.000       0.4404
  24.000       0.3953
  25.000       0.3891
  26.000       0.4343
  27.000       0.4530
  28.000       0.4720
  29.000       0.4418
  30.000       0.3872
  31.000       0.4131
  32.000       0.4319
  33.000       0.3993
  34.000       0.3652
  35.000       0.4237
  36.000       0.4751
  37.000       0.4419
  38.000       0.4384
  39.000       0.5311
  40.000       0.6798
  41.000       0.6768
  42.000       0.6723
  43.000       0.7227
  44.000       0.8187
  45.000       0.5352
  46.000       0.5504
  47.000       0.5116
  48.000       0.5043
  49.000       0.5360
  50.000       0.4595
  51.000       0.3912
  52.000       0.3611
  53.000       0.3962
  54.000       0.3868
  55.000       0.3416
  56.000       0.3306
  57.000       0.3629
  58.000       0.3764
  59.000       0.3863
  60.000       0.3564
  61.000       0.3723
  62.000       0.3997
  63.000       0.3595
  64.000       0.3541
  65.000       0.4233
  66.000       0.3690
  67.000       0.3244
  68.000       0.3524
  69.000       0.3705
  70.000       0.3544
  71.000       0.3378
  72.000       0.3975
  73.000       0.3823
  74.000       0.3801
  75.000       0.4124
  76.000       0.4402
  77.000       0.4984
  78.000       0.5380
  79.000       0.4270
  80.000       0.4339
  81.000       0.3742
  82.000       0.3470
  83.000       0.4261
  84.000       0.4564
  85.000       0.4446
  86.000       0.3523
  87.000       0.4242
  88.000       0.5330
  89.000       0.4674
  90.000       0.4336
  91.000       0.5386
  92.000       0.6176
  93.000       0.5940
  94.000       0.6145
  95.000       0.8714
  96.000       1.4663
  97.000       2.5358
