#Res             RMSF
   1.000       2.3712
   2.000       1.1828
   3.000       0.7478
   4.000       0.5804
   5.000       0.5533
   6.000       0.4736
   7.000       0.4835
   8.000       0.4907
   9.000       0.4494
  10.000       0.3952
  11.000       0.4162
  12.000       0.4628
  13.000       0.4116
  14.000       0.3673
  15.000       0.4261
  16.000       0.4489
  17.000       0.4027
  18.000       0.4072
  19.000       0.4852
  20.000       0.5218
  21.000       0.5241
  22.000       0.5264
  23.000       0.4540
  24.000       0.4021
  25.000       0.3889
  26.000       0.4183
  27.000       0.4466
  28.000       0.4611
  29.000       0.4391
  30.000       0.3885
  31.000       0.4171
  32.000       0.4350
  33.000       0.4111
  34.000       0.3806
  35.000       0.4315
  36.000       0.4901
  37.000       0.4629
  38.000       0.4754
  39.000       0.5984
  40.000       0.7306
  41.000       0.7252
  42.000       0.7275
  43.000       0.7664
  44.000       0.8469
  45.000       0.5592
  46.000       0.5835
  47.000       0.5627
  48.000       0.5490
  49.000       0.5708
  50.000       0.4883
  51.000       0.4083
  52.000       0.3749
  53.000       0.4125
  54.000       0.4250
  55.000       0.3629
  56.000       0.3441
  57.000       0.4036
  58.000       0.4224
  59.000       0.3993
  60.000       0.3702
  61.000       0.3951
  62.000       0.4176
  63.000       0.3751
  64.000       0.3511
  65.000       0.4148
  66.000       0.3579
  67.000       0.3112
  68.000       0.3599
  69.000       0.3740
  70.000       0.3437
  71.000       0.3424
  72.000       0.3899
  73.000       0.3795
  74.000       0.3948
  75.000       0.4303
  76.000       0.4351
  77.000       0.5099
  78.000       0.5605
  79.000       0.4527
  80.000       0.4485
  81.000       0.3725
  82.000       0.3438
  83.000       0.4283
  84.000       0.4621
  85.000       0.4430
  86.000       0.3545
  87.000       0.4369
  88.000       0.5294
  89.000       0.4599
  90.000       0.4456
  91.000       0.5413
  92.000       0.6037
  93.000       0.5920
  94.000       0.6682
  95.000       0.9335
  96.000       1.3030
  97.000       2.3592
