#Res             RMSF
  98.000       0.9139
  99.000       0.7927
 100.000       0.8528
 101.000       0.7548
 102.000       0.5248
 103.000       0.4568
 104.000       0.4361
 105.000       0.3641
 106.000       0.3724
 107.000       0.3489
 108.000       0.3284
 109.000       0.3322
 110.000       0.3299
 111.000       0.3188
 112.000       0.3462
 113.000       0.3803
 114.000       0.4270
 115.000       0.4497
 116.000       0.3991
 117.000       0.4440
 118.000       0.4178
 119.000       0.4007
 120.000       0.4269
 121.000       0.4897
 122.000       0.5100
 123.000       0.3928
 124.000       0.4392
 125.000       0.5631
 126.000       0.5053
 127.000       0.3710
 128.000       0.4735
 129.000       0.5567
 130.000       0.4927
 131.000       0.4266
 132.000       0.5055
 133.000       0.5387
 134.000       0.4592
 135.000       0.4851
 136.000       0.5182
 137.000       0.5139
 138.000       0.4027
 139.000       0.3826
 140.000       0.4072
 141.000       0.3254
 142.000       0.2960
 143.000       0.3142
 144.000       0.3500
 145.000       0.3317
 146.000       0.3294
 147.000       0.4469
 148.000       0.4925
 149.000       0.4949
 150.000       0.5767
 151.000       0.4425
 152.000       0.5825
 153.000       0.4221
 154.000       0.3584
 155.000       0.3931
 156.000       0.4005
 157.000       0.4119
 158.000       0.3345
 159.000       0.3405
 160.000       0.3837
 161.000       0.3727
 162.000       0.3692
 163.000       0.3842
 164.000       0.4484
 165.000       0.6682
 166.000       0.8281
 167.000       0.8934
 168.000       0.6350
 169.000       0.6394
 170.000       0.5457
 171.000       0.5102
 172.000       0.6818
 173.000       0.9651
 174.000       1.8141
 175.000       2.9430
