#Res             RMSF
 476.000       2.3551
 477.000       1.5393
 478.000       0.9730
 479.000       0.9050
 480.000       0.5838
 481.000       0.5862
 482.000       0.8150
 483.000       0.8405
 484.000       0.6284
 485.000       0.5531
 486.000       0.5183
 487.000       0.5397
 488.000       0.5502
 489.000       0.3929
 490.000       0.3674
 491.000       0.4487
 492.000       0.4505
 493.000       0.3778
 494.000       0.3734
 495.000       0.4137
 496.000       0.4600
 497.000       0.4567
 498.000       0.3929
 499.000       0.4531
 500.000       0.4137
 501.000       0.3986
 502.000       0.4301
 503.000       0.4891
 504.000       0.4655
 505.000       0.3850
 506.000       0.3989
 507.000       0.4814
 508.000       0.4668
 509.000       0.3776
 510.000       0.4150
 511.000       0.4715
 512.000       0.4543
 513.000       0.4213
 514.000       0.4837
 515.000       0.5163
 516.000       0.4415
 517.000       0.4360
 518.000       0.4948
 519.000       0.4719
 520.000       0.4018
 521.000       0.3752
 522.000       0.4270
 523.000       0.3558
 524.000       0.3275
 525.000       0.3505
 526.000       0.3955
 527.000       0.3663
 528.000       0.3649
 529.000       0.4887
 530.000       0.5896
 531.000       0.5566
 532.000       0.6286
 533.000       0.4678
 534.000       0.6456
 535.000       0.4381
 536.000       0.3718
 537.000       0.3967
 538.000       0.4105
 539.000       0.4068
 540.000       0.3248
 541.000       0.3259
 542.000       0.3544
 543.000       0.3554
 544.000       0.3400
 545.000       0.3781
 546.000       0.4532
 547.000       0.6291
 548.000       0.8044
 549.000       0.8932
 550.000       0.6884
 551.000       0.8254
 552.000       0.5393
 553.000       0.5321
 554.000       0.6715
 555.000       0.7962
 556.000       1.5697
 557.000       2.7851
