#Res             RMSF
  98.000       0.9072
  99.000       0.6922
 100.000       0.7051
 101.000       0.6758
 102.000       0.4844
 103.000       0.4477
 104.000       0.4159
 105.000       0.3522
 106.000       0.3449
 107.000       0.3418
 108.000       0.3208
 109.000       0.3214
 110.000       0.3353
 111.000       0.3265
 112.000       0.3445
 113.000       0.3857
 114.000       0.4346
 115.000       0.4319
 116.000       0.3839
 117.000       0.4145
 118.000       0.4119
 119.000       0.4135
 120.000       0.4210
 121.000       0.5054
 122.000       0.4959
 123.000       0.3822
 124.000       0.4272
 125.000       0.5567
 126.000       0.5034
 127.000       0.3653
 128.000       0.4897
 129.000       0.5801
 130.000       0.4946
 131.000       0.4317
 132.000       0.4906
 133.000       0.5298
 134.000       0.4479
 135.000       0.5052
 136.000       0.5318
 137.000       0.5094
 138.000       0.4103
 139.000       0.3798
 140.000       0.4113
 141.000       0.3222
 142.000       0.3021
 143.000       0.3096
 144.000       0.3452
 145.000       0.3228
 146.000       0.3159
 147.000       0.4383
 148.000       0.4842
 149.000       0.4919
 150.000       0.5512
 151.000       0.4548
 152.000       0.5597
 153.000       0.4170
 154.000       0.3556
 155.000       0.3817
 156.000       0.3902
 157.000       0.4104
 158.000       0.3277
 159.000       0.3533
 160.000       0.3848
 161.000       0.3825
 162.000       0.3955
 163.000       0.4079
 164.000       0.4651
 165.000       0.7152
 166.000       0.8759
 167.000       0.9525
 168.000       0.7088
 169.000       0.6972
 170.000       0.5966
 171.000       0.5241
 172.000       0.7194
 173.000       1.0889
 174.000       1.7949
 175.000       3.2027
