#Res             RMSF
 377.000       3.0835
 378.000       2.2569
 379.000       1.5340
 380.000       0.9762
 381.000       0.6179
 382.000       0.5563
 383.000       0.5169
 384.000       0.5242
 385.000       0.5087
 386.000       0.4965
 387.000       0.4513
 388.000       0.4541
 389.000       0.5266
 390.000       0.4643
 391.000       0.4206
 392.000       0.4796
 393.000       0.4685
 394.000       0.4482
 395.000       0.4673
 396.000       0.5322
 397.000       0.5756
 398.000       0.5741
 399.000       0.5819
 400.000       0.4815
 401.000       0.4499
 402.000       0.4747
 403.000       0.5314
 404.000       0.5211
 405.000       0.5206
 406.000       0.4874
 407.000       0.4029
 408.000       0.4559
 409.000       0.4686
 410.000       0.4102
 411.000       0.3756
 412.000       0.4247
 413.000       0.4488
 414.000       0.4739
 415.000       0.4817
 416.000       0.5888
 417.000       0.8600
 418.000       0.8257
 419.000       0.7439
 420.000       0.7858
 421.000       1.0263
 422.000       0.6345
 423.000       0.5854
 424.000       0.5322
 425.000       0.6160
 426.000       0.7101
 427.000       0.4950
 428.000       0.3988
 429.000       0.3861
 430.000       0.4117
 431.000       0.3751
 432.000       0.3316
 433.000       0.3469
 434.000       0.3647
 435.000       0.3744
 436.000       0.3640
 437.000       0.3653
 438.000       0.4129
 439.000       0.4064
 440.000       0.3706
 441.000       0.3492
 442.000       0.4458
 443.000       0.3749
 444.000       0.3228
 445.000       0.3938
 446.000       0.4056
 447.000       0.3596
 448.000       0.3862
 449.000       0.4716
 450.000       0.4179
 451.000       0.3944
 452.000       0.4370
 453.000       0.4685
 454.000       0.5053
 455.000       0.5753
 456.000       0.4798
 457.000       0.5448
 458.000       0.4067
 459.000       0.3619
 460.000       0.4175
 461.000       0.4532
 462.000       0.4673
 463.000       0.3853
 464.000       0.4636
 465.000       0.5286
 466.000       0.5013
 467.000       0.5181
 468.000       0.5077
 469.000       0.5634
 470.000       0.6392
 471.000       0.7465
 472.000       0.8690
 473.000       0.8904
 474.000       1.0862
 475.000       3.0230
