#Res             RMSF
 558.000       1.3350
 559.000       0.7877
 560.000       0.5748
 561.000       0.4506
 562.000       0.6027
 563.000       0.6240
 564.000       0.5249
 565.000       0.5681
 566.000       0.4322
 567.000       0.4476
 568.000       0.3657
 569.000       0.4315
 570.000       0.3732
 571.000       0.4508
 572.000       0.4326
 573.000       0.4059
 574.000       0.3918
 575.000       0.4853
 576.000       0.4999
 577.000       0.4816
 578.000       0.5846
 579.000       0.6393
 580.000       0.6317
 581.000       0.7658
 582.000       0.5993
 583.000       0.7673
 584.000       1.1693
 585.000       0.6175
 586.000       0.5011
 587.000       0.5456
 588.000       0.6085
 589.000       0.5069
 590.000       0.3756
 591.000       0.3478
 592.000       0.3642
 593.000       0.3715
 594.000       0.3539
 595.000       0.3469
 596.000       0.3712
 597.000       0.3984
 598.000       0.4035
 599.000       0.3984
 600.000       0.4257
 601.000       0.4548
 602.000       0.4597
 603.000       0.4995
 604.000       0.4878
 605.000       0.4486
 606.000       0.4368
 607.000       0.4692
 608.000       0.4479
 609.000       0.3800
 610.000       0.4518
 611.000       0.5413
 612.000       0.5450
 613.000       0.5026
 614.000       0.6248
 615.000       0.7574
 616.000       0.7491
 617.000       0.7755
 618.000       0.5852
 619.000       0.5896
 620.000       0.4528
 621.000       0.3508
 622.000       0.3609
 623.000       0.3882
 624.000       0.4083
 625.000       0.3904
 626.000       0.3973
 627.000       0.4462
 628.000       0.6447
 629.000       0.6650
 630.000       0.5637
 631.000       0.6188
 632.000       0.8362
 633.000       0.6957
 634.000       0.7547
 635.000       0.6130
 636.000       0.5065
 637.000       0.5543
 638.000       0.6628
 639.000       0.6510
 640.000       0.6871
 641.000       1.0925
 642.000       0.8185
 643.000       0.5681
 644.000       0.4998
 645.000       0.5340
 646.000       0.5377
 647.000       0.5531
 648.000       0.4855
 649.000       0.5269
 650.000       0.5054
 651.000       0.7432
 652.000       0.7269
 653.000       0.8273
 654.000       0.7665
 655.000       0.7418
 656.000       0.8606
 657.000       0.8489
 658.000       0.7780
 659.000       0.9128
 660.000       1.2413
 661.000       1.9116
