#Res             RMSF
 281.000       4.1063
 282.000       3.7252
 283.000       3.1384
 284.000       1.4918
 285.000       1.1724
 286.000       1.2021
 287.000       0.8220
 288.000       0.6423
 289.000       0.6938
 290.000       0.7662
 291.000       0.6937
 292.000       0.6065
 293.000       0.6667
 294.000       0.7150
 295.000       0.6060
 296.000       0.5821
 297.000       0.7443
 298.000       0.8231
 299.000       0.7406
 300.000       0.7881
 301.000       1.0030
 302.000       0.9456
 303.000       0.7767
 304.000       0.7645
 305.000       0.6952
 306.000       0.8036
 307.000       0.8535
 308.000       0.9164
 309.000       0.7218
 310.000       0.6762
 311.000       0.7679
 312.000       0.6465
 313.000       0.5305
 314.000       0.5803
 315.000       0.6295
 316.000       0.5067
 317.000       0.4762
 318.000       0.5548
 319.000       0.5464
 320.000       0.4787
 321.000       0.4307
 322.000       0.4952
 323.000       0.4426
 324.000       0.3888
 325.000       0.4775
 326.000       0.5490
 327.000       0.4953
 328.000       0.4578
 329.000       0.5445
 330.000       0.5647
 331.000       0.5216
 332.000       0.5940
 333.000       0.6604
 334.000       0.7323
 335.000       0.8179
 336.000       0.8456
 337.000       0.8355
 338.000       0.9037
 339.000       0.7813
 340.000       0.5851
 341.000       0.5970
 342.000       0.5715
 343.000       0.5595
 344.000       0.4694
 345.000       0.4328
 346.000       0.4662
 347.000       0.4403
 348.000       0.4107
 349.000       0.4450
 350.000       0.5152
 351.000       0.4913
 352.000       0.5040
 353.000       0.6098
 354.000       0.8408
 355.000       1.0106
 356.000       1.0590
 357.000       0.7472
 358.000       0.6204
 359.000       0.7097
 360.000       0.6223
 361.000       0.5576
 362.000       0.5263
 363.000       0.5487
 364.000       0.5255
 365.000       0.5057
 366.000       0.5657
 367.000       0.5925
 368.000       0.5432
 369.000       0.5898
 370.000       0.6731
 371.000       0.6570
 372.000       0.6424
 373.000       0.8923
 374.000       2.3947
 375.000       4.3031
 376.000       5.9722
