#Res             RMSF
   1.000       2.5521
   2.000       1.2487
   3.000       0.7143
   4.000       0.5376
   5.000       0.5108
   6.000       0.4541
   7.000       0.4693
   8.000       0.4533
   9.000       0.4162
  10.000       0.3708
  11.000       0.3910
  12.000       0.4207
  13.000       0.3764
  14.000       0.3438
  15.000       0.3976
  16.000       0.4352
  17.000       0.3988
  18.000       0.4019
  19.000       0.4826
  20.000       0.5374
  21.000       0.5409
  22.000       0.5577
  23.000       0.4596
  24.000       0.3876
  25.000       0.3735
  26.000       0.3940
  27.000       0.4344
  28.000       0.4466
  29.000       0.4352
  30.000       0.3856
  31.000       0.4138
  32.000       0.4355
  33.000       0.4141
  34.000       0.3828
  35.000       0.4373
  36.000       0.5007
  37.000       0.4753
  38.000       0.5057
  39.000       0.6579
  40.000       0.7616
  41.000       0.7436
  42.000       0.7565
  43.000       0.7910
  44.000       0.8567
  45.000       0.5714
  46.000       0.6050
  47.000       0.6046
  48.000       0.5815
  49.000       0.5901
  50.000       0.4981
  51.000       0.4167
  52.000       0.3758
  53.000       0.4046
  54.000       0.4373
  55.000       0.3669
  56.000       0.3405
  57.000       0.3998
  58.000       0.4234
  59.000       0.3937
  60.000       0.3653
  61.000       0.3829
  62.000       0.4047
  63.000       0.3579
  64.000       0.3247
  65.000       0.3940
  66.000       0.3361
  67.000       0.2933
  68.000       0.3626
  69.000       0.3779
  70.000       0.3274
  71.000       0.3401
  72.000       0.3794
  73.000       0.3663
  74.000       0.3846
  75.000       0.4303
  76.000       0.4200
  77.000       0.4923
  78.000       0.5547
  79.000       0.4657
  80.000       0.4601
  81.000       0.3708
  82.000       0.3387
  83.000       0.4218
  84.000       0.4578
  85.000       0.4304
  86.000       0.3492
  87.000       0.4420
  88.000       0.5139
  89.000       0.4468
  90.000       0.4508
  91.000       0.5335
  92.000       0.5716
  93.000       0.5759
  94.000       0.7025
  95.000       0.9043
  96.000       0.8930
  97.000       1.8633
