#Res             RMSF
 662.000       1.1738
 663.000       0.9800
 664.000       0.8867
 665.000       0.6191
 666.000       0.4649
 667.000       0.4261
 668.000       0.4596
 669.000       0.4680
 670.000       0.4219
 671.000       0.4305
 672.000       0.4603
 673.000       0.4211
 674.000       0.4334
 675.000       0.5504
 676.000       0.6392
 677.000       0.6118
 678.000       0.6064
 679.000       0.8447
 680.000       0.8071
 681.000       0.6521
 682.000       0.6000
 683.000       0.4931
 684.000       0.5274
 685.000       0.6052
 686.000       0.6293
 687.000       0.4739
 688.000       0.4357
 689.000       0.5188
 690.000       0.4489
 691.000       0.3796
 692.000       0.4298
 693.000       0.4496
 694.000       0.3873
 695.000       0.4194
 696.000       0.4731
 697.000       0.4320
 698.000       0.4165
 699.000       0.3834
 700.000       0.4331
 701.000       0.4128
 702.000       0.3680
 703.000       0.4311
 704.000       0.5067
 705.000       0.4477
 706.000       0.3658
 707.000       0.4899
 708.000       0.4698
 709.000       0.3732
 710.000       0.4494
 711.000       0.5570
 712.000       0.5736
 713.000       0.6628
 714.000       0.7253
 715.000       0.6035
 716.000       0.6444
 717.000       0.5363
 718.000       0.4495
 719.000       0.4444
 720.000       0.4609
 721.000       0.4599
 722.000       0.3650
 723.000       0.3680
 724.000       0.3990
 725.000       0.3648
 726.000       0.3559
 727.000       0.4032
 728.000       0.4921
 729.000       0.4954
 730.000       0.4790
 731.000       0.4580
 732.000       0.5729
 733.000       0.7680
 734.000       0.8130
 735.000       0.5676
 736.000       0.4801
 737.000       0.6054
 738.000       0.5077
 739.000       0.4254
 740.000       0.4269
 741.000       0.4715
 742.000       0.4266
 743.000       0.4136
 744.000       0.4713
 745.000       0.4907
 746.000       0.4326
 747.000       0.4688
 748.000       0.5632
 749.000       0.5657
 750.000       0.5344
 751.000       0.7550
 752.000       1.5680
 753.000       3.0065
