#Res             RMSF
 558.000       1.3104
 559.000       0.8181
 560.000       0.6285
 561.000       0.4953
 562.000       0.6872
 563.000       0.7121
 564.000       0.5934
 565.000       0.6387
 566.000       0.4673
 567.000       0.4787
 568.000       0.4133
 569.000       0.4835
 570.000       0.4216
 571.000       0.4959
 572.000       0.4766
 573.000       0.4351
 574.000       0.4300
 575.000       0.5130
 576.000       0.5543
 577.000       0.5658
 578.000       0.7611
 579.000       0.8699
 580.000       1.0303
 581.000       1.0486
 582.000       0.8016
 583.000       1.0882
 584.000       1.2258
 585.000       0.8198
 586.000       0.6836
 587.000       0.7084
 588.000       0.8412
 589.000       0.5739
 590.000       0.4239
 591.000       0.3739
 592.000       0.3731
 593.000       0.3901
 594.000       0.3788
 595.000       0.3743
 596.000       0.4050
 597.000       0.4464
 598.000       0.4482
 599.000       0.4408
 600.000       0.4697
 601.000       0.5058
 602.000       0.4893
 603.000       0.5299
 604.000       0.5398
 605.000       0.4746
 606.000       0.4593
 607.000       0.5200
 608.000       0.4805
 609.000       0.4054
 610.000       0.4762
 611.000       0.5829
 612.000       0.5779
 613.000       0.5283
 614.000       0.7344
 615.000       0.8807
 616.000       0.8471
 617.000       0.8909
 618.000       0.6871
 619.000       0.7302
 620.000       0.4942
 621.000       0.3877
 622.000       0.4059
 623.000       0.4266
 624.000       0.4337
 625.000       0.4140
 626.000       0.4506
 627.000       0.5080
 628.000       0.6376
 629.000       0.6840
 630.000       0.6277
 631.000       0.7100
 632.000       0.9530
 633.000       0.7619
 634.000       0.7640
 635.000       0.6378
 636.000       0.5541
 637.000       0.6162
 638.000       0.6977
 639.000       0.6860
 640.000       0.7502
 641.000       1.3914
 642.000       1.0970
 643.000       0.6951
 644.000       0.5816
 645.000       0.5960
 646.000       0.6162
 647.000       0.5903
 648.000       0.5201
 649.000       0.5858
 650.000       0.5514
 651.000       0.7385
 652.000       0.7522
 653.000       0.8555
 654.000       0.8419
 655.000       0.8189
 656.000       0.9305
 657.000       0.9129
 658.000       0.8698
 659.000       1.0177
 660.000       1.3611
 661.000       2.0213
