#Res             RMSF
   1.000       2.3729
   2.000       1.1828
   3.000       0.7484
   4.000       0.5809
   5.000       0.5539
   6.000       0.4737
   7.000       0.4833
   8.000       0.4904
   9.000       0.4494
  10.000       0.3949
  11.000       0.4163
  12.000       0.4632
  13.000       0.4118
  14.000       0.3672
  15.000       0.4266
  16.000       0.4494
  17.000       0.4031
  18.000       0.4068
  19.000       0.4852
  20.000       0.5217
  21.000       0.5244
  22.000       0.5265
  23.000       0.4545
  24.000       0.4025
  25.000       0.3892
  26.000       0.4187
  27.000       0.4467
  28.000       0.4610
  29.000       0.4395
  30.000       0.3885
  31.000       0.4161
  32.000       0.4348
  33.000       0.4112
  34.000       0.3807
  35.000       0.4318
  36.000       0.4902
  37.000       0.4633
  38.000       0.4758
  39.000       0.5989
  40.000       0.7309
  41.000       0.7245
  42.000       0.7272
  43.000       0.7660
  44.000       0.8469
  45.000       0.5597
  46.000       0.5838
  47.000       0.5627
  48.000       0.5491
  49.000       0.5704
  50.000       0.4884
  51.000       0.4084
  52.000       0.3751
  53.000       0.4128
  54.000       0.4254
  55.000       0.3631
  56.000       0.3442
  57.000       0.4037
  58.000       0.4226
  59.000       0.3997
  60.000       0.3706
  61.000       0.3953
  62.000       0.4175
  63.000       0.3749
  64.000       0.3513
  65.000       0.4142
  66.000       0.3568
  67.000       0.3104
  68.000       0.3591
  69.000       0.3740
  70.000       0.3429
  71.000       0.3419
  72.000       0.3900
  73.000       0.3796
  74.000       0.3947
  75.000       0.4303
  76.000       0.4340
  77.000       0.5096
  78.000       0.5601
  79.000       0.4531
  80.000       0.4486
  81.000       0.3726
  82.000       0.3439
  83.000       0.4275
  84.000       0.4617
  85.000       0.4428
  86.000       0.3537
  87.000       0.4370
  88.000       0.5291
  89.000       0.4598
  90.000       0.4432
  91.000       0.5411
  92.000       0.6042
  93.000       0.5914
  94.000       0.6669
  95.000       0.9285
  96.000       1.2919
  97.000       2.3514
