#Res             RMSF
 662.000       1.2864
 663.000       0.9832
 664.000       0.9385
 665.000       0.5763
 666.000       0.3909
 667.000       0.3864
 668.000       0.4391
 669.000       0.4341
 670.000       0.3996
 671.000       0.4257
 672.000       0.4496
 673.000       0.4192
 674.000       0.4163
 675.000       0.5294
 676.000       0.6178
 677.000       0.5644
 678.000       0.5707
 679.000       0.7958
 680.000       0.7267
 681.000       0.5878
 682.000       0.5195
 683.000       0.4456
 684.000       0.4719
 685.000       0.5514
 686.000       0.5869
 687.000       0.4261
 688.000       0.3833
 689.000       0.4831
 690.000       0.4234
 691.000       0.3585
 692.000       0.3959
 693.000       0.3984
 694.000       0.3638
 695.000       0.3938
 696.000       0.4504
 697.000       0.4175
 698.000       0.3978
 699.000       0.3773
 700.000       0.4288
 701.000       0.4025
 702.000       0.3584
 703.000       0.4117
 704.000       0.4688
 705.000       0.4001
 706.000       0.3526
 707.000       0.4247
 708.000       0.4088
 709.000       0.3582
 710.000       0.4315
 711.000       0.5274
 712.000       0.5703
 713.000       0.6292
 714.000       0.6706
 715.000       0.5800
 716.000       0.5723
 717.000       0.4882
 718.000       0.4142
 719.000       0.4039
 720.000       0.4189
 721.000       0.4200
 722.000       0.3573
 723.000       0.3517
 724.000       0.3614
 725.000       0.3469
 726.000       0.3453
 727.000       0.3786
 728.000       0.4539
 729.000       0.4600
 730.000       0.4696
 731.000       0.4561
 732.000       0.5917
 733.000       0.7493
 734.000       0.7546
 735.000       0.5597
 736.000       0.4651
 737.000       0.5982
 738.000       0.5086
 739.000       0.4128
 740.000       0.4196
 741.000       0.4674
 742.000       0.4312
 743.000       0.3972
 744.000       0.4362
 745.000       0.4739
 746.000       0.4048
 747.000       0.4578
 748.000       0.5572
 749.000       0.5422
 750.000       0.5059
 751.000       0.7414
 752.000       1.6608
 753.000       3.1227
