#Res             RMSF
 281.000       4.0215
 282.000       3.0471
 283.000       2.8745
 284.000       1.5523
 285.000       1.2669
 286.000       1.2736
 287.000       0.8473
 288.000       0.5986
 289.000       0.6783
 290.000       0.7670
 291.000       0.6593
 292.000       0.5317
 293.000       0.5603
 294.000       0.5887
 295.000       0.5215
 296.000       0.4811
 297.000       0.6015
 298.000       0.6937
 299.000       0.6436
 300.000       0.6848
 301.000       0.8965
 302.000       0.8507
 303.000       0.7354
 304.000       0.7759
 305.000       0.7250
 306.000       0.8797
 307.000       0.9585
 308.000       1.0275
 309.000       0.8203
 310.000       0.7536
 311.000       0.8402
 312.000       0.7422
 313.000       0.6133
 314.000       0.6546
 315.000       0.7135
 316.000       0.5524
 317.000       0.4898
 318.000       0.5865
 319.000       0.5876
 320.000       0.4975
 321.000       0.4521
 322.000       0.5164
 323.000       0.4751
 324.000       0.3850
 325.000       0.4637
 326.000       0.4939
 327.000       0.4430
 328.000       0.3948
 329.000       0.4914
 330.000       0.4814
 331.000       0.4612
 332.000       0.5370
 333.000       0.6343
 334.000       0.6855
 335.000       0.7427
 336.000       0.8056
 337.000       0.7265
 338.000       0.7179
 339.000       0.6627
 340.000       0.5213
 341.000       0.5330
 342.000       0.5174
 343.000       0.5366
 344.000       0.4404
 345.000       0.4098
 346.000       0.4628
 347.000       0.4496
 348.000       0.3940
 349.000       0.4289
 350.000       0.5382
 351.000       0.5097
 352.000       0.4881
 353.000       0.6293
 354.000       0.8758
 355.000       0.9697
 356.000       0.9548
 357.000       0.7116
 358.000       0.5760
 359.000       0.6410
 360.000       0.6013
 361.000       0.5188
 362.000       0.4731
 363.000       0.5232
 364.000       0.5171
 365.000       0.4798
 366.000       0.5507
 367.000       0.6036
 368.000       0.5476
 369.000       0.6109
 370.000       0.7144
 371.000       0.7154
 372.000       0.6889
 373.000       0.8833
 374.000       2.0390
 375.000       3.4339
 376.000       5.1101
