#Res             RMSF
 558.000       1.2373
 559.000       0.8255
 560.000       0.6554
 561.000       0.5125
 562.000       0.7189
 563.000       0.7503
 564.000       0.6227
 565.000       0.6506
 566.000       0.4547
 567.000       0.4598
 568.000       0.4099
 569.000       0.4899
 570.000       0.4551
 571.000       0.5268
 572.000       0.4818
 573.000       0.4140
 574.000       0.4431
 575.000       0.5375
 576.000       0.5718
 577.000       0.5493
 578.000       0.8487
 579.000       1.0402
 580.000       1.1708
 581.000       0.9691
 582.000       0.7385
 583.000       1.0899
 584.000       0.9899
 585.000       0.5996
 586.000       0.5820
 587.000       0.6032
 588.000       0.8116
 589.000       0.5165
 590.000       0.4241
 591.000       0.3762
 592.000       0.3683
 593.000       0.3895
 594.000       0.3742
 595.000       0.3705
 596.000       0.3803
 597.000       0.4196
 598.000       0.4241
 599.000       0.4077
 600.000       0.4247
 601.000       0.4704
 602.000       0.4508
 603.000       0.4996
 604.000       0.5392
 605.000       0.4508
 606.000       0.4489
 607.000       0.5380
 608.000       0.4872
 609.000       0.4207
 610.000       0.4919
 611.000       0.5846
 612.000       0.5761
 613.000       0.5254
 614.000       0.7239
 615.000       0.8923
 616.000       0.9008
 617.000       0.9430
 618.000       0.7191
 619.000       0.7915
 620.000       0.5209
 621.000       0.4137
 622.000       0.4267
 623.000       0.4382
 624.000       0.4363
 625.000       0.4172
 626.000       0.4625
 627.000       0.5237
 628.000       0.5985
 629.000       0.6650
 630.000       0.6447
 631.000       0.7862
 632.000       1.0201
 633.000       0.8004
 634.000       0.7251
 635.000       0.6137
 636.000       0.5647
 637.000       0.6493
 638.000       0.6817
 639.000       0.6694
 640.000       0.7786
 641.000       1.6041
 642.000       1.2536
 643.000       0.7251
 644.000       0.5722
 645.000       0.5515
 646.000       0.5782
 647.000       0.5452
 648.000       0.5240
 649.000       0.6047
 650.000       0.5527
 651.000       0.7127
 652.000       0.7163
 653.000       0.8212
 654.000       0.7940
 655.000       0.7989
 656.000       0.9174
 657.000       0.8784
 658.000       0.8104
 659.000       0.9775
 660.000       1.3630
 661.000       2.0409
