#Res             RMSF
 176.000       1.7078
 177.000       1.2861
 178.000       0.7617
 179.000       0.5451
 180.000       0.5141
 181.000       0.6866
 182.000       0.7222
 183.000       0.5872
 184.000       0.6569
 185.000       0.4797
 186.000       0.4960
 187.000       0.4210
 188.000       0.4547
 189.000       0.4165
 190.000       0.5139
 191.000       0.4882
 192.000       0.4337
 193.000       0.4176
 194.000       0.5019
 195.000       0.4999
 196.000       0.5682
 197.000       0.6827
 198.000       0.9295
 199.000       0.8917
 200.000       1.2210
 201.000       0.7081
 202.000       0.7196
 203.000       0.7834
 204.000       0.6541
 205.000       0.5519
 206.000       0.5731
 207.000       0.6728
 208.000       0.5274
 209.000       0.4413
 210.000       0.4089
 211.000       0.4131
 212.000       0.4303
 213.000       0.4129
 214.000       0.3823
 215.000       0.4082
 216.000       0.4312
 217.000       0.4288
 218.000       0.4151
 219.000       0.4484
 220.000       0.4554
 221.000       0.4619
 222.000       0.5077
 223.000       0.5826
 224.000       0.5101
 225.000       0.4810
 226.000       0.5448
 227.000       0.5587
 228.000       0.4929
 229.000       0.5727
 230.000       0.6997
 231.000       0.7102
 232.000       0.6450
 233.000       0.8576
 234.000       1.0502
 235.000       0.9906
 236.000       1.0065
 237.000       0.7964
 238.000       0.8608
 239.000       0.5438
 240.000       0.4265
 241.000       0.4713
 242.000       0.4874
 243.000       0.4871
 244.000       0.4438
 245.000       0.4835
 246.000       0.5627
 247.000       0.6762
 248.000       0.7107
 249.000       0.7280
 250.000       0.9469
 251.000       1.2383
 252.000       1.1753
 253.000       1.4596
 254.000       1.2742
 255.000       1.4299
 256.000       1.7360
 257.000       1.8844
 258.000       1.4870
 259.000       1.2924
 260.000       1.8549
 261.000       1.5621
 262.000       1.0089
 263.000       0.7116
 264.000       0.5493
 265.000       0.5512
 266.000       0.5202
 267.000       0.5461
 268.000       0.6477
 269.000       0.6104
 270.000       0.8153
 271.000       0.8063
 272.000       0.8769
 273.000       0.8781
 274.000       0.8897
 275.000       0.9811
 276.000       0.9909
 277.000       0.9401
 278.000       1.0659
 279.000       1.4568
 280.000       2.1860
