#Frame           gap5
       1      25.1570
       2      24.3675
       3      24.1210
       4      25.5247
       5      25.3975
       6      24.3531
       7      24.5428
       8      25.4751
       9      25.2801
      10      24.6713
      11      24.6670
      12      24.0359
      13      24.2353
      14      22.6291
      15      23.3797
      16      23.7054
      17      24.0902
      18      23.4084
      19      22.9475
      20      23.2682
      21      23.1445
      22      23.3617
      23      22.9027
      24      23.5377
      25      22.6962
      26      22.3581
      27      22.3246
      28      23.2295
      29      24.7938
      30      25.5828
      31      25.0887
      32      24.1117
      33      24.7671
      34      24.2605
      35      24.2452
      36      25.0157
      37      25.6255
      38      24.3058
      39      24.3964
      40      24.0866
      41      24.2978
      42      23.9628
      43      23.5799
      44      23.6248
      45      24.0822
      46      24.6016
      47      24.6424
      48      25.1054
      49      24.0303
      50      23.2059
      51      24.2317
      52      23.8790
      53      25.3711
      54      24.6685
      55      24.2716
      56      24.8745
      57      25.8106
      58      23.3940
      59      24.0762
      60      24.3385
      61      23.7413
      62      23.6906
      63      24.5475
      64      24.4991
      65      24.5733
      66      24.9700
      67      24.4408
      68      25.2584
      69      24.9012
      70      24.7680
      71      25.5027
      72      26.0906
      73      25.7918
      74      25.4183
      75      23.9385
      76      25.2127
      77      24.2461
      78      25.4334
      79      24.2741
      80      23.5885
      81      24.6006
      82      24.2495
      83      25.9616
      84      26.0338
      85      25.6610
      86      24.6493
      87      25.9503
      88      26.5152
      89      27.0570
      90      27.1955
      91      28.3734
      92      28.2237
      93      25.9095
      94      26.2638
      95      24.5575
      96      26.0423
      97      26.2632
      98      25.0596
      99      24.4902
     100      25.1086
     101      25.4377
     102      23.7458
     103      24.5176
     104      25.3895
     105      25.7890
     106      23.9624
     107      25.1206
     108      24.4835
     109      22.9060
     110      23.0179
     111      24.8701
     112      24.9070
     113      24.5657
     114      25.3645
     115      25.2569
     116      26.4003
     117      25.1838
     118      24.2031
     119      24.4555
     120      23.4458
     121      22.7245
     122      23.0905
     123      22.9507
     124      23.9924
     125      22.7071
     126      23.4174
     127      22.6085
     128      22.7565
     129      24.8706
     130      26.1612
     131      26.9896
     132      25.9616
     133      26.1491
     134      26.5111
     135      26.2954
     136      25.7373
     137      26.2641
     138      26.0451
     139      24.5417
     140      25.4067
     141      25.5548
     142      25.5079
     143      24.7381
     144      25.4006
     145      24.9835
     146      25.2101
     147      24.0854
     148      24.2051
     149      24.1592
     150      24.5619
     151      25.1205
     152      24.3418
     153      24.4756
     154      27.2780
     155      27.0355
     156      26.8316
     157      26.8100
     158      27.0568
     159      26.4033
     160      26.1763
     161      26.7569
     162      25.1673
     163      24.1015
     164      25.3576
     165      24.4182
     166      23.8201
     167      24.7071
     168      27.0117
     169      25.6759
     170      26.3299
     171      25.9561
     172      25.1955
     173      26.3134
     174      25.8618
     175      24.9137
     176      25.0239
     177      25.1407
     178      24.0099
     179      24.0477
     180      25.0674
     181      25.0687
     182      25.3449
     183      24.7492
     184      23.5088
     185      25.0435
     186      26.4908
     187      24.9715
     188      24.0675
     189      25.4064
     190      23.4993
     191      24.4294
     192      24.8556
     193      25.5736
     194      27.6052
     195      27.2158
     196      26.7167
     197      27.7088
     198      27.7242
     199      28.4948
     200      29.0443
     201      28.7175
     202      29.1505
     203      26.8196
     204      26.6608
     205      28.5996
     206      26.9973
     207      28.4779
     208      27.8676
     209      27.5112
     210      28.7239
     211      28.9137
     212      28.4933
     213      28.6130
     214      27.8635
     215      26.4371
     216      27.5547
     217      27.3438
     218      25.8485
     219      24.0093
     220      25.8848
     221      26.3240
     222      27.2966
     223      27.3908
     224      29.3232
     225      28.1778
     226      27.7434
     227      29.3610
     228      26.3068
     229      26.6701
     230      26.8289
     231      26.2134
     232      26.7315
     233      27.4335
     234      27.2278
     235      25.9503
     236      27.9520
     237      27.8778
     238      27.4981
     239      25.9213
     240      27.4060
     241      24.8341
     242      25.5225
     243      25.5360
     244      25.7171
     245      27.1118
     246      27.0405
     247      27.2924
     248      30.2273
     249      30.1329
     250      29.1304
     251      27.8208
     252      28.1097
     253      29.4432
     254      28.8221
     255      28.8047
     256      29.1864
     257      28.8056
     258      28.6060
     259      26.6184
     260      28.9551
     261      27.1292
     262      27.4779
     263      28.7716
     264      28.0018
     265      28.9066
     266      28.7703
     267      28.4752
     268      28.6245
     269      28.9661
     270      27.7713
     271      27.7885
     272      26.6180
     273      27.5410
     274      27.6667
     275      28.0293
     276      27.9410
     277      27.2164
     278      27.6417
     279      27.2229
     280      27.9318
     281      28.8403
     282      27.5573
     283      29.0801
     284      29.5283
     285      28.3414
     286      29.5456
     287      27.9445
     288      28.0226
     289      27.8248
     290      29.4212
     291      28.8205
     292      28.8048
     293      28.3261
     294      27.5656
     295      28.2090
     296      28.8770
     297      28.9857
     298      26.5235
     299      27.9177
     300      28.3048
     301      29.2740
     302      28.3019
     303      29.1068
     304      29.3587
     305      28.1556
     306      28.4870
     307      26.7004
     308      28.9091
     309      29.3359
     310      28.9500
     311      29.2240
     312      28.5811
     313      28.4363
     314      27.9102
     315      28.3584
     316      28.5891
     317      28.2349
     318      29.2029
     319      29.0141
     320      28.5018
     321      28.5840
     322      30.0371
     323      29.5207
     324      28.8269
     325      29.2253
     326      29.0557
     327      28.4594
     328      27.1190
     329      27.9533
     330      27.6391
     331      28.8873
     332      29.0149
     333      28.2797
     334      27.6726
     335      27.6637
     336      28.0428
     337      28.5935
     338      28.8055
     339      28.5544
     340      27.9878
     341      27.1420
     342      27.6322
     343      27.9768
     344      28.5791
     345      28.4422
     346      28.9736
     347      26.3153
     348      27.8316
     349      27.3522
     350      28.5094
     351      26.4619
     352      27.4838
     353      25.2138
     354      26.3120
     355      26.3836
     356      27.2525
     357      26.7306
     358      27.2919
     359      27.3351
     360      26.6034
     361      27.2784
     362      28.1018
     363      28.0564
     364      27.7873
     365      27.9824
     366      26.9271
     367      26.7316
     368      25.8766
     369      27.6789
     370      29.3183
     371      28.6536
     372      29.2061
     373      26.5854
     374      25.8647
     375      25.7798
     376      26.4485
     377      27.2518
     378      27.9453
     379      26.7628
     380      26.6334
     381      28.4381
     382      27.7559
     383      27.6101
     384      28.0286
     385      27.2528
     386      28.6326
     387      29.4535
     388      29.8452
     389      29.7168
     390      28.9038
     391      28.8166
     392      27.7908
     393      28.2136
     394      28.5516
     395      29.1659
     396      28.4705
     397      28.6005
     398      29.0761
     399      28.3552
     400      28.0478
