#Frame           gap6
       1      28.3569
       2      25.7596
       3      25.0497
       4      25.3091
       5      25.9798
       6      24.8794
       7      25.5500
       8      25.0007
       9      25.5415
      10      26.2557
      11      28.0988
      12      30.8635
      13      29.1143
      14      29.3773
      15      29.5928
      16      30.9287
      17      29.7452
      18      30.0393
      19      27.9987
      20      25.8910
      21      28.5683
      22      26.7812
      23      26.0390
      24      26.2683
      25      26.6274
      26      27.6961
      27      27.8241
      28      26.9793
      29      25.5518
      30      25.6608
      31      25.6216
      32      26.0658
      33      26.0079
      34      25.1115
      35      26.1576
      36      26.4041
      37      26.4126
      38      25.2200
      39      26.0314
      40      27.0202
      41      24.6721
      42      27.2640
      43      27.2717
      44      25.2919
      45      27.4094
      46      26.6263
      47      24.8918
      48      27.2491
      49      26.3213
      50      25.7945
      51      26.4778
      52      26.4906
      53      24.8466
      54      26.0393
      55      26.2289
      56      26.4173
      57      25.7920
      58      24.7471
      59      26.9451
      60      28.2068
      61      25.2434
      62      24.1637
      63      25.3142
      64      26.8770
      65      25.3205
      66      26.6868
      67      25.3973
      68      25.8796
      69      25.9806
      70      24.5403
      71      24.0408
      72      24.9700
      73      25.2834
      74      25.0433
      75      25.9787
      76      26.4706
      77      25.5352
      78      25.2756
      79      26.8561
      80      27.3732
      81      24.4092
      82      26.3501
      83      25.9583
      84      25.6478
      85      27.3703
      86      26.3137
      87      22.7954
      88      23.9249
      89      25.5004
      90      24.9684
      91      24.5750
      92      25.2205
      93      22.5747
      94      25.6554
      95      25.9849
      96      25.1059
      97      25.8796
      98      26.6135
      99      26.8834
     100      24.8968
     101      24.4172
     102      27.3539
     103      27.6421
     104      25.2921
     105      26.2529
     106      26.5015
     107      26.9316
     108      25.3195
     109      27.4743
     110      27.7702
     111      25.8189
     112      27.1647
     113      25.3755
     114      24.3192
     115      25.9204
     116      26.9419
     117      25.7618
     118      26.0120
     119      26.2155
     120      25.7356
     121      26.3760
     122      28.0154
     123      25.9449
     124      25.8277
     125      27.2671
     126      25.1265
     127      25.2193
     128      26.0693
     129      27.8832
     130      29.7436
     131      26.0524
     132      27.1936
     133      25.5912
     134      25.6995
     135      27.8005
     136      26.6932
     137      26.4414
     138      27.4551
     139      29.9515
     140      29.9515
     141      25.0871
     142      25.8516
     143      25.6618
     144      25.8004
     145      24.7061
     146      26.2811
     147      25.4107
     148      27.8330
     149      28.5422
     150      27.6965
     151      26.4198
     152      25.2571
     153      27.0516
     154      27.5608
     155      24.7029
     156      25.2525
     157      25.8386
     158      26.5397
     159      25.9484
     160      24.4628
     161      25.5997
     162      26.1068
     163      25.4126
     164      26.5326
     165      25.7830
     166      25.3447
     167      26.2793
     168      25.1934
     169      24.0902
     170      25.8624
     171      26.4350
     172      25.1971
     173      26.8981
     174      28.9216
     175      26.7584
     176      27.8725
     177      26.7480
     178      25.8801
     179      27.6314
     180      26.7400
     181      29.3929
     182      25.7003
     183      27.7731
     184      25.3291
     185      26.9087
     186      28.5862
     187      27.8139
     188      25.4971
     189      26.9409
     190      25.9984
     191      27.1254
     192      27.0249
     193      26.2122
     194      27.8960
     195      25.0505
     196      28.3126
     197      26.6771
     198      26.4480
     199      27.1797
     200      26.8764
     201      27.8604
     202      25.7293
     203      27.1363
     204      25.4566
     205      26.2091
     206      27.3627
     207      27.3119
     208      28.1636
     209      28.9610
     210      26.9350
     211      27.4109
     212      26.7264
     213      27.4909
     214      26.3004
     215      26.4663
     216      26.0547
     217      27.0036
     218      25.9880
     219      26.9974
     220      25.3057
     221      27.6772
     222      26.0266
     223      24.5556
     224      27.3755
     225      28.5982
     226      25.8420
     227      26.1771
     228      27.0409
     229      28.1622
     230      27.0219
     231      28.3324
     232      28.7393
     233      28.0673
     234      28.7445
     235      28.5466
     236      27.0405
     237      25.0299
     238      26.8815
     239      29.5344
     240      26.9888
     241      26.7302
     242      26.8157
     243      27.1420
     244      27.8690
     245      29.5464
     246      29.8200
     247      27.0861
     248      27.4360
     249      27.8039
     250      26.1100
     251      28.3401
     252      28.2002
     253      26.9250
     254      27.1810
     255      30.8075
     256      27.3566
     257      27.4855
     258      27.1043
     259      28.3525
     260      27.7456
     261      27.9454
     262      29.6789
     263      27.8322
     264      28.5040
     265      28.8069
     266      27.4961
     267      29.7171
     268      27.7152
     269      26.7965
     270      25.5503
     271      24.6134
     272      24.1997
     273      24.7120
     274      28.9612
     275      27.2492
     276      25.2603
     277      29.5494
     278      29.4746
     279      30.0481
     280      28.4696
     281      28.1817
     282      26.9939
     283      29.4425
     284      25.5667
     285      27.6747
     286      27.8639
     287      27.2513
     288      27.6699
     289      25.6509
     290      27.2603
     291      26.5860
     292      25.3649
     293      27.6698
     294      27.3809
     295      28.1406
     296      29.2672
     297      29.2024
     298      26.8688
     299      28.2887
     300      29.1834
     301      30.6770
     302      27.6089
     303      29.3188
     304      27.2632
     305      26.1240
     306      25.8660
     307      26.2207
     308      27.1119
     309      26.3285
     310      23.9941
     311      25.4195
     312      23.9006
     313      25.5249
     314      27.4309
     315      25.5301
     316      26.3498
     317      26.5273
     318      27.2148
     319      30.7318
     320      30.0394
     321      29.1608
     322      29.2500
     323      28.4633
     324      31.1883
     325      30.3542
     326      31.4309
     327      30.2352
     328      29.0270
     329      26.7735
     330      28.4648
     331      30.6871
     332      28.8732
     333      30.0578
     334      30.0341
     335      30.4734
     336      28.0707
     337      27.0293
     338      30.0143
     339      28.9314
     340      30.5329
     341      29.6023
     342      29.8070
     343      28.8762
     344      31.5171
     345      28.6973
     346      27.3520
     347      26.0084
     348      25.7977
     349      27.7403
     350      27.8471
     351      27.6677
     352      27.1904
     353      28.8598
     354      27.6773
     355      28.8048
     356      27.4499
     357      28.7077
     358      26.8290
     359      27.6809
     360      27.1536
     361      30.2352
     362      27.4057
     363      26.0577
     364      26.9553
     365      28.6923
     366      28.2863
     367      29.0941
     368      26.4268
     369      26.4989
     370      29.0350
     371      25.4287
     372      27.5506
     373      29.0253
     374      26.9429
     375      30.0364
     376      28.0401
     377      28.7476
     378      31.4495
     379      31.7924
     380      28.2881
     381      28.9976
     382      27.3072
     383      24.1818
     384      25.3886
     385      27.3304
     386      26.1800
     387      25.6481
     388      27.1674
     389      27.3933
     390      26.1998
     391      28.1315
     392      28.1341
     393      28.3445
     394      26.0861
     395      26.5875
     396      29.5371
     397      28.0466
     398      26.7735
     399      26.8856
     400      28.1435
