#Frame           gap2
       1      26.4339
       2      28.2519
       3      29.0543
       4      26.5967
       5      25.8792
       6      25.4960
       7      26.6624
       8      25.3311
       9      27.3549
      10      27.2583
      11      25.5056
      12      28.1270
      13      28.5478
      14      27.1316
      15      27.6882
      16      28.6549
      17      28.6207
      18      29.0985
      19      27.4839
      20      26.0618
      21      26.6519
      22      27.7639
      23      25.5923
      24      29.4935
      25      27.3105
      26      25.5094
      27      26.4080
      28      29.0317
      29      26.9636
      30      29.9266
      31      28.5927
      32      29.9441
      33      29.5233
      34      28.9694
      35      26.0283
      36      26.0456
      37      25.1696
      38      26.0378
      39      27.9577
      40      24.8642
      41      27.4264
      42      26.5799
      43      26.8011
      44      27.2795
      45      25.0083
      46      27.0400
      47      26.1127
      48      25.0692
      49      26.0770
      50      25.0387
      51      26.2332
      52      27.9539
      53      27.0805
      54      25.9832
      55      26.7077
      56      26.2765
      57      28.4710
      58      26.0860
      59      27.1793
      60      27.1944
      61      27.5140
      62      26.0803
      63      23.4269
      64      25.5606
      65      25.3933
      66      25.5240
      67      23.7187
      68      24.5414
      69      23.7276
      70      25.6072
      71      25.8021
      72      25.7812
      73      26.9026
      74      26.6387
      75      25.9508
      76      25.3861
      77      26.5977
      78      27.2274
      79      26.9112
      80      26.8987
      81      28.6307
      82      27.5969
      83      29.3515
      84      26.4555
      85      27.0538
      86      27.7195
      87      26.7782
      88      26.2167
      89      24.9899
      90      26.2339
      91      25.0393
      92      27.3028
      93      26.1712
      94      25.5532
      95      23.4518
      96      23.1418
      97      25.4737
      98      24.8413
      99      25.8370
     100      24.1691
     101      24.3893
     102      23.8849
     103      26.9671
     104      25.6572
     105      26.1893
     106      27.4136
     107      25.2871
     108      25.9267
     109      25.6480
     110      25.3667
     111      26.0545
     112      26.9155
     113      26.2386
     114      26.7808
     115      27.8224
     116      26.4002
     117      28.4624
     118      27.2965
     119      25.3046
     120      27.3616
     121      25.2316
     122      26.5097
     123      23.7613
     124      24.6113
     125      24.1584
     126      24.1651
     127      23.3262
     128      24.0116
     129      23.9628
     130      24.3356
     131      24.3396
     132      25.0990
     133      25.1102
     134      26.9249
     135      28.4251
     136      26.1474
     137      25.9254
     138      24.5366
     139      25.6560
     140      26.2042
     141      24.6335
     142      25.3390
     143      25.9496
     144      25.5520
     145      24.2566
     146      23.4315
     147      24.0356
     148      24.4073
     149      23.3757
     150      22.4727
     151      22.9241
     152      26.4064
     153      24.0215
     154      24.7435
     155      27.7087
     156      25.6797
     157      25.9887
     158      27.7130
     159      26.4769
     160      26.6931
     161      25.3232
     162      23.4050
     163      24.8035
     164      24.4427
     165      24.9099
     166      25.2090
     167      26.3014
     168      26.9136
     169      25.0052
     170      27.2134
     171      26.8817
     172      26.1071
     173      26.9780
     174      24.4408
     175      23.9055
     176      25.1124
     177      24.5882
     178      25.8480
     179      26.4246
     180      24.7099
     181      23.7389
     182      24.1152
     183      24.0181
     184      27.4313
     185      26.6096
     186      25.0138
     187      23.1671
     188      24.8696
     189      24.4820
     190      24.2291
     191      24.9269
     192      25.0165
     193      25.8754
     194      27.1661
     195      25.0068
     196      25.3196
     197      24.9681
     198      24.6015
     199      24.7808
     200      23.5294
     201      25.0579
     202      23.9198
     203      25.3481
     204      25.9903
     205      25.5096
     206      23.4673
     207      24.7619
     208      25.7077
     209      24.0384
     210      23.9468
     211      25.5072
     212      24.9063
     213      24.6425
     214      23.6406
     215      25.2667
     216      24.2396
     217      26.9616
     218      25.7394
     219      23.7182
     220      25.0243
     221      25.4373
     222      25.9044
     223      24.8094
     224      26.7800
     225      26.0026
     226      26.9779
     227      27.7095
     228      27.2841
     229      23.3909
     230      25.2350
     231      25.7828
     232      28.1201
     233      23.2459
     234      27.3177
     235      27.5044
     236      27.7503
     237      25.0555
     238      28.2142
     239      25.9807
     240      26.1359
     241      26.2821
     242      25.7456
     243      24.7628
     244      25.2004
     245      25.2084
     246      26.4961
     247      25.0120
     248      26.7443
     249      26.1421
     250      28.6240
     251      28.2192
     252      25.4856
     253      24.8726
     254      25.6054
     255      26.0792
     256      28.4186
     257      27.9735
     258      26.4239
     259      27.2808
     260      25.4579
     261      27.2499
     262      26.0907
     263      25.2622
     264      26.1587
     265      25.5541
     266      25.5430
     267      24.3687
     268      24.9254
     269      26.1516
     270      26.6523
     271      27.5917
     272      25.4174
     273      25.5598
     274      25.8280
     275      24.9776
     276      25.3011
     277      26.8667
     278      26.1436
     279      25.9696
     280      25.3988
     281      27.2225
     282      28.0711
     283      27.2721
     284      26.2868
     285      27.0637
     286      25.8430
     287      24.6794
     288      25.7462
     289      29.1424
     290      26.9146
     291      26.9684
     292      24.2345
     293      24.7797
     294      22.6360
     295      24.5242
     296      24.7259
     297      25.3788
     298      26.4756
     299      25.6334
     300      26.5997
     301      25.1018
     302      24.4077
     303      25.5849
     304      24.4607
     305      25.4557
     306      25.6954
     307      28.3836
     308      26.1700
     309      27.3976
     310      27.5791
     311      25.5332
     312      27.3358
     313      26.4736
     314      24.8070
     315      27.0683
     316      25.3868
     317      25.3882
     318      27.0258
     319      25.1367
     320      25.8158
     321      29.2539
     322      27.5480
     323      26.9646
     324      25.2576
     325      26.5340
     326      27.0089
     327      25.9022
     328      26.6671
     329      26.7310
     330      27.0388
     331      24.4428
     332      24.6316
     333      24.4702
     334      24.7439
     335      24.4634
     336      22.5991
     337      23.4437
     338      25.4313
     339      24.4349
     340      22.9037
     341      24.8275
     342      26.1456
     343      26.3973
     344      23.8311
     345      24.2726
     346      24.6171
     347      23.3216
     348      23.6599
     349      23.2591
     350      23.5568
     351      23.5035
     352      26.9032
     353      24.7819
     354      25.4340
     355      22.9269
     356      24.0503
     357      24.7538
     358      25.2596
     359      24.7321
     360      25.9352
     361      24.2316
     362      25.6824
     363      25.1494
     364      24.2398
     365      25.3359
     366      26.9552
     367      25.7502
     368      25.0200
     369      26.4306
     370      24.7390
     371      25.6957
     372      26.4061
     373      24.5767
     374      24.3288
     375      23.9927
     376      24.6107
     377      24.0489
     378      23.6396
     379      26.0054
     380      24.1753
     381      26.2278
     382      25.4860
     383      24.8570
     384      25.9762
     385      22.9267
     386      23.0154
     387      22.9059
     388      23.3216
     389      23.7917
     390      24.8128
     391      24.8772
     392      24.9131
     393      24.4158
     394      22.9379
     395      25.1306
     396      24.7592
     397      25.4253
     398      24.4559
     399      23.6595
     400      26.4761
