#Frame           gap2
       1      26.1245
       2      25.4185
       3      25.7181
       4      25.7649
       5      25.9357
       6      24.9732
       7      22.1754
       8      23.4486
       9      24.3994
      10      25.6352
      11      26.3458
      12      26.8191
      13      27.9778
      14      24.5049
      15      23.9480
      16      24.7494
      17      25.1987
      18      23.2322
      19      21.8927
      20      23.9312
      21      25.2189
      22      23.4356
      23      25.0820
      24      25.8963
      25      24.2813
      26      24.6398
      27      24.4518
      28      25.4476
      29      24.4515
      30      24.7380
      31      23.9810
      32      23.5579
      33      23.8064
      34      24.9624
      35      25.8770
      36      24.4297
      37      27.0847
      38      24.3795
      39      24.4419
      40      23.6732
      41      23.5937
      42      25.5637
      43      26.7286
      44      26.7793
      45      26.0454
      46      25.2801
      47      25.6709
      48      22.7475
      49      23.8058
      50      26.4083
      51      25.9257
      52      25.5433
      53      24.9123
      54      24.7752
      55      24.1006
      56      24.9090
      57      28.1850
      58      25.8881
      59      25.9923
      60      26.5225
      61      25.7420
      62      27.8830
      63      26.1021
      64      24.1788
      65      26.4234
      66      24.8350
      67      25.8821
      68      26.0254
      69      25.6253
      70      25.2766
      71      23.7501
      72      24.9732
      73      24.8236
      74      26.1374
      75      25.5394
      76      26.1207
      77      24.7089
      78      25.0404
      79      26.1736
      80      26.3475
      81      27.7045
      82      25.6244
      83      26.8117
      84      24.7098
      85      25.2923
      86      26.3024
      87      24.7621
      88      25.4969
      89      27.2893
      90      25.8364
      91      27.2812
      92      25.2556
      93      27.7167
      94      25.8298
      95      24.9730
      96      25.4708
      97      26.2792
      98      26.1154
      99      24.4200
     100      27.1804
     101      25.8555
     102      24.4758
     103      25.5590
     104      24.9629
     105      24.0383
     106      28.4122
     107      25.1763
     108      25.7622
     109      25.3824
     110      26.0067
     111      26.4901
     112      26.5616
     113      25.6811
     114      26.0039
     115      26.6196
     116      24.6026
     117      23.4056
     118      23.9137
     119      25.4667
     120      25.2439
     121      27.7389
     122      26.6156
     123      24.6135
     124      26.5461
     125      26.0360
     126      27.0028
     127      27.7854
     128      24.6257
     129      27.6458
     130      25.8799
     131      25.0853
     132      26.0635
     133      26.1567
     134      23.8326
     135      25.3027
     136      26.0511
     137      27.6729
     138      27.3911
     139      27.7720
     140      26.8369
     141      26.9150
     142      25.9873
     143      24.7069
     144      24.1660
     145      26.5630
     146      26.0088
     147      24.5069
     148      24.3127
     149      25.2578
     150      26.3932
     151      25.3709
     152      25.2526
     153      26.1406
     154      25.2668
     155      25.0481
     156      24.8457
     157      25.4087
     158      26.3883
     159      25.9133
     160      26.1418
     161      24.0910
     162      23.5063
     163      25.6317
     164      27.0238
     165      24.6803
     166      26.2410
     167      24.5292
     168      26.7591
     169      23.2761
     170      24.0130
     171      26.3706
     172      25.0674
     173      25.1126
     174      24.2006
     175      26.4404
     176      26.9161
     177      25.7251
     178      24.0426
     179      24.2789
     180      23.0344
     181      23.6587
     182      24.5659
     183      25.8808
     184      25.2358
     185      26.1514
     186      25.9194
     187      25.5309
     188      26.1825
     189      25.5273
     190      26.4449
     191      27.3080
     192      25.4789
     193      24.3915
     194      26.0622
     195      27.0730
     196      26.4097
     197      26.3889
     198      26.6915
     199      26.3422
     200      26.7194
     201      27.1568
     202      25.9939
     203      26.0976
     204      26.7898
     205      26.5488
     206      25.1492
     207      24.7280
     208      24.7788
     209      24.0901
     210      27.5519
     211      25.3805
     212      26.5621
     213      25.9927
     214      24.9308
     215      26.0096
     216      24.5938
     217      21.7522
     218      24.4003
     219      25.5919
     220      25.7025
     221      24.5649
     222      26.0423
     223      25.1487
     224      23.9508
     225      25.6967
     226      24.4013
     227      25.1991
     228      26.8375
     229      24.2880
     230      24.9029
     231      23.6922
     232      25.5627
     233      25.4971
     234      24.6660
     235      27.0304
     236      26.2239
     237      26.2379
     238      25.7955
     239      27.6289
     240      25.6612
     241      26.4841
     242      25.1975
     243      24.6245
     244      25.4341
     245      25.7111
     246      25.1961
     247      27.1354
     248      25.7101
     249      25.8441
     250      25.1018
     251      24.3424
     252      25.7899
     253      25.2130
     254      25.3435
     255      28.7421
     256      25.6272
     257      24.7977
     258      25.3804
     259      25.7504
     260      24.5524
     261      24.5927
     262      24.9398
     263      26.7178
     264      24.0604
     265      25.2608
     266      25.0683
     267      24.0216
     268      23.8886
     269      26.3442
     270      24.0098
     271      25.7304
     272      26.9392
     273      25.5278
     274      25.1968
     275      27.0713
     276      26.0099
     277      26.8834
     278      26.4125
     279      23.9957
     280      24.2148
     281      25.3252
     282      24.9525
     283      25.0248
     284      25.5546
     285      25.1257
     286      24.9893
     287      24.2981
     288      25.8317
     289      25.4185
     290      24.7086
     291      25.5430
     292      26.4054
     293      26.4226
     294      26.7860
     295      26.3852
     296      24.5473
     297      25.1915
     298      24.3622
     299      25.4096
     300      24.9200
     301      25.1091
     302      24.4506
     303      24.9309
     304      26.8973
     305      24.3555
     306      25.1881
     307      23.9632
     308      24.7268
     309      26.4609
     310      27.1491
     311      25.8890
     312      25.2393
     313      24.5681
     314      25.0852
     315      24.3866
     316      23.7971
     317      24.4339
     318      27.6805
     319      26.7240
     320      28.3700
     321      26.3144
     322      26.6533
     323      26.1979
     324      27.2397
     325      25.5464
     326      25.7847
     327      24.5443
     328      25.5522
     329      24.5105
     330      27.0347
     331      25.8310
     332      25.4762
     333      24.7805
     334      25.2843
     335      24.4109
     336      24.1883
     337      24.5066
     338      27.2448
     339      27.2194
     340      27.1895
     341      24.1166
     342      26.3952
     343      27.1405
     344      24.4291
     345      25.1075
     346      24.1028
     347      24.7826
     348      25.5736
     349      25.8133
     350      26.3210
     351      26.1743
     352      26.8595
     353      25.0754
     354      23.7202
     355      23.0539
     356      24.3089
     357      24.0682
     358      22.6977
     359      23.8452
     360      23.7898
     361      23.9852
     362      25.1640
     363      26.1492
     364      25.5434
     365      25.8017
     366      26.9690
     367      24.5799
     368      26.7713
     369      26.9914
     370      25.3497
     371      27.6873
     372      26.0822
     373      27.5813
     374      26.4141
     375      26.6236
     376      27.0099
     377      25.5402
     378      26.5167
     379      27.0309
     380      28.8925
     381      25.5289
     382      25.0004
     383      25.6713
     384      25.9999
     385      27.6314
     386      29.1557
     387      27.0670
     388      26.8150
     389      26.5202
     390      26.0981
     391      25.6473
     392      23.7636
     393      22.9910
     394      24.2767
     395      25.7777
     396      24.8160
     397      26.9754
     398      27.5564
     399      26.8292
     400      27.5161
