#Frame           gap3
       1      27.6092
       2      28.2137
       3      26.3015
       4      24.9906
       5      26.5840
       6      27.6543
       7      29.4017
       8      28.5267
       9      28.6058
      10      27.9317
      11      27.4750
      12      26.3170
      13      27.6843
      14      27.0874
      15      26.6332
      16      25.2934
      17      25.7401
      18      26.4353
      19      26.5615
      20      27.3899
      21      26.3495
      22      27.1221
      23      28.7628
      24      29.1987
      25      27.5565
      26      27.5049
      27      27.8675
      28      28.2171
      29      29.2657
      30      30.8227
      31      26.3575
      32      26.5546
      33      25.8794
      34      30.0174
      35      28.6356
      36      27.4664
      37      30.7578
      38      27.5002
      39      28.1852
      40      26.3579
      41      27.5439
      42      27.5041
      43      26.0726
      44      28.5932
      45      26.8308
      46      28.4012
      47      27.6462
      48      28.5252
      49      30.0336
      50      29.6450
      51      28.2277
      52      28.1662
      53      32.2708
      54      28.7049
      55      27.5262
      56      29.5985
      57      28.9234
      58      31.0075
      59      28.1586
      60      29.3265
      61      27.8948
      62      26.6584
      63      27.6807
      64      26.0836
      65      27.2524
      66      26.9544
      67      27.8405
      68      27.0898
      69      27.5279
      70      25.6391
      71      28.6091
      72      29.9860
      73      30.0341
      74      27.4952
      75      29.5666
      76      31.1383
      77      30.0892
      78      31.8814
      79      32.0190
      80      30.0688
      81      28.2316
      82      28.3005
      83      27.2785
      84      27.7968
      85      28.7994
      86      29.2520
      87      31.7906
      88      31.3107
      89      31.3071
      90      29.5578
      91      28.8823
      92      29.1158
      93      30.8472
      94      29.7207
      95      29.4034
      96      27.0060
      97      28.5378
      98      27.7284
      99      27.0675
     100      27.2980
     101      27.1255
     102      26.8073
     103      28.0563
     104      29.8632
     105      29.4637
     106      28.3193
     107      28.5155
     108      28.6549
     109      28.3349
     110      27.3094
     111      29.8967
     112      28.8704
     113      27.7201
     114      28.9369
     115      26.7211
     116      26.8262
     117      26.8245
     118      28.8627
     119      30.3665
     120      28.4562
     121      28.2647
     122      27.3310
     123      28.4692
     124      28.1303
     125      29.6350
     126      29.3931
     127      29.1998
     128      29.6450
     129      28.9103
     130      30.6171
     131      28.7520
     132      29.3221
     133      29.5204
     134      26.9097
     135      28.0163
     136      28.4823
     137      27.3054
     138      27.0058
     139      25.8828
     140      27.7999
     141      27.9624
     142      28.0236
     143      26.5651
     144      28.3484
     145      28.9937
     146      27.3572
     147      28.4890
     148      28.2478
     149      27.4089
     150      27.7887
     151      26.9240
     152      27.2553
     153      28.4678
     154      26.4519
     155      26.9355
     156      29.1771
     157      29.0702
     158      28.6098
     159      30.1659
     160      28.2632
     161      25.7759
     162      26.4611
     163      27.4039
     164      28.2003
     165      26.7013
     166      31.2399
     167      28.8351
     168      27.8748
     169      26.7041
     170      29.1798
     171      27.2672
     172      27.2762
     173      28.5105
     174      28.8617
     175      29.0986
     176      26.8046
     177      28.0649
     178      28.1447
     179      28.5955
     180      27.4117
     181      29.0763
     182      28.3143
     183      30.3895
     184      28.5530
     185      31.5660
     186      33.6968
     187      31.6578
     188      29.6033
     189      30.2370
     190      29.7487
     191      30.9358
     192      30.5800
     193      27.3616
     194      27.5534
     195      27.0684
     196      28.0821
     197      27.8836
     198      28.3900
     199      28.1495
     200      28.2896
     201      30.6594
     202      29.5504
     203      28.4214
     204      25.8829
     205      25.0917
     206      25.5573
     207      28.4023
     208      26.0547
     209      26.9421
     210      29.3663
     211      29.9840
     212      28.2213
     213      31.6658
     214      30.7413
     215      29.1866
     216      30.2464
     217      30.5819
     218      30.6896
     219      26.3984
     220      28.0468
     221      29.4310
     222      29.4318
     223      30.5382
     224      28.2596
     225      27.0173
     226      28.1215
     227      27.2424
     228      28.9571
     229      29.9053
     230      27.2494
     231      29.4419
     232      29.6945
     233      29.2077
     234      27.9483
     235      27.1065
     236      29.6847
     237      30.8545
     238      29.2166
     239      26.8161
     240      28.5994
     241      28.1871
     242      29.8439
     243      28.3887
     244      30.0743
     245      30.3330
     246      30.9571
     247      30.9577
     248      31.6228
     249      31.7564
     250      30.6284
     251      28.9908
     252      29.2208
     253      32.1351
     254      31.8392
     255      32.4052
     256      29.7896
     257      29.9649
     258      29.0257
     259      27.3400
     260      28.3445
     261      30.3920
     262      28.0474
     263      27.5091
     264      28.2346
     265      31.8975
     266      32.1696
     267      29.2693
     268      28.4256
     269      28.8149
     270      28.1820
     271      28.3532
     272      29.2048
     273      30.2036
     274      31.0195
     275      31.5805
     276      31.3148
     277      31.6886
     278      28.7508
     279      29.7297
     280      29.9206
     281      29.3396
     282      28.3464
     283      28.9730
     284      28.5048
     285      29.4652
     286      30.4095
     287      30.4044
     288      32.0661
     289      32.8894
     290      31.3228
     291      30.2775
     292      31.2082
     293      30.1264
     294      30.2283
     295      31.4511
     296      33.1143
     297      30.2349
     298      30.8148
     299      30.7605
     300      30.0452
     301      31.9494
     302      33.5502
     303      29.9507
     304      30.6247
     305      30.5037
     306      29.7684
     307      29.9643
     308      28.6509
     309      28.5519
     310      28.5322
     311      28.8023
     312      30.6506
     313      30.7124
     314      31.0554
     315      31.3875
     316      29.1090
     317      28.3989
     318      26.4554
     319      26.9881
     320      30.1285
     321      30.4610
     322      30.0733
     323      30.6717
     324      31.4308
     325      28.9698
     326      27.4147
     327      29.1004
     328      29.2424
     329      29.5940
     330      30.9599
     331      29.3391
     332      28.6854
     333      29.2486
     334      29.7694
     335      29.5358
     336      28.4989
     337      27.2587
     338      28.7430
     339      28.3883
     340      29.0206
     341      29.6820
     342      31.1038
     343      30.5720
     344      28.6633
     345      28.7842
     346      29.7687
     347      28.3971
     348      26.8111
     349      29.5272
     350      28.8912
     351      29.0653
     352      30.1177
     353      29.5777
     354      28.6374
     355      30.3973
     356      29.7468
     357      27.7706
     358      27.7951
     359      29.8064
     360      30.7065
     361      30.5104
     362      29.8530
     363      28.0903
     364      29.4575
     365      29.0912
     366      28.9818
     367      28.4498
     368      29.3862
     369      28.9043
     370      27.9474
     371      28.3134
     372      27.7925
     373      28.2782
     374      28.2255
     375      28.0961
     376      28.9917
     377      28.4439
     378      26.9127
     379      27.9902
     380      28.5831
     381      29.0121
     382      30.3252
     383      28.0000
     384      27.7833
     385      28.8444
     386      30.2260
     387      27.8802
     388      29.0439
     389      27.9808
     390      23.6275
     391      26.1039
     392      25.7688
     393      23.4382
     394      24.3921
     395      25.4393
     396      26.3438
     397      26.8742
     398      27.6628
     399      25.3200
     400      27.3653
