#Frame           gap7
       1      24.4868
       2      22.5273
       3      23.0596
       4      23.1478
       5      22.6235
       6      22.6600
       7      23.0361
       8      22.9658
       9      22.7432
      10      22.1979
      11      23.3805
      12      23.1947
      13      23.0195
      14      22.7097
      15      22.4113
      16      22.5999
      17      23.1337
      18      23.5017
      19      23.5386
      20      23.5433
      21      23.4292
      22      23.4530
      23      23.9632
      24      23.1492
      25      23.2353
      26      22.8107
      27      23.5738
      28      23.1676
      29      23.0270
      30      22.5604
      31      21.8671
      32      23.0013
      33      22.7567
      34      22.9396
      35      22.5298
      36      23.3594
      37      23.4003
      38      22.3071
      39      22.6046
      40      22.4121
      41      22.6096
      42      22.3935
      43      22.8897
      44      22.8094
      45      22.9144
      46      23.3004
      47      22.3244
      48      23.2954
      49      22.7565
      50      23.1446
      51      23.6048
      52      22.8856
      53      22.2751
      54      22.9109
      55      23.0657
      56      23.9143
      57      22.7863
      58      23.4799
      59      22.7467
      60      22.9717
      61      23.1579
      62      23.1410
      63      23.3249
      64      23.0921
      65      23.0926
      66      22.6695
      67      23.2191
      68      22.4935
      69      23.2742
      70      22.6974
      71      23.1627
      72      22.6804
      73      22.8632
      74      22.7020
      75      23.2701
      76      22.6306
      77      23.1455
      78      23.5231
      79      23.2627
      80      23.4487
      81      23.5155
      82      22.4789
      83      23.4686
      84      23.0295
      85      23.6140
      86      22.8418
      87      21.9503
      88      22.6721
      89      22.3990
      90      23.2834
      91      22.9253
      92      22.0397
      93      23.2072
      94      23.4056
      95      23.7361
      96      22.9380
      97      22.7489
      98      22.2895
      99      22.6991
     100      22.7432
     101      22.4990
     102      23.2431
     103      22.2484
     104      23.3497
     105      22.7602
     106      23.0977
     107      22.4178
     108      22.5283
     109      22.7612
     110      23.1343
     111      22.7115
     112      21.9717
     113      22.2759
     114      22.5251
     115      22.8271
     116      23.3819
     117      22.6914
     118      22.5620
     119      22.6400
     120      22.8138
     121      23.4031
     122      22.5902
     123      23.2451
     124      23.7717
     125      22.8184
     126      23.2375
     127      22.9291
     128      22.8177
     129      22.6038
     130      23.0669
     131      22.0591
     132      22.3886
     133      22.5051
     134      23.8483
     135      23.1965
     136      24.4077
     137      23.3082
     138      23.9121
     139      23.2657
     140      22.6626
     141      23.0870
     142      23.3487
     143      22.6012
     144      22.9829
     145      22.7021
     146      23.3001
     147      22.2854
     148      23.3415
     149      22.2958
     150      22.9699
     151      23.3215
     152      22.8220
     153      23.2170
     154      23.4636
     155      22.7803
     156      23.8348
     157      23.2033
     158      22.6948
     159      22.7749
     160      23.9154
     161      24.1240
     162      24.0119
     163      23.4313
     164      23.6673
     165      23.1935
     166      23.7520
     167      23.2011
     168      22.9988
     169      24.0723
     170      23.3091
     171      23.8095
     172      24.3200
     173      24.1013
     174      22.9487
     175      23.9031
     176      23.5242
     177      23.8698
     178      23.1877
     179      23.1830
     180      22.7199
     181      22.7741
     182      22.5573
     183      22.7739
     184      22.6275
     185      23.6031
     186      23.3178
     187      22.8594
     188      23.6657
     189      23.0162
     190      23.2559
     191      23.3706
     192      23.8632
     193      23.8945
     194      23.2475
     195      23.2054
     196      23.4459
     197      23.5179
     198      23.1967
     199      23.0421
     200      23.4246
     201      23.0795
     202      23.8941
     203      22.4888
     204      23.7643
     205      22.9369
     206      23.4952
     207      22.7198
     208      24.0908
     209      23.4767
     210      23.0062
     211      23.6532
     212      22.4700
     213      23.4248
     214      22.6287
     215      22.6130
     216      22.7023
     217      22.1274
     218      23.8871
     219      23.8493
     220      23.4101
     221      24.4257
     222      24.0799
     223      23.7990
     224      23.7881
     225      23.6921
     226      23.2780
     227      23.9130
     228      24.2277
     229      23.8011
     230      23.2095
     231      24.5291
     232      24.4959
     233      24.6099
     234      23.6008
     235      24.0196
     236      24.7602
     237      24.3038
     238      23.9784
     239      24.4010
     240      24.8083
     241      24.1785
     242      24.2027
     243      24.9768
     244      23.8182
     245      24.5544
     246      24.6691
     247      24.2366
     248      24.7150
     249      24.2779
     250      23.9986
     251      24.3864
     252      24.5193
     253      25.0870
     254      24.9521
     255      23.8584
     256      23.4802
     257      24.2881
     258      24.0335
     259      23.6593
     260      24.2001
     261      24.3547
     262      25.3722
     263      24.3423
     264      25.0088
     265      24.7060
     266      24.4093
     267      24.4250
     268      24.2151
     269      24.6269
     270      24.1646
     271      24.7353
     272      24.1478
     273      24.4860
     274      24.1742
     275      25.1606
     276      24.5895
     277      24.2691
     278      24.5783
     279      24.8141
     280      25.3490
     281      24.5238
     282      24.2906
     283      25.1342
     284      24.3572
     285      23.9321
     286      24.6214
     287      24.2963
     288      24.3144
     289      25.0625
     290      24.2707
     291      23.4568
     292      24.6379
     293      24.8516
     294      24.8780
     295      24.3500
     296      24.7936
     297      23.7872
     298      25.0456
     299      24.2271
     300      24.1462
     301      25.1601
     302      24.0929
     303      24.6323
     304      25.7805
     305      24.1242
     306      24.6729
     307      24.2405
     308      24.3305
     309      25.8291
     310      25.6621
     311      24.8679
     312      24.7647
     313      24.0876
     314      25.0426
     315      24.6419
     316      24.3552
     317      24.5200
     318      25.0706
     319      24.4396
     320      25.0919
     321      24.4804
     322      24.0690
     323      24.5893
     324      23.8004
     325      24.7817
     326      24.8953
     327      24.8892
     328      24.9373
     329      24.7227
     330      25.0764
     331      24.8053
     332      24.3816
     333      23.9180
     334      24.2489
     335      24.7218
     336      24.3091
     337      23.9193
     338      24.4615
     339      23.9271
     340      24.9924
     341      24.4285
     342      24.9003
     343      24.2680
     344      24.6995
     345      24.4446
     346      23.9977
     347      23.4007
     348      22.7652
     349      23.2236
     350      23.5395
     351      22.8729
     352      22.9324
     353      24.3891
     354      22.3209
     355      23.0426
     356      22.1894
     357      22.6179
     358      22.4248
     359      23.1499
     360      23.0798
     361      24.3695
     362      23.1150
     363      23.5440
     364      23.3448
     365      24.0384
     366      23.5648
     367      23.5792
     368      23.3932
     369      23.8709
     370      22.4185
     371      22.8356
     372      22.4229
     373      22.7751
     374      22.0338
     375      22.7580
     376      22.9329
     377      22.5674
     378      23.0917
     379      22.9286
     380      22.5986
     381      22.7325
     382      22.6113
     383      22.8332
     384      22.9873
     385      22.4463
     386      23.4023
     387      22.7983
     388      22.4973
     389      22.6721
     390      23.2042
     391      22.5546
     392      22.9959
     393      23.2802
     394      22.5339
     395      22.9433
     396      22.6249
     397      21.9765
     398      22.7091
     399      22.7130
     400      22.3111
