#Res             RMSF
  98.000       1.0966
  99.000       0.6820
 100.000       0.7937
 101.000       0.7509
 102.000       0.5212
 103.000       0.5242
 104.000       0.4336
 105.000       0.4297
 106.000       0.4502
 107.000       0.3739
 108.000       0.3270
 109.000       0.3684
 110.000       0.3950
 111.000       0.3366
 112.000       0.3654
 113.000       0.3947
 114.000       0.4114
 115.000       0.4214
 116.000       0.3815
 117.000       0.4291
 118.000       0.4037
 119.000       0.3825
 120.000       0.3976
 121.000       0.4713
 122.000       0.4601
 123.000       0.3812
 124.000       0.4059
 125.000       0.4908
 126.000       0.4568
 127.000       0.3776
 128.000       0.4125
 129.000       0.4564
 130.000       0.3917
 131.000       0.3973
 132.000       0.4355
 133.000       0.4472
 134.000       0.4573
 135.000       0.4824
 136.000       0.5084
 137.000       0.5023
 138.000       0.4222
 139.000       0.3599
 140.000       0.4027
 141.000       0.3109
 142.000       0.3166
 143.000       0.3417
 144.000       0.3475
 145.000       0.3328
 146.000       0.3431
 147.000       0.4118
 148.000       0.4776
 149.000       0.4879
 150.000       0.5500
 151.000       0.4551
 152.000       0.5531
 153.000       0.4484
 154.000       0.3743
 155.000       0.4071
 156.000       0.4212
 157.000       0.4139
 158.000       0.3463
 159.000       0.3620
 160.000       0.3904
 161.000       0.3499
 162.000       0.3106
 163.000       0.3577
 164.000       0.4328
 165.000       0.4592
 166.000       0.5041
 167.000       0.6330
 168.000       0.5961
 169.000       0.5000
 170.000       0.4669
 171.000       0.4787
 172.000       0.5681
 173.000       0.7708
 174.000       1.6409
 175.000       3.1167
