#Res             RMSF
 662.000       4.3244
 663.000       3.2440
 664.000       1.7834
 665.000       0.6502
 666.000       0.5494
 667.000       0.5566
 668.000       0.5723
 669.000       0.5203
 670.000       0.4671
 671.000       0.4641
 672.000       0.5159
 673.000       0.4445
 674.000       0.4391
 675.000       0.5699
 676.000       0.6567
 677.000       0.6257
 678.000       0.6427
 679.000       0.7089
 680.000       0.8178
 681.000       0.5802
 682.000       0.5886
 683.000       0.5293
 684.000       0.5685
 685.000       0.6839
 686.000       0.7235
 687.000       0.5431
 688.000       0.5551
 689.000       0.6215
 690.000       0.5124
 691.000       0.4302
 692.000       0.4686
 693.000       0.5040
 694.000       0.4581
 695.000       0.4158
 696.000       0.4712
 697.000       0.4779
 698.000       0.4291
 699.000       0.3916
 700.000       0.4710
 701.000       0.4656
 702.000       0.3845
 703.000       0.4300
 704.000       0.4911
 705.000       0.4208
 706.000       0.3950
 707.000       0.4998
 708.000       0.4795
 709.000       0.4155
 710.000       0.4842
 711.000       0.5846
 712.000       0.6142
 713.000       0.6322
 714.000       0.7064
 715.000       0.6407
 716.000       0.7299
 717.000       0.6378
 718.000       0.4912
 719.000       0.4572
 720.000       0.4407
 721.000       0.4449
 722.000       0.3784
 723.000       0.3673
 724.000       0.3938
 725.000       0.3621
 726.000       0.3404
 727.000       0.3814
 728.000       0.4720
 729.000       0.4660
 730.000       0.4577
 731.000       0.4654
 732.000       0.5651
 733.000       0.7986
 734.000       0.8362
 735.000       0.5793
 736.000       0.4747
 737.000       0.5710
 738.000       0.4996
 739.000       0.4238
 740.000       0.4184
 741.000       0.4747
 742.000       0.4374
 743.000       0.4089
 744.000       0.4580
 745.000       0.4856
 746.000       0.4313
 747.000       0.4706
 748.000       0.5527
 749.000       0.5649
 750.000       0.5497
 751.000       0.7827
 752.000       1.7411
 753.000       3.3627
