#Res             RMSF
  98.000       1.1901
  99.000       0.6838
 100.000       0.7453
 101.000       0.7196
 102.000       0.5138
 103.000       0.5050
 104.000       0.4466
 105.000       0.4681
 106.000       0.5177
 107.000       0.3482
 108.000       0.3276
 109.000       0.4253
 110.000       0.4502
 111.000       0.3796
 112.000       0.3699
 113.000       0.3878
 114.000       0.4303
 115.000       0.4153
 116.000       0.3547
 117.000       0.4262
 118.000       0.3866
 119.000       0.3628
 120.000       0.3901
 121.000       0.4754
 122.000       0.4419
 123.000       0.3826
 124.000       0.3961
 125.000       0.4992
 126.000       0.4866
 127.000       0.3927
 128.000       0.3982
 129.000       0.4715
 130.000       0.4479
 131.000       0.4234
 132.000       0.4742
 133.000       0.4914
 134.000       0.4858
 135.000       0.5142
 136.000       0.5478
 137.000       0.4813
 138.000       0.4047
 139.000       0.3491
 140.000       0.3730
 141.000       0.3428
 142.000       0.3231
 143.000       0.3411
 144.000       0.3758
 145.000       0.3663
 146.000       0.3540
 147.000       0.4839
 148.000       0.5447
 149.000       0.5362
 150.000       0.5610
 151.000       0.4515
 152.000       0.5706
 153.000       0.4244
 154.000       0.3726
 155.000       0.4118
 156.000       0.4404
 157.000       0.4447
 158.000       0.3607
 159.000       0.3634
 160.000       0.3696
 161.000       0.3751
 162.000       0.3574
 163.000       0.3965
 164.000       0.4968
 165.000       0.6180
 166.000       0.5967
 167.000       0.7147
 168.000       0.6997
 169.000       0.7489
 170.000       0.5258
 171.000       0.5783
 172.000       0.6973
 173.000       0.8609
 174.000       1.4019
 175.000       3.4558
