#Res             RMSF
 377.000       2.5152
 378.000       2.0264
 379.000       1.4944
 380.000       0.9637
 381.000       0.6698
 382.000       0.6126
 383.000       0.5337
 384.000       0.5172
 385.000       0.5086
 386.000       0.4699
 387.000       0.4265
 388.000       0.4457
 389.000       0.4840
 390.000       0.4314
 391.000       0.4020
 392.000       0.4856
 393.000       0.4881
 394.000       0.4479
 395.000       0.4704
 396.000       0.5492
 397.000       0.5621
 398.000       0.5635
 399.000       0.5620
 400.000       0.4671
 401.000       0.4403
 402.000       0.4445
 403.000       0.5649
 404.000       0.5259
 405.000       0.5430
 406.000       0.5534
 407.000       0.4266
 408.000       0.4128
 409.000       0.4644
 410.000       0.4381
 411.000       0.4337
 412.000       0.4365
 413.000       0.4842
 414.000       0.5106
 415.000       0.5067
 416.000       0.6071
 417.000       1.0041
 418.000       1.0104
 419.000       0.8635
 420.000       0.7767
 421.000       0.9333
 422.000       0.6190
 423.000       0.6252
 424.000       0.5729
 425.000       0.6011
 426.000       0.6260
 427.000       0.5517
 428.000       0.4825
 429.000       0.4230
 430.000       0.4439
 431.000       0.4756
 432.000       0.4260
 433.000       0.3910
 434.000       0.4248
 435.000       0.4648
 436.000       0.4383
 437.000       0.4066
 438.000       0.4690
 439.000       0.4788
 440.000       0.4521
 441.000       0.4157
 442.000       0.5171
 443.000       0.4607
 444.000       0.4050
 445.000       0.4839
 446.000       0.5001
 447.000       0.4490
 448.000       0.4202
 449.000       0.4841
 450.000       0.4977
 451.000       0.4932
 452.000       0.5135
 453.000       0.5655
 454.000       0.6723
 455.000       0.6796
 456.000       0.5513
 457.000       0.5748
 458.000       0.4650
 459.000       0.4287
 460.000       0.5645
 461.000       0.6454
 462.000       0.5922
 463.000       0.4873
 464.000       0.5521
 465.000       0.6339
 466.000       0.5411
 467.000       0.5546
 468.000       0.6602
 469.000       0.6770
 470.000       0.6914
 471.000       0.7403
 472.000       1.0564
 473.000       2.1565
 474.000       4.0902
 475.000       6.7296
