#Res             RMSF
 377.000       2.6025
 378.000       1.7977
 379.000       1.2705
 380.000       0.8943
 381.000       0.6124
 382.000       0.5477
 383.000       0.4784
 384.000       0.4960
 385.000       0.4643
 386.000       0.4362
 387.000       0.4122
 388.000       0.4163
 389.000       0.4620
 390.000       0.4310
 391.000       0.4033
 392.000       0.4756
 393.000       0.4856
 394.000       0.4454
 395.000       0.4442
 396.000       0.5339
 397.000       0.5559
 398.000       0.5224
 399.000       0.5384
 400.000       0.4425
 401.000       0.4103
 402.000       0.3899
 403.000       0.4165
 404.000       0.4370
 405.000       0.4542
 406.000       0.4741
 407.000       0.3921
 408.000       0.3922
 409.000       0.4455
 410.000       0.4170
 411.000       0.4385
 412.000       0.4349
 413.000       0.4676
 414.000       0.4744
 415.000       0.4715
 416.000       0.5526
 417.000       0.9139
 418.000       0.9346
 419.000       0.7721
 420.000       0.6990
 421.000       0.8875
 422.000       0.5895
 423.000       0.6005
 424.000       0.5660
 425.000       0.5885
 426.000       0.6529
 427.000       0.5150
 428.000       0.4668
 429.000       0.4150
 430.000       0.4215
 431.000       0.4458
 432.000       0.4149
 433.000       0.3742
 434.000       0.4199
 435.000       0.4579
 436.000       0.4193
 437.000       0.3927
 438.000       0.4601
 439.000       0.4443
 440.000       0.4282
 441.000       0.3913
 442.000       0.4798
 443.000       0.4170
 444.000       0.3799
 445.000       0.4368
 446.000       0.4217
 447.000       0.3960
 448.000       0.3851
 449.000       0.4357
 450.000       0.4353
 451.000       0.4395
 452.000       0.4670
 453.000       0.5147
 454.000       0.5772
 455.000       0.6048
 456.000       0.4996
 457.000       0.4767
 458.000       0.4420
 459.000       0.3988
 460.000       0.5120
 461.000       0.5652
 462.000       0.5357
 463.000       0.4435
 464.000       0.5089
 465.000       0.5729
 466.000       0.4879
 467.000       0.4988
 468.000       0.6144
 469.000       0.6254
 470.000       0.6056
 471.000       0.6925
 472.000       1.1167
 473.000       2.4616
 474.000       4.4826
 475.000       6.9268
