#Res             RMSF
   1.000       1.4098
   2.000       1.0521
   3.000       0.7898
   4.000       0.6309
   5.000       0.5072
   6.000       0.4529
   7.000       0.5425
   8.000       0.6337
   9.000       0.5223
  10.000       0.4352
  11.000       0.4728
  12.000       0.5132
  13.000       0.4207
  14.000       0.3850
  15.000       0.4611
  16.000       0.4473
  17.000       0.4337
  18.000       0.4486
  19.000       0.5048
  20.000       0.5425
  21.000       0.5953
  22.000       0.5355
  23.000       0.4701
  24.000       0.4137
  25.000       0.4668
  26.000       0.6004
  27.000       0.5378
  28.000       0.4861
  29.000       0.4714
  30.000       0.4356
  31.000       0.4563
  32.000       0.4415
  33.000       0.4314
  34.000       0.3758
  35.000       0.4269
  36.000       0.4993
  37.000       0.4559
  38.000       0.4415
  39.000       0.5684
  40.000       0.7193
  41.000       0.6365
  42.000       0.6274
  43.000       0.7019
  44.000       0.9478
  45.000       0.5314
  46.000       0.5238
  47.000       0.5213
  48.000       0.5603
  49.000       0.7081
  50.000       0.5375
  51.000       0.4257
  52.000       0.4038
  53.000       0.4119
  54.000       0.4189
  55.000       0.3704
  56.000       0.3240
  57.000       0.3565
  58.000       0.3990
  59.000       0.4095
  60.000       0.3748
  61.000       0.4150
  62.000       0.4256
  63.000       0.3873
  64.000       0.3625
  65.000       0.4093
  66.000       0.3597
  67.000       0.3264
  68.000       0.3647
  69.000       0.3715
  70.000       0.3311
  71.000       0.3454
  72.000       0.4161
  73.000       0.4033
  74.000       0.3899
  75.000       0.4363
  76.000       0.4137
  77.000       0.4990
  78.000       0.5683
  79.000       0.4626
  80.000       0.4605
  81.000       0.3579
  82.000       0.3231
  83.000       0.3949
  84.000       0.4271
  85.000       0.4072
  86.000       0.3282
  87.000       0.4095
  88.000       0.4710
  89.000       0.4344
  90.000       0.4455
  91.000       0.4832
  92.000       0.5589
  93.000       0.6089
  94.000       0.6836
  95.000       0.8376
  96.000       0.8968
  97.000       1.1559
