#Res             RMSF
   1.000       1.2713
   2.000       0.9975
   3.000       0.7915
   4.000       0.5953
   5.000       0.5239
   6.000       0.4598
   7.000       0.5251
   8.000       0.5897
   9.000       0.4875
  10.000       0.4357
  11.000       0.5055
  12.000       0.5394
  13.000       0.4470
  14.000       0.3898
  15.000       0.4589
  16.000       0.4582
  17.000       0.4413
  18.000       0.4432
  19.000       0.4965
  20.000       0.5419
  21.000       0.6010
  22.000       0.5498
  23.000       0.4692
  24.000       0.4145
  25.000       0.4482
  26.000       0.5483
  27.000       0.5329
  28.000       0.4856
  29.000       0.4561
  30.000       0.4332
  31.000       0.4695
  32.000       0.4601
  33.000       0.4342
  34.000       0.3697
  35.000       0.4060
  36.000       0.4909
  37.000       0.4652
  38.000       0.4457
  39.000       0.5695
  40.000       0.7430
  41.000       0.6520
  42.000       0.6376
  43.000       0.7118
  44.000       0.9241
  45.000       0.5260
  46.000       0.5204
  47.000       0.4948
  48.000       0.5451
  49.000       0.6559
  50.000       0.5100
  51.000       0.4078
  52.000       0.3954
  53.000       0.4134
  54.000       0.4176
  55.000       0.3674
  56.000       0.3305
  57.000       0.3638
  58.000       0.3983
  59.000       0.4033
  60.000       0.3613
  61.000       0.4069
  62.000       0.4240
  63.000       0.3845
  64.000       0.3599
  65.000       0.4207
  66.000       0.3631
  67.000       0.3260
  68.000       0.3825
  69.000       0.3915
  70.000       0.3376
  71.000       0.3540
  72.000       0.4112
  73.000       0.3795
  74.000       0.3865
  75.000       0.4348
  76.000       0.4366
  77.000       0.5025
  78.000       0.5442
  79.000       0.4541
  80.000       0.4506
  81.000       0.3641
  82.000       0.3216
  83.000       0.3986
  84.000       0.4252
  85.000       0.4065
  86.000       0.3367
  87.000       0.4330
  88.000       0.4836
  89.000       0.4393
  90.000       0.4569
  91.000       0.4859
  92.000       0.5487
  93.000       0.5912
  94.000       0.6798
  95.000       0.8493
  96.000       0.8289
  97.000       1.8631
