#Res             RMSF
 558.000       1.4614
 559.000       0.8822
 560.000       0.6454
 561.000       0.5388
 562.000       0.6585
 563.000       0.6779
 564.000       0.5385
 565.000       0.6244
 566.000       0.4744
 567.000       0.5105
 568.000       0.4522
 569.000       0.5209
 570.000       0.4584
 571.000       0.6245
 572.000       0.6470
 573.000       0.5298
 574.000       0.4816
 575.000       0.5562
 576.000       0.5721
 577.000       0.5297
 578.000       0.6781
 579.000       0.7918
 580.000       0.7425
 581.000       0.8788
 582.000       0.6783
 583.000       0.7484
 584.000       0.9905
 585.000       0.6966
 586.000       0.5474
 587.000       0.5488
 588.000       0.6685
 589.000       0.5059
 590.000       0.4134
 591.000       0.3584
 592.000       0.3458
 593.000       0.3806
 594.000       0.3985
 595.000       0.3812
 596.000       0.3920
 597.000       0.4226
 598.000       0.4185
 599.000       0.3871
 600.000       0.4234
 601.000       0.4489
 602.000       0.4490
 603.000       0.4742
 604.000       0.4830
 605.000       0.4297
 606.000       0.4182
 607.000       0.4685
 608.000       0.4569
 609.000       0.4200
 610.000       0.4550
 611.000       0.5480
 612.000       0.5349
 613.000       0.5238
 614.000       0.7066
 615.000       0.8347
 616.000       0.7791
 617.000       0.8263
 618.000       0.6156
 619.000       0.6632
 620.000       0.5233
 621.000       0.3965
 622.000       0.4377
 623.000       0.4382
 624.000       0.4363
 625.000       0.4044
 626.000       0.4331
 627.000       0.4519
 628.000       0.5125
 629.000       0.5859
 630.000       0.5971
 631.000       0.8125
 632.000       0.9887
 633.000       0.8351
 634.000       0.7991
 635.000       0.6895
 636.000       0.6285
 637.000       0.6529
 638.000       0.7148
 639.000       0.7143
 640.000       0.6969
 641.000       1.1259
 642.000       0.8744
 643.000       0.6885
 644.000       0.5326
 645.000       0.5184
 646.000       0.5070
 647.000       0.4876
 648.000       0.4893
 649.000       0.5930
 650.000       0.6452
 651.000       0.8208
 652.000       0.7836
 653.000       0.7699
 654.000       0.7958
 655.000       0.8542
 656.000       0.9457
 657.000       0.9067
 658.000       0.8204
 659.000       1.0539
 660.000       1.4347
 661.000       2.1342
