#Res             RMSF
 176.000       1.2937
 177.000       0.9754
 178.000       0.6685
 179.000       0.5250
 180.000       0.5052
 181.000       0.6284
 182.000       0.6374
 183.000       0.5487
 184.000       0.6045
 185.000       0.4645
 186.000       0.4905
 187.000       0.4418
 188.000       0.4921
 189.000       0.4552
 190.000       0.5575
 191.000       0.5355
 192.000       0.4397
 193.000       0.4271
 194.000       0.5555
 195.000       0.5898
 196.000       0.5928
 197.000       0.7572
 198.000       0.9205
 199.000       0.9120
 200.000       1.1684
 201.000       0.6898
 202.000       0.8409
 203.000       1.2898
 204.000       0.7131
 205.000       0.6006
 206.000       0.7093
 207.000       1.5840
 208.000       0.5886
 209.000       0.4403
 210.000       0.4131
 211.000       0.4194
 212.000       0.4250
 213.000       0.4260
 214.000       0.3947
 215.000       0.4147
 216.000       0.4257
 217.000       0.4229
 218.000       0.4213
 219.000       0.4273
 220.000       0.4443
 221.000       0.4679
 222.000       0.4950
 223.000       0.5431
 224.000       0.4887
 225.000       0.4505
 226.000       0.5430
 227.000       0.5442
 228.000       0.4605
 229.000       0.5551
 230.000       0.6475
 231.000       0.5872
 232.000       0.5428
 233.000       0.7319
 234.000       0.8613
 235.000       0.8553
 236.000       0.8629
 237.000       0.6412
 238.000       0.6639
 239.000       0.5206
 240.000       0.4299
 241.000       0.4484
 242.000       0.4666
 243.000       0.4313
 244.000       0.4432
 245.000       0.4997
 246.000       0.4877
 247.000       0.5443
 248.000       0.7032
 249.000       0.8327
 250.000       0.9038
 251.000       1.1302
 252.000       1.1837
 253.000       1.4784
 254.000       1.4284
 255.000       1.1258
 256.000       1.0250
 257.000       1.2564
 258.000       1.2489
 259.000       1.2047
 260.000       1.3438
 261.000       0.9268
 262.000       0.7794
 263.000       0.5752
 264.000       0.4851
 265.000       0.5319
 266.000       0.5298
 267.000       0.5065
 268.000       0.5465
 269.000       0.6113
 270.000       0.7198
 271.000       0.7606
 272.000       0.8078
 273.000       0.8104
 274.000       0.8685
 275.000       0.9672
 276.000       1.0040
 277.000       0.9184
 278.000       1.0064
 279.000       1.2661
 280.000       1.9589
