#Res             RMSF
 377.000       2.3415
 378.000       2.1521
 379.000       1.5448
 380.000       0.9579
 381.000       0.6385
 382.000       0.6056
 383.000       0.5264
 384.000       0.5066
 385.000       0.4958
 386.000       0.4566
 387.000       0.4141
 388.000       0.4430
 389.000       0.4768
 390.000       0.4199
 391.000       0.3835
 392.000       0.4531
 393.000       0.4546
 394.000       0.4299
 395.000       0.4518
 396.000       0.5198
 397.000       0.5487
 398.000       0.5786
 399.000       0.5636
 400.000       0.4732
 401.000       0.4547
 402.000       0.4770
 403.000       0.6796
 404.000       0.6058
 405.000       0.6258
 406.000       0.6271
 407.000       0.4598
 408.000       0.4322
 409.000       0.4816
 410.000       0.4547
 411.000       0.4029
 412.000       0.4322
 413.000       0.5022
 414.000       0.5352
 415.000       0.5267
 416.000       0.6562
 417.000       1.0793
 418.000       1.0590
 419.000       0.9245
 420.000       0.8285
 421.000       0.9552
 422.000       0.6189
 423.000       0.6199
 424.000       0.5527
 425.000       0.5713
 426.000       0.5696
 427.000       0.5365
 428.000       0.4471
 429.000       0.4055
 430.000       0.4298
 431.000       0.4397
 432.000       0.3786
 433.000       0.3640
 434.000       0.3721
 435.000       0.3997
 436.000       0.3977
 437.000       0.3699
 438.000       0.4027
 439.000       0.4263
 440.000       0.4011
 441.000       0.3641
 442.000       0.4546
 443.000       0.3940
 444.000       0.3580
 445.000       0.4314
 446.000       0.4247
 447.000       0.3828
 448.000       0.3905
 449.000       0.4677
 450.000       0.4387
 451.000       0.4659
 452.000       0.5390
 453.000       0.5335
 454.000       0.6050
 455.000       0.6501
 456.000       0.5082
 457.000       0.5308
 458.000       0.4311
 459.000       0.3925
 460.000       0.4935
 461.000       0.5129
 462.000       0.4605
 463.000       0.3620
 464.000       0.4419
 465.000       0.5334
 466.000       0.4373
 467.000       0.4613
 468.000       0.5450
 469.000       0.5821
 470.000       0.6217
 471.000       0.6668
 472.000       0.9150
 473.000       1.4290
 474.000       2.3162
 475.000       4.2760
