#Res             RMSF
 176.000       1.4041
 177.000       1.1519
 178.000       0.7741
 179.000       0.5702
 180.000       0.5164
 181.000       0.6742
 182.000       0.6885
 183.000       0.5731
 184.000       0.6387
 185.000       0.4933
 186.000       0.5139
 187.000       0.4424
 188.000       0.4730
 189.000       0.4421
 190.000       0.5338
 191.000       0.4948
 192.000       0.4343
 193.000       0.4263
 194.000       0.5262
 195.000       0.5620
 196.000       0.5887
 197.000       0.7276
 198.000       0.8614
 199.000       0.8554
 200.000       1.0936
 201.000       0.6956
 202.000       0.8667
 203.000       1.2170
 204.000       0.7678
 205.000       0.6563
 206.000       0.6829
 207.000       1.2536
 208.000       0.5809
 209.000       0.4787
 210.000       0.4092
 211.000       0.4196
 212.000       0.4550
 213.000       0.4478
 214.000       0.3989
 215.000       0.4394
 216.000       0.4658
 217.000       0.4423
 218.000       0.4392
 219.000       0.4892
 220.000       0.4914
 221.000       0.4831
 222.000       0.5123
 223.000       0.5480
 224.000       0.4892
 225.000       0.4471
 226.000       0.5198
 227.000       0.5314
 228.000       0.4508
 229.000       0.5323
 230.000       0.6499
 231.000       0.6260
 232.000       0.5564
 233.000       0.7602
 234.000       0.9132
 235.000       0.8800
 236.000       0.8888
 237.000       0.6904
 238.000       0.6854
 239.000       0.5095
 240.000       0.4196
 241.000       0.4407
 242.000       0.4592
 243.000       0.4115
 244.000       0.4167
 245.000       0.4748
 246.000       0.4757
 247.000       0.5501
 248.000       0.7050
 249.000       0.9130
 250.000       0.9983
 251.000       1.1904
 252.000       1.2988
 253.000       1.5129
 254.000       1.6151
 255.000       1.3896
 256.000       1.2109
 257.000       1.3968
 258.000       1.4466
 259.000       1.4050
 260.000       1.5490
 261.000       0.8337
 262.000       0.7492
 263.000       0.6118
 264.000       0.5302
 265.000       0.5660
 266.000       0.5336
 267.000       0.5155
 268.000       0.5406
 269.000       0.5993
 270.000       0.7317
 271.000       0.7877
 272.000       0.8377
 273.000       0.8311
 274.000       0.8806
 275.000       0.9858
 276.000       1.0064
 277.000       0.9158
 278.000       1.0106
 279.000       1.3092
 280.000       2.0206
