#Res             RMSF
 281.000       3.6949
 282.000       2.9132
 283.000       1.6051
 284.000       0.9351
 285.000       0.9427
 286.000       0.7211
 287.000       0.6251
 288.000       0.5415
 289.000       0.5785
 290.000       0.6198
 291.000       0.5863
 292.000       0.5557
 293.000       0.5546
 294.000       0.5834
 295.000       0.5084
 296.000       0.4789
 297.000       0.6177
 298.000       0.7018
 299.000       0.6451
 300.000       0.6639
 301.000       0.8474
 302.000       0.8396
 303.000       0.6522
 304.000       0.6641
 305.000       0.6003
 306.000       0.7124
 307.000       0.8287
 308.000       0.8447
 309.000       0.6537
 310.000       0.6244
 311.000       0.7276
 312.000       0.6132
 313.000       0.4674
 314.000       0.5018
 315.000       0.5444
 316.000       0.4479
 317.000       0.3977
 318.000       0.4638
 319.000       0.4693
 320.000       0.4300
 321.000       0.4064
 322.000       0.4812
 323.000       0.4862
 324.000       0.4129
 325.000       0.4603
 326.000       0.5181
 327.000       0.4850
 328.000       0.4194
 329.000       0.4851
 330.000       0.4946
 331.000       0.4518
 332.000       0.4823
 333.000       0.5849
 334.000       0.6266
 335.000       0.7358
 336.000       0.7741
 337.000       0.6213
 338.000       0.6903
 339.000       0.5579
 340.000       0.4916
 341.000       0.5317
 342.000       0.5721
 343.000       0.5691
 344.000       0.4489
 345.000       0.4413
 346.000       0.5303
 347.000       0.4867
 348.000       0.4426
 349.000       0.5141
 350.000       0.6103
 351.000       0.5993
 352.000       0.5738
 353.000       0.7163
 354.000       0.9792
 355.000       1.0036
 356.000       1.0744
 357.000       0.7637
 358.000       0.6475
 359.000       0.7526
 360.000       0.6484
 361.000       0.5531
 362.000       0.5537
 363.000       0.6283
 364.000       0.5837
 365.000       0.5254
 366.000       0.6154
 367.000       0.6801
 368.000       0.5907
 369.000       0.6340
 370.000       0.7580
 371.000       0.7309
 372.000       0.7221
 373.000       0.9006
 374.000       2.0065
 375.000       3.8768
 376.000       5.9142
