#Res             RMSF
 558.000       1.3384
 559.000       0.8440
 560.000       0.6267
 561.000       0.5371
 562.000       0.6513
 563.000       0.6646
 564.000       0.5418
 565.000       0.6136
 566.000       0.4577
 567.000       0.4975
 568.000       0.4343
 569.000       0.4909
 570.000       0.4385
 571.000       0.5942
 572.000       0.5796
 573.000       0.4872
 574.000       0.4638
 575.000       0.5432
 576.000       0.5451
 577.000       0.5438
 578.000       0.7398
 579.000       0.8224
 580.000       0.7425
 581.000       1.1041
 582.000       0.6706
 583.000       0.9460
 584.000       1.4437
 585.000       0.7400
 586.000       0.5807
 587.000       0.7242
 588.000       0.7995
 589.000       0.5254
 590.000       0.4088
 591.000       0.3635
 592.000       0.3471
 593.000       0.3796
 594.000       0.3940
 595.000       0.3736
 596.000       0.3822
 597.000       0.4089
 598.000       0.4086
 599.000       0.3901
 600.000       0.4296
 601.000       0.4575
 602.000       0.4491
 603.000       0.4797
 604.000       0.5089
 605.000       0.4440
 606.000       0.4351
 607.000       0.4932
 608.000       0.4704
 609.000       0.4346
 610.000       0.4889
 611.000       0.5756
 612.000       0.5601
 613.000       0.5235
 614.000       0.7127
 615.000       0.8443
 616.000       0.8053
 617.000       0.8420
 618.000       0.6487
 619.000       0.6821
 620.000       0.5445
 621.000       0.4104
 622.000       0.4198
 623.000       0.4153
 624.000       0.4149
 625.000       0.3931
 626.000       0.4163
 627.000       0.4348
 628.000       0.4930
 629.000       0.5772
 630.000       0.5715
 631.000       0.8166
 632.000       1.0484
 633.000       0.8178
 634.000       0.8109
 635.000       0.6777
 636.000       0.6165
 637.000       0.6957
 638.000       0.7406
 639.000       0.7168
 640.000       0.7637
 641.000       1.2111
 642.000       1.5445
 643.000       0.8475
 644.000       0.5372
 645.000       0.5227
 646.000       0.5282
 647.000       0.4845
 648.000       0.4877
 649.000       0.6068
 650.000       0.6776
 651.000       0.8262
 652.000       0.8137
 653.000       0.8089
 654.000       0.8300
 655.000       0.8711
 656.000       0.9792
 657.000       0.9522
 658.000       0.8819
 659.000       1.0696
 660.000       1.4196
 661.000       2.1241
