#Res             RMSF
 662.000       1.5642
 663.000       1.1600
 664.000       0.9430
 665.000       0.5739
 666.000       0.4416
 667.000       0.4435
 668.000       0.4797
 669.000       0.4544
 670.000       0.4242
 671.000       0.4413
 672.000       0.4823
 673.000       0.4426
 674.000       0.4533
 675.000       0.5327
 676.000       0.6297
 677.000       0.5947
 678.000       0.6719
 679.000       0.7299
 680.000       0.8826
 681.000       0.5793
 682.000       0.5686
 683.000       0.4783
 684.000       0.4782
 685.000       0.5874
 686.000       0.6174
 687.000       0.4524
 688.000       0.5089
 689.000       0.5765
 690.000       0.4480
 691.000       0.3718
 692.000       0.4223
 693.000       0.4725
 694.000       0.4064
 695.000       0.3665
 696.000       0.4025
 697.000       0.4298
 698.000       0.4200
 699.000       0.3690
 700.000       0.4262
 701.000       0.4266
 702.000       0.3562
 703.000       0.3835
 704.000       0.4277
 705.000       0.3659
 706.000       0.3480
 707.000       0.4176
 708.000       0.3882
 709.000       0.3658
 710.000       0.4477
 711.000       0.5146
 712.000       0.5324
 713.000       0.6084
 714.000       0.6834
 715.000       0.6243
 716.000       0.6998
 717.000       0.5507
 718.000       0.4496
 719.000       0.4559
 720.000       0.4391
 721.000       0.4260
 722.000       0.3609
 723.000       0.3664
 724.000       0.3992
 725.000       0.3513
 726.000       0.3276
 727.000       0.3607
 728.000       0.4462
 729.000       0.4359
 730.000       0.4322
 731.000       0.4178
 732.000       0.5275
 733.000       0.7537
 734.000       0.7998
 735.000       0.5538
 736.000       0.4619
 737.000       0.5342
 738.000       0.4745
 739.000       0.4169
 740.000       0.4083
 741.000       0.4570
 742.000       0.4231
 743.000       0.4116
 744.000       0.4461
 745.000       0.4500
 746.000       0.4146
 747.000       0.4516
 748.000       0.5226
 749.000       0.5269
 750.000       0.5108
 751.000       0.7697
 752.000       1.4876
 753.000       3.0773
