#Res             RMSF
 476.000       1.9432
 477.000       1.1406
 478.000       0.8959
 479.000       0.9972
 480.000       0.5661
 481.000       0.5939
 482.000       0.8447
 483.000       0.8623
 484.000       0.6045
 485.000       0.5374
 486.000       0.4421
 487.000       0.4262
 488.000       0.4651
 489.000       0.3829
 490.000       0.3559
 491.000       0.4430
 492.000       0.4303
 493.000       0.3558
 494.000       0.3617
 495.000       0.3881
 496.000       0.4216
 497.000       0.4334
 498.000       0.3894
 499.000       0.4372
 500.000       0.4123
 501.000       0.4268
 502.000       0.4523
 503.000       0.5356
 504.000       0.5038
 505.000       0.4333
 506.000       0.3988
 507.000       0.5190
 508.000       0.4858
 509.000       0.3837
 510.000       0.4304
 511.000       0.4926
 512.000       0.4452
 513.000       0.4033
 514.000       0.4454
 515.000       0.4659
 516.000       0.3923
 517.000       0.4062
 518.000       0.4482
 519.000       0.4231
 520.000       0.3611
 521.000       0.3555
 522.000       0.3877
 523.000       0.3137
 524.000       0.2998
 525.000       0.3249
 526.000       0.3413
 527.000       0.3277
 528.000       0.3405
 529.000       0.4483
 530.000       0.4915
 531.000       0.4994
 532.000       0.5744
 533.000       0.4481
 534.000       0.6576
 535.000       0.4147
 536.000       0.3751
 537.000       0.3977
 538.000       0.3959
 539.000       0.3960
 540.000       0.3251
 541.000       0.3249
 542.000       0.3432
 543.000       0.3351
 544.000       0.3273
 545.000       0.3439
 546.000       0.3890
 547.000       0.4728
 548.000       0.5211
 549.000       0.5763
 550.000       0.5051
 551.000       0.5962
 552.000       0.4473
 553.000       0.4599
 554.000       0.5564
 555.000       0.6007
 556.000       1.2168
 557.000       2.4223
