#Res             RMSF
 662.000       4.3224
 663.000       3.2428
 664.000       1.7827
 665.000       0.6500
 666.000       0.5491
 667.000       0.5566
 668.000       0.5718
 669.000       0.5199
 670.000       0.4668
 671.000       0.4638
 672.000       0.5155
 673.000       0.4441
 674.000       0.4387
 675.000       0.5697
 676.000       0.6562
 677.000       0.6252
 678.000       0.6422
 679.000       0.7083
 680.000       0.8175
 681.000       0.5796
 682.000       0.5879
 683.000       0.5286
 684.000       0.5680
 685.000       0.6834
 686.000       0.7231
 687.000       0.5425
 688.000       0.5546
 689.000       0.6216
 690.000       0.5125
 691.000       0.4301
 692.000       0.4692
 693.000       0.5040
 694.000       0.4577
 695.000       0.4153
 696.000       0.4708
 697.000       0.4774
 698.000       0.4288
 699.000       0.3912
 700.000       0.4710
 701.000       0.4656
 702.000       0.3844
 703.000       0.4299
 704.000       0.4909
 705.000       0.4208
 706.000       0.3948
 707.000       0.4998
 708.000       0.4799
 709.000       0.4162
 710.000       0.4839
 711.000       0.5840
 712.000       0.6136
 713.000       0.6319
 714.000       0.7058
 715.000       0.6403
 716.000       0.7297
 717.000       0.6384
 718.000       0.4908
 719.000       0.4569
 720.000       0.4404
 721.000       0.4446
 722.000       0.3781
 723.000       0.3671
 724.000       0.3934
 725.000       0.3618
 726.000       0.3401
 727.000       0.3814
 728.000       0.4726
 729.000       0.4663
 730.000       0.4573
 731.000       0.4652
 732.000       0.5646
 733.000       0.7980
 734.000       0.8364
 735.000       0.5797
 736.000       0.4746
 737.000       0.5716
 738.000       0.4991
 739.000       0.4235
 740.000       0.4182
 741.000       0.4743
 742.000       0.4371
 743.000       0.4091
 744.000       0.4578
 745.000       0.4858
 746.000       0.4320
 747.000       0.4711
 748.000       0.5524
 749.000       0.5647
 750.000       0.5501
 751.000       0.7822
 752.000       1.7396
 753.000       3.3600
