#Res             RMSF
  98.000       1.1588
  99.000       0.7058
 100.000       0.8196
 101.000       0.7972
 102.000       0.5525
 103.000       0.5257
 104.000       0.4612
 105.000       0.4981
 106.000       0.5407
 107.000       0.3807
 108.000       0.3320
 109.000       0.4146
 110.000       0.4486
 111.000       0.3799
 112.000       0.3745
 113.000       0.3979
 114.000       0.4338
 115.000       0.4265
 116.000       0.3828
 117.000       0.4410
 118.000       0.4195
 119.000       0.4037
 120.000       0.4273
 121.000       0.5004
 122.000       0.4797
 123.000       0.4035
 124.000       0.4261
 125.000       0.5440
 126.000       0.5189
 127.000       0.3994
 128.000       0.4100
 129.000       0.4687
 130.000       0.4555
 131.000       0.4203
 132.000       0.4595
 133.000       0.4828
 134.000       0.5019
 135.000       0.5228
 136.000       0.5356
 137.000       0.5102
 138.000       0.4138
 139.000       0.3545
 140.000       0.3872
 141.000       0.3275
 142.000       0.3200
 143.000       0.3403
 144.000       0.3644
 145.000       0.3542
 146.000       0.3506
 147.000       0.4670
 148.000       0.5551
 149.000       0.5410
 150.000       0.5751
 151.000       0.4530
 152.000       0.5622
 153.000       0.4345
 154.000       0.3723
 155.000       0.4101
 156.000       0.4346
 157.000       0.4320
 158.000       0.3529
 159.000       0.3662
 160.000       0.3815
 161.000       0.3626
 162.000       0.3379
 163.000       0.3909
 164.000       0.4831
 165.000       0.5628
 166.000       0.5779
 167.000       0.6993
 168.000       0.6850
 169.000       0.6824
 170.000       0.5267
 171.000       0.5497
 172.000       0.6492
 173.000       0.8407
 174.000       1.5587
 175.000       3.5968
