#Res             RMSF
 281.000       3.7593
 282.000       2.9677
 283.000       3.7463
 284.000       2.4781
 285.000       1.6710
 286.000       1.0161
 287.000       0.5442
 288.000       0.5141
 289.000       0.5252
 290.000       0.5580
 291.000       0.5134
 292.000       0.4931
 293.000       0.5239
 294.000       0.5026
 295.000       0.4593
 296.000       0.4678
 297.000       0.5717
 298.000       0.6623
 299.000       0.6274
 300.000       0.6047
 301.000       0.8367
 302.000       0.7530
 303.000       0.6287
 304.000       0.5905
 305.000       0.5080
 306.000       0.5869
 307.000       0.6588
 308.000       0.7427
 309.000       0.5795
 310.000       0.4939
 311.000       0.5800
 312.000       0.5271
 313.000       0.4557
 314.000       0.4887
 315.000       0.5239
 316.000       0.4854
 317.000       0.4593
 318.000       0.5346
 319.000       0.5521
 320.000       0.4923
 321.000       0.4773
 322.000       0.5878
 323.000       0.5880
 324.000       0.5072
 325.000       0.5847
 326.000       0.6710
 327.000       0.5281
 328.000       0.4773
 329.000       0.6056
 330.000       0.5850
 331.000       0.4949
 332.000       0.5436
 333.000       0.6488
 334.000       0.6628
 335.000       0.6808
 336.000       0.7572
 337.000       0.6559
 338.000       0.8100
 339.000       0.6754
 340.000       0.5475
 341.000       0.5247
 342.000       0.4924
 343.000       0.4472
 344.000       0.4344
 345.000       0.4179
 346.000       0.4250
 347.000       0.4079
 348.000       0.4388
 349.000       0.4571
 350.000       0.5121
 351.000       0.5180
 352.000       0.5414
 353.000       0.7037
 354.000       1.0237
 355.000       1.0923
 356.000       1.1574
 357.000       0.7648
 358.000       0.6077
 359.000       0.6713
 360.000       0.5812
 361.000       0.5294
 362.000       0.4908
 363.000       0.5484
 364.000       0.5432
 365.000       0.5072
 366.000       0.5479
 367.000       0.6016
 368.000       0.5481
 369.000       0.6003
 370.000       0.6991
 371.000       0.7220
 372.000       0.7015
 373.000       0.8801
 374.000       1.7991
 375.000       3.7468
 376.000       5.6437
