#Res             RMSF
 558.000       1.1539
 559.000       0.7681
 560.000       0.5913
 561.000       0.5193
 562.000       0.6359
 563.000       0.6393
 564.000       0.5367
 565.000       0.5944
 566.000       0.4346
 567.000       0.4788
 568.000       0.4063
 569.000       0.4458
 570.000       0.4108
 571.000       0.5313
 572.000       0.4903
 573.000       0.4206
 574.000       0.4160
 575.000       0.4952
 576.000       0.4786
 577.000       0.5112
 578.000       0.7274
 579.000       0.7951
 580.000       0.7043
 581.000       0.9889
 582.000       0.6171
 583.000       0.9336
 584.000       1.3231
 585.000       0.7395
 586.000       0.6102
 587.000       0.8617
 588.000       0.9031
 589.000       0.5406
 590.000       0.3978
 591.000       0.3470
 592.000       0.3409
 593.000       0.3739
 594.000       0.3843
 595.000       0.3615
 596.000       0.3680
 597.000       0.3917
 598.000       0.3951
 599.000       0.3919
 600.000       0.4345
 601.000       0.4647
 602.000       0.4494
 603.000       0.4864
 604.000       0.5339
 605.000       0.4563
 606.000       0.4536
 607.000       0.5187
 608.000       0.4751
 609.000       0.4359
 610.000       0.4980
 611.000       0.5662
 612.000       0.5483
 613.000       0.4851
 614.000       0.6770
 615.000       0.8076
 616.000       0.7907
 617.000       0.8061
 618.000       0.6274
 619.000       0.6575
 620.000       0.5370
 621.000       0.4147
 622.000       0.3972
 623.000       0.3865
 624.000       0.3861
 625.000       0.3804
 626.000       0.3981
 627.000       0.4125
 628.000       0.4699
 629.000       0.5635
 630.000       0.5401
 631.000       0.7672
 632.000       1.0184
 633.000       0.7368
 634.000       0.7681
 635.000       0.6311
 636.000       0.5861
 637.000       0.6908
 638.000       0.7022
 639.000       0.6763
 640.000       0.7740
 641.000       1.2324
 642.000       1.7986
 643.000       0.8708
 644.000       0.5266
 645.000       0.5206
 646.000       0.5412
 647.000       0.4691
 648.000       0.4778
 649.000       0.5949
 650.000       0.6531
 651.000       0.7947
 652.000       0.7846
 653.000       0.7571
 654.000       0.7771
 655.000       0.7970
 656.000       0.9066
 657.000       0.9028
 658.000       0.8526
 659.000       0.9999
 660.000       1.3554
 661.000       2.0754
