#Res             RMSF
 476.000       1.9809
 477.000       1.1152
 478.000       0.8518
 479.000       0.9395
 480.000       0.5599
 481.000       0.5755
 482.000       0.7979
 483.000       0.8296
 484.000       0.6263
 485.000       0.5824
 486.000       0.4799
 487.000       0.4479
 488.000       0.5201
 489.000       0.4153
 490.000       0.3693
 491.000       0.4718
 492.000       0.4639
 493.000       0.3850
 494.000       0.3725
 495.000       0.3889
 496.000       0.4302
 497.000       0.4355
 498.000       0.3935
 499.000       0.4397
 500.000       0.4151
 501.000       0.4272
 502.000       0.4632
 503.000       0.5491
 504.000       0.5117
 505.000       0.4532
 506.000       0.4110
 507.000       0.5210
 508.000       0.4991
 509.000       0.3991
 510.000       0.4364
 511.000       0.4826
 512.000       0.4463
 513.000       0.4089
 514.000       0.4450
 515.000       0.4600
 516.000       0.3970
 517.000       0.4076
 518.000       0.4500
 519.000       0.4115
 520.000       0.3637
 521.000       0.3542
 522.000       0.3924
 523.000       0.3228
 524.000       0.2958
 525.000       0.3251
 526.000       0.3427
 527.000       0.3310
 528.000       0.3330
 529.000       0.4401
 530.000       0.4959
 531.000       0.5205
 532.000       0.5851
 533.000       0.4568
 534.000       0.6919
 535.000       0.4200
 536.000       0.3830
 537.000       0.3956
 538.000       0.3955
 539.000       0.3973
 540.000       0.3248
 541.000       0.3208
 542.000       0.3355
 543.000       0.3458
 544.000       0.3388
 545.000       0.3442
 546.000       0.3824
 547.000       0.5409
 548.000       0.6200
 549.000       0.6263
 550.000       0.5443
 551.000       0.6814
 552.000       0.4644
 553.000       0.4739
 554.000       0.5535
 555.000       0.5581
 556.000       1.0898
 557.000       2.3523
