#Res             RMSF
 176.000       1.4038
 177.000       1.1540
 178.000       0.7751
 179.000       0.5698
 180.000       0.5165
 181.000       0.6751
 182.000       0.6888
 183.000       0.5737
 184.000       0.6402
 185.000       0.4942
 186.000       0.5150
 187.000       0.4441
 188.000       0.4748
 189.000       0.4426
 190.000       0.5345
 191.000       0.4946
 192.000       0.4339
 193.000       0.4265
 194.000       0.5259
 195.000       0.5614
 196.000       0.5880
 197.000       0.7277
 198.000       0.8618
 199.000       0.8551
 200.000       1.0930
 201.000       0.6954
 202.000       0.8675
 203.000       1.2170
 204.000       0.7676
 205.000       0.6560
 206.000       0.6830
 207.000       1.2531
 208.000       0.5817
 209.000       0.4804
 210.000       0.4089
 211.000       0.4197
 212.000       0.4550
 213.000       0.4477
 214.000       0.3986
 215.000       0.4406
 216.000       0.4666
 217.000       0.4429
 218.000       0.4394
 219.000       0.4895
 220.000       0.4911
 221.000       0.4828
 222.000       0.5122
 223.000       0.5479
 224.000       0.4889
 225.000       0.4467
 226.000       0.5194
 227.000       0.5310
 228.000       0.4506
 229.000       0.5317
 230.000       0.6492
 231.000       0.6254
 232.000       0.5566
 233.000       0.7595
 234.000       0.9131
 235.000       0.8811
 236.000       0.8887
 237.000       0.6910
 238.000       0.6856
 239.000       0.5096
 240.000       0.4198
 241.000       0.4409
 242.000       0.4594
 243.000       0.4118
 244.000       0.4165
 245.000       0.4744
 246.000       0.4753
 247.000       0.5500
 248.000       0.7046
 249.000       0.9134
 250.000       1.0010
 251.000       1.1918
 252.000       1.3003
 253.000       1.5131
 254.000       1.6151
 255.000       1.3900
 256.000       1.2130
 257.000       1.3981
 258.000       1.4477
 259.000       1.4075
 260.000       1.5491
 261.000       0.8331
 262.000       0.7490
 263.000       0.6120
 264.000       0.5299
 265.000       0.5661
 266.000       0.5343
 267.000       0.5151
 268.000       0.5407
 269.000       0.6003
 270.000       0.7330
 271.000       0.7882
 272.000       0.8374
 273.000       0.8312
 274.000       0.8807
 275.000       0.9854
 276.000       1.0053
 277.000       0.9151
 278.000       1.0099
 279.000       1.3084
 280.000       2.0203
