#Res             RMSF
   1.000       0.9008
   2.000       0.9195
   3.000       0.7078
   4.000       0.5462
   5.000       0.5206
   6.000       0.4369
   7.000       0.4865
   8.000       0.5224
   9.000       0.4290
  10.000       0.4126
  11.000       0.4643
  12.000       0.4863
  13.000       0.4274
  14.000       0.3680
  15.000       0.4377
  16.000       0.4464
  17.000       0.4146
  18.000       0.4154
  19.000       0.4799
  20.000       0.5204
  21.000       0.5490
  22.000       0.5356
  23.000       0.4402
  24.000       0.3913
  25.000       0.3977
  26.000       0.4289
  27.000       0.4740
  28.000       0.4635
  29.000       0.4362
  30.000       0.3950
  31.000       0.4289
  32.000       0.4547
  33.000       0.4327
  34.000       0.3553
  35.000       0.3751
  36.000       0.4710
  37.000       0.4651
  38.000       0.4409
  39.000       0.5601
  40.000       0.7437
  41.000       0.6470
  42.000       0.6361
  43.000       0.7107
  44.000       0.8906
  45.000       0.5155
  46.000       0.5090
  47.000       0.4564
  48.000       0.5189
  49.000       0.5280
  50.000       0.4411
  51.000       0.3850
  52.000       0.3598
  53.000       0.3858
  54.000       0.3991
  55.000       0.3387
  56.000       0.3015
  57.000       0.3500
  58.000       0.3818
  59.000       0.3721
  60.000       0.3262
  61.000       0.3900
  62.000       0.4045
  63.000       0.3714
  64.000       0.3545
  65.000       0.4241
  66.000       0.3456
  67.000       0.3133
  68.000       0.3849
  69.000       0.3857
  70.000       0.3236
  71.000       0.3420
  72.000       0.3825
  73.000       0.3447
  74.000       0.3736
  75.000       0.4265
  76.000       0.4372
  77.000       0.4728
  78.000       0.5129
  79.000       0.4367
  80.000       0.4175
  81.000       0.3603
  82.000       0.3094
  83.000       0.3919
  84.000       0.4142
  85.000       0.3922
  86.000       0.3216
  87.000       0.4028
  88.000       0.4478
  89.000       0.3946
  90.000       0.4083
  91.000       0.4106
  92.000       0.4620
  93.000       0.4855
  94.000       0.5447
  95.000       0.6947
  96.000       0.6387
  97.000       0.9913
