#Res             RMSF
 281.000       4.1142
 282.000       3.2232
 283.000       3.3529
 284.000       2.1237
 285.000       1.4778
 286.000       0.9377
 287.000       0.6414
 288.000       0.6292
 289.000       0.6787
 290.000       0.6989
 291.000       0.6201
 292.000       0.5884
 293.000       0.6125
 294.000       0.6060
 295.000       0.5034
 296.000       0.4905
 297.000       0.6357
 298.000       0.7189
 299.000       0.6559
 300.000       0.6496
 301.000       0.8946
 302.000       0.8103
 303.000       0.6655
 304.000       0.6685
 305.000       0.5746
 306.000       0.6783
 307.000       0.7915
 308.000       0.8508
 309.000       0.6682
 310.000       0.6234
 311.000       0.7321
 312.000       0.6526
 313.000       0.5418
 314.000       0.5686
 315.000       0.6101
 316.000       0.5302
 317.000       0.4705
 318.000       0.5609
 319.000       0.5831
 320.000       0.5066
 321.000       0.4768
 322.000       0.5863
 323.000       0.5863
 324.000       0.4861
 325.000       0.5425
 326.000       0.6231
 327.000       0.5277
 328.000       0.4618
 329.000       0.5730
 330.000       0.5765
 331.000       0.4946
 332.000       0.5296
 333.000       0.6460
 334.000       0.6778
 335.000       0.7299
 336.000       0.7824
 337.000       0.6519
 338.000       0.7624
 339.000       0.6227
 340.000       0.5246
 341.000       0.5366
 342.000       0.5490
 343.000       0.5410
 344.000       0.4550
 345.000       0.4411
 346.000       0.5065
 347.000       0.4788
 348.000       0.4635
 349.000       0.5248
 350.000       0.5866
 351.000       0.5899
 352.000       0.5794
 353.000       0.7300
 354.000       1.0513
 355.000       1.0861
 356.000       1.1302
 357.000       0.7798
 358.000       0.6518
 359.000       0.7395
 360.000       0.6371
 361.000       0.5610
 362.000       0.5452
 363.000       0.6097
 364.000       0.5771
 365.000       0.5250
 366.000       0.5987
 367.000       0.6636
 368.000       0.5830
 369.000       0.6313
 370.000       0.7515
 371.000       0.7570
 372.000       0.7472
 373.000       0.9398
 374.000       1.9328
 375.000       3.8618
 376.000       5.8728
