#Res             RMSF
 558.000       1.3370
 559.000       0.8433
 560.000       0.6265
 561.000       0.5368
 562.000       0.6513
 563.000       0.6648
 564.000       0.5426
 565.000       0.6141
 566.000       0.4580
 567.000       0.4971
 568.000       0.4342
 569.000       0.4904
 570.000       0.4380
 571.000       0.5937
 572.000       0.5793
 573.000       0.4869
 574.000       0.4632
 575.000       0.5427
 576.000       0.5446
 577.000       0.5433
 578.000       0.7398
 579.000       0.8216
 580.000       0.7423
 581.000       1.1030
 582.000       0.6698
 583.000       0.9451
 584.000       1.4433
 585.000       0.7394
 586.000       0.5807
 587.000       0.7238
 588.000       0.7996
 589.000       0.5253
 590.000       0.4091
 591.000       0.3639
 592.000       0.3491
 593.000       0.3811
 594.000       0.3955
 595.000       0.3745
 596.000       0.3826
 597.000       0.4092
 598.000       0.4088
 599.000       0.3903
 600.000       0.4290
 601.000       0.4570
 602.000       0.4487
 603.000       0.4792
 604.000       0.5085
 605.000       0.4437
 606.000       0.4346
 607.000       0.4931
 608.000       0.4703
 609.000       0.4348
 610.000       0.4889
 611.000       0.5753
 612.000       0.5600
 613.000       0.5234
 614.000       0.7134
 615.000       0.8450
 616.000       0.8058
 617.000       0.8430
 618.000       0.6493
 619.000       0.6824
 620.000       0.5444
 621.000       0.4099
 622.000       0.4195
 623.000       0.4148
 624.000       0.4147
 625.000       0.3927
 626.000       0.4159
 627.000       0.4345
 628.000       0.4934
 629.000       0.5772
 630.000       0.5711
 631.000       0.8166
 632.000       1.0497
 633.000       0.8188
 634.000       0.8112
 635.000       0.6784
 636.000       0.6177
 637.000       0.6952
 638.000       0.7408
 639.000       0.7167
 640.000       0.7632
 641.000       1.2099
 642.000       1.5436
 643.000       0.8465
 644.000       0.5367
 645.000       0.5222
 646.000       0.5280
 647.000       0.4841
 648.000       0.4871
 649.000       0.6062
 650.000       0.6770
 651.000       0.8254
 652.000       0.8130
 653.000       0.8085
 654.000       0.8297
 655.000       0.8703
 656.000       0.9780
 657.000       0.9511
 658.000       0.8809
 659.000       1.0684
 660.000       1.4182
 661.000       2.1221
