#Res             RMSF
 662.000       4.8865
 663.000       3.6223
 664.000       1.9831
 665.000       0.6780
 666.000       0.5543
 667.000       0.5412
 668.000       0.5558
 669.000       0.5175
 670.000       0.4730
 671.000       0.4661
 672.000       0.5131
 673.000       0.4360
 674.000       0.4219
 675.000       0.5911
 676.000       0.6715
 677.000       0.6428
 678.000       0.5655
 679.000       0.6769
 680.000       0.7344
 681.000       0.5627
 682.000       0.5922
 683.000       0.5516
 684.000       0.6117
 685.000       0.7480
 686.000       0.7906
 687.000       0.5929
 688.000       0.5538
 689.000       0.6237
 690.000       0.5235
 691.000       0.4253
 692.000       0.4790
 693.000       0.5052
 694.000       0.4673
 695.000       0.4204
 696.000       0.5035
 697.000       0.4931
 698.000       0.4062
 699.000       0.3835
 700.000       0.4810
 701.000       0.4766
 702.000       0.3912
 703.000       0.4336
 704.000       0.5055
 705.000       0.4262
 706.000       0.3951
 707.000       0.5033
 708.000       0.4718
 709.000       0.4131
 710.000       0.4750
 711.000       0.5665
 712.000       0.6126
 713.000       0.6168
 714.000       0.6857
 715.000       0.6204
 716.000       0.7251
 717.000       0.6430
 718.000       0.4887
 719.000       0.4473
 720.000       0.4416
 721.000       0.4609
 722.000       0.3812
 723.000       0.3625
 724.000       0.3881
 725.000       0.3658
 726.000       0.3450
 727.000       0.4005
 728.000       0.4930
 729.000       0.4922
 730.000       0.4760
 731.000       0.5010
 732.000       0.5862
 733.000       0.8285
 734.000       0.8535
 735.000       0.5931
 736.000       0.4783
 737.000       0.5955
 738.000       0.5189
 739.000       0.4252
 740.000       0.4196
 741.000       0.4848
 742.000       0.4450
 743.000       0.3990
 744.000       0.4602
 745.000       0.5069
 746.000       0.4396
 747.000       0.4844
 748.000       0.5678
 749.000       0.5834
 750.000       0.5750
 751.000       0.7753
 752.000       1.9333
 753.000       3.6042
