#Res             RMSF
 176.000       1.4669
 177.000       1.2657
 178.000       0.8334
 179.000       0.5891
 180.000       0.4936
 181.000       0.6851
 182.000       0.7021
 183.000       0.5465
 184.000       0.6227
 185.000       0.4639
 186.000       0.4972
 187.000       0.4129
 188.000       0.4408
 189.000       0.4142
 190.000       0.5066
 191.000       0.4415
 192.000       0.4053
 193.000       0.4047
 194.000       0.4684
 195.000       0.4813
 196.000       0.5343
 197.000       0.6545
 198.000       0.7663
 199.000       0.7178
 200.000       0.9507
 201.000       0.6144
 202.000       0.7252
 203.000       0.8305
 204.000       0.6732
 205.000       0.5947
 206.000       0.5826
 207.000       0.7050
 208.000       0.5289
 209.000       0.4318
 210.000       0.3672
 211.000       0.3766
 212.000       0.4113
 213.000       0.3927
 214.000       0.3591
 215.000       0.3927
 216.000       0.4304
 217.000       0.4211
 218.000       0.4080
 219.000       0.4786
 220.000       0.4928
 221.000       0.4515
 222.000       0.4941
 223.000       0.5282
 224.000       0.4717
 225.000       0.4227
 226.000       0.4798
 227.000       0.5061
 228.000       0.4283
 229.000       0.5034
 230.000       0.6448
 231.000       0.6425
 232.000       0.5511
 233.000       0.7650
 234.000       0.9280
 235.000       0.8538
 236.000       0.8669
 237.000       0.7044
 238.000       0.6924
 239.000       0.4936
 240.000       0.3981
 241.000       0.4045
 242.000       0.4263
 243.000       0.3730
 244.000       0.3824
 245.000       0.4380
 246.000       0.4464
 247.000       0.4853
 248.000       0.5535
 249.000       0.7876
 250.000       0.9019
 251.000       1.0038
 252.000       1.0727
 253.000       1.0013
 254.000       1.1408
 255.000       1.1627
 256.000       1.0496
 257.000       1.1184
 258.000       1.1811
 259.000       1.0374
 260.000       1.1535
 261.000       0.7122
 262.000       0.6551
 263.000       0.5877
 264.000       0.5256
 265.000       0.5659
 266.000       0.5010
 267.000       0.4920
 268.000       0.5289
 269.000       0.5815
 270.000       0.7309
 271.000       0.8050
 272.000       0.8614
 273.000       0.8419
 274.000       0.8819
 275.000       0.9645
 276.000       0.9440
 277.000       0.8753
 278.000       0.9805
 279.000       1.3082
 280.000       1.9970
