#Frame      end1_rmsd
       1       0.0000
       2       3.3423
       3       1.6532
       4       3.6131
       5       2.7638
       6       2.7009
       7       3.3337
       8       2.5461
       9       3.4921
      10       4.1390
      11       3.5837
      12       3.4236
      13       3.2895
      14       3.2783
      15       4.0293
      16       4.0454
      17       3.5725
      18       5.3229
      19       3.0864
      20       4.1432
      21       3.9871
      22       4.8533
      23       4.6723
      24       3.7611
      25       4.9170
      26       4.3196
      27       5.1053
      28       6.1719
      29       4.8975
      30       5.2087
      31       5.2481
      32       5.7821
      33       3.9975
      34       4.8269
      35       5.1944
      36       5.6358
      37       5.2659
      38       4.3923
      39       5.4830
      40       4.5186
      41       3.8573
      42       5.2422
      43       4.6582
      44       4.0105
      45       2.7064
      46       5.3475
      47       4.8824
      48       5.0408
      49       4.6237
      50       2.4828
      51       2.5509
      52       3.5716
      53       3.4124
      54       5.1048
      55       4.4089
      56       2.4169
      57       2.5171
      58       4.0411
      59       4.4901
      60       4.1569
      61       3.8821
      62       4.2701
      63       6.5364
      64       4.7352
      65       4.0298
      66       3.5653
      67       2.7234
      68       3.1992
      69       2.9474
      70       3.4918
      71       4.7504
      72       5.6105
      73       3.8827
      74       5.1802
      75       3.3990
      76       3.9018
      77       3.4066
      78       4.1048
      79       4.3955
      80       4.4999
      81       4.7318
      82       5.6084
      83       4.6460
      84       4.9299
      85       3.4832
      86       2.5965
      87       2.4150
      88       2.8302
      89       2.8833
      90       3.3838
      91       4.4560
      92       4.1782
      93       4.6356
      94       3.6763
      95       3.9381
      96       3.9802
      97       3.1259
      98       3.1083
      99       2.8629
     100       3.6793
     101       3.2056
     102       4.7436
     103       4.9984
     104       5.8019
     105       4.9244
     106       5.8777
     107       4.7781
     108       4.3867
     109       4.8835
     110       4.8998
     111       4.5897
     112       3.3217
     113       4.8561
     114       3.5607
     115       4.4831
     116       3.8881
     117       4.8716
     118       6.1891
     119       5.7575
     120       6.1389
     121       5.3650
     122       4.4703
     123       3.8063
     124       5.8031
     125       4.7151
     126       2.5225
     127       4.4102
     128       3.2754
     129       3.9544
     130       3.5951
     131       4.4061
     132       3.7213
     133       4.8906
     134       4.9936
     135       5.0382
     136       4.3594
     137       4.6599
     138       4.2035
     139       3.9792
     140       3.8944
     141       4.2096
     142       3.3748
     143       5.4766
     144       3.9472
     145       4.3764
     146       4.5676
     147       5.2935
     148       4.0688
     149       3.6972
     150       4.1284
     151       4.9942
     152       5.7661
     153       4.2193
     154       3.3180
     155       3.8254
     156       3.6333
     157       4.4151
     158       5.5205
     159       5.1514
     160       5.0166
     161       6.8631
     162       6.7297
     163       6.5132
     164       5.5487
     165       5.1321
     166       6.3536
     167       5.8654
     168       6.3021
     169       5.6470
     170       7.2804
     171       5.5213
     172       4.8014
     173       4.8280
     174       4.5937
     175       5.6841
     176       6.4135
     177       4.1421
     178       5.2559
     179       4.5412
     180       5.1756
     181       3.6794
     182       4.6159
     183       5.2202
     184       6.5333
     185       5.0225
     186       6.6498
     187       6.2166
     188       4.7740
     189       5.0233
     190       5.3670
     191       5.8961
     192       5.5486
     193       5.4544
     194       3.6786
     195       4.6497
     196       3.5516
     197       4.7801
     198       4.0435
     199       4.0209
     200       3.4181
     201       5.0066
     202       3.9948
     203       4.2396
     204       4.7043
     205       4.3042
     206       4.9660
     207       5.5822
     208       5.0329
     209       6.2109
     210       4.3059
     211       6.5542
     212       5.0759
     213       3.8975
     214       4.3570
     215       5.0008
     216       4.5401
     217       3.9548
     218       2.5626
     219       3.5526
     220       3.9623
     221       4.8856
     222       3.9281
     223       4.5436
     224       5.0274
     225       4.8436
     226       3.8369
     227       2.9768
     228       1.7073
     229       4.3320
     230       3.7709
     231       3.6888
     232       3.1680
     233       2.9388
     234       4.8442
     235       5.4285
     236       5.1651
     237       4.9542
     238       2.1827
     239       3.5767
     240       4.9227
     241       4.0884
     242       3.6635
     243       3.0173
     244       2.4401
     245       3.5130
     246       2.2207
     247       2.8185
     248       3.1207
     249       2.0827
     250       2.3468
     251       2.3792
     252       3.0225
     253       2.0042
     254       2.1855
     255       2.2843
     256       2.7827
     257       1.9165
     258       3.1657
     259       2.4301
     260       2.6051
     261       2.3991
     262       2.2706
     263       1.7360
     264       3.5678
     265       4.1579
     266       4.8174
     267       4.9243
     268       5.4548
     269       4.8874
     270       4.1893
     271       3.6421
     272       6.1679
     273       4.0678
     274       3.7851
     275       4.3824
     276       4.3112
     277       3.1486
     278       3.6990
     279       2.5928
     280       2.6205
     281       2.0553
     282       2.0034
     283       2.3132
     284       3.3724
     285       3.3934
     286       3.0843
     287       4.1482
     288       2.1617
     289       2.3563
     290       2.7219
     291       3.6247
     292       3.3568
     293       3.6327
     294       3.7529
     295       2.7821
     296       4.0392
     297       5.1960
     298       4.1290
     299       3.9641
     300       4.5527
     301       5.2881
     302       5.4527
     303       6.6922
     304       4.0278
     305       4.3430
     306       4.6769
     307       4.5916
     308       2.5231
     309       3.1663
     310       2.6407
     311       3.7830
     312       3.0648
     313       3.9983
     314       3.2603
     315       3.1373
     316       5.4268
     317       5.3857
     318       5.4279
     319       3.9491
     320       4.8078
     321       4.5833
     322       6.7324
     323       6.5712
     324       6.0116
     325       3.8343
     326       6.6886
     327       7.0934
     328       4.5083
     329       5.2168
     330       4.9808
     331       4.8342
     332       6.0701
     333       6.5628
     334       8.0606
     335       7.3675
     336       5.4698
     337       9.1335
     338      10.2136
     339       7.0608
     340       7.0021
     341       7.7515
     342       6.6858
     343       5.9605
     344       3.4162
     345       4.4652
     346       3.5311
     347       3.8439
     348       3.0070
     349       4.2886
     350       5.4767
     351       3.7954
     352       3.6709
     353       4.2903
     354       2.9467
     355       2.3193
     356       2.1300
     357       4.0683
     358       3.2092
     359       3.4653
     360       4.1106
     361       4.3517
     362       4.4194
     363       3.9352
     364       4.1774
     365       3.2569
     366       2.9896
     367       3.0956
     368       3.5087
     369       3.3218
     370       1.9834
     371       3.8368
     372       2.7745
     373       2.7058
     374       2.9655
     375       1.8090
     376       4.8307
     377       4.7911
     378       5.1114
     379       5.8667
     380       5.8876
     381       4.5111
     382       5.1271
     383       5.8916
     384       4.4818
     385       4.6114
     386       3.9377
     387       2.7727
     388       2.8585
     389       4.0462
     390       3.7495
     391       3.9670
     392       3.6214
     393       3.8943
     394       3.2659
     395       4.5403
     396       4.2852
     397       5.7878
     398       6.6045
     399       4.6928
     400       3.8148
