#Frame      end2_rmsd
       1       0.0000
       2       3.0315
       3       3.0995
       4       2.2563
       5       1.8973
       6       2.1692
       7       2.5031
       8       2.6642
       9       2.6101
      10       2.8949
      11       1.6658
      12       2.5932
      13       2.2102
      14       2.3557
      15       3.4758
      16       5.2858
      17       4.3942
      18       3.0509
      19       2.9461
      20       3.8107
      21       3.5977
      22       3.2652
      23       3.3056
      24       5.6281
      25       3.9877
      26       4.1462
      27       4.6738
      28       2.7362
      29       3.3917
      30       3.6587
      31       4.1803
      32       5.8001
      33       5.8349
      34       5.9075
      35       5.3574
      36       7.4122
      37       8.1162
      38       7.8192
      39       7.4223
      40       4.3090
      41       6.4770
      42       5.5279
      43       8.8363
      44       8.3777
      45       8.4929
      46       7.1637
      47       4.4080
      48       6.6052
      49       4.6243
      50       5.9488
      51       6.8787
      52       7.2762
      53       8.6298
      54       7.0872
      55       6.0880
      56       5.3742
      57       7.1789
      58       7.2146
      59       7.6295
      60       8.5538
      61       9.5911
      62       8.6487
      63       8.6012
      64       8.3109
      65       7.9026
      66       7.9415
      67       7.6678
      68       7.5256
      69       6.9647
      70       5.3350
      71       6.0790
      72       8.0328
      73       6.8234
      74       6.0486
      75       6.1242
      76       5.7610
      77       7.3111
      78       6.9400
      79       6.8309
      80       6.6030
      81       7.1789
      82       7.7456
      83       6.8239
      84       4.8489
      85       5.1259
      86       6.3778
      87       6.2027
      88       2.8640
      89       2.3284
      90       2.8114
      91       4.4826
      92       3.0557
      93       2.5739
      94       2.8026
      95       3.4900
      96       2.5362
      97       1.9788
      98       3.1970
      99       3.5337
     100       3.6834
     101       4.0712
     102       4.1124
     103       2.7202
     104       4.0964
     105       4.5741
     106       3.9130
     107       2.6110
     108       4.2416
     109       2.7147
     110       2.7881
     111       3.6869
     112       2.7217
     113       4.2398
     114       3.0569
     115       4.3419
     116       3.1743
     117       3.7778
     118       4.5992
     119       2.7450
     120       3.8192
     121       2.9130
     122       4.3671
     123       2.9835
     124       3.9255
     125       4.3102
     126       4.4650
     127       5.2422
     128       3.8784
     129       5.0984
     130       6.3558
     131       5.8027
     132       4.8077
     133       6.7927
     134       7.9436
     135       5.2845
     136       6.1839
     137       6.0731
     138       5.1110
     139       5.1668
     140       4.1076
     141       2.8156
     142       3.5493
     143       3.8194
     144       3.9590
     145       3.5219
     146       3.9495
     147       3.6472
     148       4.4365
     149       5.0420
     150       8.9687
     151       5.6778
     152       6.6472
     153       4.7165
     154       5.8292
     155       4.0178
     156       4.9409
     157       3.4669
     158       3.9891
     159       2.9711
     160       3.0205
     161       2.9152
     162       2.8300
     163       4.0620
     164       3.2895
     165       3.3716
     166       5.2313
     167       4.0834
     168       4.1445
     169       2.9462
     170       3.2611
     171       3.3655
     172       3.6974
     173       2.8547
     174       3.6799
     175       5.6801
     176       7.0111
     177       6.8545
     178       5.6993
     179       6.4254
     180       6.2333
     181       6.5078
     182       5.6348
     183       5.4860
     184       7.7302
     185       8.5030
     186       6.8281
     187       6.7830
     188       9.1508
     189       6.8417
     190       7.2877
     191       5.8076
     192       5.9714
     193       5.1453
     194       6.5600
     195       7.5664
     196       8.7572
     197       9.3374
     198       6.3667
     199       5.6938
     200       5.9932
     201       7.7092
     202       8.3598
     203       6.1355
     204       6.0839
     205       5.6729
     206       6.7782
     207       8.8826
     208       7.1746
     209       7.9983
     210       5.0214
     211       5.5191
     212       5.7172
     213       6.2739
     214       5.2759
     215       5.3425
     216       5.8251
     217       5.4751
     218       4.5846
     219       5.0999
     220       4.6461
     221       5.4390
     222       6.1934
     223       5.1529
     224       4.8751
     225       4.9456
     226       6.6305
     227       6.7468
     228       4.5635
     229       5.5915
     230       5.3477
     231       6.0193
     232       5.4773
     233       5.9140
     234       5.7495
     235       5.0382
     236       6.5003
     237       4.8746
     238       5.0906
     239       6.3079
     240       6.0593
     241       5.4935
     242       6.4519
     243       6.2952
     244       7.2293
     245       6.8928
     246       6.8280
     247       6.5804
     248       5.7275
     249       6.4715
     250       6.4863
     251       6.3663
     252       6.2791
     253       6.0877
     254       5.6797
     255       7.1280
     256       5.9457
     257       6.4223
     258       5.7776
     259       5.4827
     260       5.4611
     261       5.6799
     262       5.9126
     263       6.6442
     264       7.7862
     265       8.2957
     266       8.7044
     267       7.0319
     268       5.8357
     269       6.0095
     270       5.6288
     271       5.2920
     272       5.5048
     273       5.1598
     274       6.1828
     275       5.4591
     276       5.2679
     277       5.7641
     278       5.0435
     279       5.4766
     280       5.0679
     281       4.9487
     282       5.7375
     283       5.1421
     284       4.6597
     285       5.2630
     286       6.0896
     287       5.9851
     288       6.1040
     289       5.8981
     290       5.8928
     291       5.8526
     292       5.9997
     293       5.2888
     294       8.4618
     295       6.9542
     296       6.7297
     297       7.0574
     298       6.9172
     299       7.4086
     300       7.1730
     301       7.1302
     302       6.7853
     303       6.3356
     304       5.6144
     305       5.9171
     306       6.2016
     307       5.6547
     308       6.7659
     309       5.8533
     310       6.0492
     311       5.8380
     312       5.5984
     313       5.8170
     314       7.1097
     315       6.9069
     316       6.6711
     317       6.9047
     318       6.2058
     319       6.8656
     320       7.5643
     321       6.6196
     322       6.4207
     323       6.6151
     324       6.3845
     325       6.4409
     326       7.3879
     327       6.7370
     328       6.9727
     329       8.0958
     330       8.0240
     331       8.3493
     332       7.0742
     333       7.4501
     334       7.6427
     335       7.5781
     336       7.5231
     337       7.6436
     338       7.2098
     339       7.9424
     340       7.8018
     341       7.0104
     342       7.0301
     343       7.4309
     344       8.0449
     345       7.5104
     346       7.6723
     347       7.3038
     348       6.0919
     349       6.4629
     350       6.1662
     351       7.4286
     352       7.3469
     353       8.3057
     354       7.5417
     355       9.2312
     356       8.4231
     357       9.3685
     358       8.8197
     359      10.3519
     360      10.7339
     361      10.0137
     362       8.6697
     363       8.8910
     364       9.1603
     365      10.1284
     366       9.8866
     367      11.1059
     368       9.8570
     369      10.2466
     370      11.1608
     371       8.9435
     372       8.3635
     373       8.0774
     374       7.5817
     375       7.0168
     376       7.4761
     377       7.5031
     378       8.0793
     379       7.2501
     380       7.3730
     381       7.0346
     382       7.2006
     383       8.1122
     384       7.9501
     385       8.9733
     386       8.1453
     387       7.7433
     388       8.2904
     389       9.0259
     390       8.4836
     391       8.3020
     392       7.5866
     393       9.2441
     394       7.9709
     395       8.3118
     396       8.6393
     397       8.5973
     398       8.5805
     399       6.6017
     400       7.1057
