#Frame      end1_rmsd
       1       0.0000
       2       2.5407
       3       2.6984
       4       2.7939
       5       2.3829
       6       2.1757
       7       2.2527
       8       2.5580
       9       1.4997
      10       2.9522
      11       1.8513
      12       3.2405
      13       2.3756
      14       2.4717
      15       1.9908
      16       1.8404
      17       2.2658
      18       1.9096
      19       1.7242
      20       3.0163
      21       2.9124
      22       2.6965
      23       4.3462
      24       2.6307
      25       5.3380
      26       3.2900
      27       3.8573
      28       3.6481
      29       2.5336
      30       2.7050
      31       2.6842
      32       2.5014
      33       4.5262
      34       3.5946
      35       3.0873
      36       2.8764
      37       1.9611
      38       2.2119
      39       2.6596
      40       2.6396
      41       1.8572
      42       3.4327
      43       1.8558
      44       4.1392
      45       3.0042
      46       3.1120
      47       3.6553
      48       3.8759
      49       3.5039
      50       4.2956
      51       3.8304
      52       2.5767
      53       3.9532
      54       3.6759
      55       3.2780
      56       4.3076
      57       4.7442
      58       4.6539
      59       3.0370
      60       3.6306
      61       5.3559
      62       5.1532
      63       3.6436
      64       4.8573
      65       3.4536
      66       2.9385
      67       2.6816
      68       2.3581
      69       3.4229
      70       1.8998
      71       2.8853
      72       2.0928
      73       1.6850
      74       2.3960
      75       3.2069
      76       2.6194
      77       2.0060
      78       3.5499
      79       3.5972
      80       2.8261
      81       3.2060
      82       2.0217
      83       2.4156
      84       2.5729
      85       3.3354
      86       2.7061
      87       2.4479
      88       2.6417
      89       2.2983
      90       2.8147
      91       2.9017
      92       2.8038
      93       3.0586
      94       2.9787
      95       2.8141
      96       2.2884
      97       2.7649
      98       2.5357
      99       2.5830
     100       2.2657
     101       2.0458
     102       1.8594
     103       2.2919
     104       2.6535
     105       2.9143
     106       2.6278
     107       2.2094
     108       2.7159
     109       3.1224
     110       2.1193
     111       3.4132
     112       3.0418
     113       3.2982
     114       3.0043
     115       3.3295
     116       3.2090
     117       2.3036
     118       3.5778
     119       3.1229
     120       3.5696
     121       3.1163
     122       3.0844
     123       3.0124
     124       3.5190
     125       2.5526
     126       2.5608
     127       5.3038
     128       6.0812
     129       4.5334
     130       5.6841
     131       5.7069
     132       5.7254
     133       4.7290
     134       4.1731
     135       2.8566
     136       3.3226
     137       3.8671
     138       2.7333
     139       3.5936
     140       4.8756
     141       4.6633
     142       3.5348
     143       2.8367
     144       2.1280
     145       2.4568
     146       2.4091
     147       2.4348
     148       3.9085
     149       2.3229
     150       2.4217
     151       1.8285
     152       2.2221
     153       1.9187
     154       1.7758
     155       2.4381
     156       2.5404
     157       3.2765
     158       2.3955
     159       2.4536
     160       1.8815
     161       2.2825
     162       2.2644
     163       1.8871
     164       2.3501
     165       3.4510
     166       3.5258
     167       3.6793
     168       4.2843
     169       3.2298
     170       3.7629
     171       4.1866
     172       4.5780
     173       4.1081
     174       4.5003
     175       3.2950
     176       3.7771
     177       2.9725
     178       3.8703
     179       5.9434
     180       3.2947
     181       4.1682
     182       5.9974
     183       6.7329
     184       5.6637
     185       3.8866
     186       3.9222
     187       5.2008
     188       5.7967
     189       4.6076
     190       4.7608
     191       4.0685
     192       4.6500
     193       2.8181
     194       3.6296
     195       4.2850
     196       4.7792
     197       3.7536
     198       3.2378
     199       4.8816
     200       5.1079
     201       5.7469
     202       6.0683
     203       6.1626
     204       5.8211
     205       5.7089
     206       5.0038
     207       6.0869
     208       4.8833
     209       6.6059
     210       6.4490
     211       5.5833
     212       4.0101
     213       2.9837
     214       4.0806
     215       4.6697
     216       5.1267
     217       5.4788
     218       6.7285
     219       7.0566
     220       6.6971
     221       6.9448
     222       5.8401
     223       4.8272
     224       3.8798
     225       4.8844
     226       4.2611
     227       4.2266
     228       3.9988
     229       4.5158
     230       5.5840
     231       4.3071
     232       4.2693
     233       4.2751
     234       3.4421
     235       4.8102
     236       4.8847
     237       4.0372
     238       3.5811
     239       3.2070
     240       3.3953
     241       3.5629
     242       3.4670
     243       4.1129
     244       4.2118
     245       4.2430
     246       3.9750
     247       4.9485
     248       5.3115
     249       4.6622
     250       4.9921
     251       3.7718
     252       4.6441
     253       5.2829
     254       5.2388
     255       4.2445
     256       4.6764
     257       4.6503
     258       4.9960
     259       3.1122
     260       4.9216
     261       3.6652
     262       4.1191
     263       2.5360
     264       3.8990
     265       6.1578
     266       5.0708
     267       5.0647
     268       5.8731
     269       5.3392
     270       5.8480
     271       5.7697
     272       4.6866
     273       6.2703
     274       5.7095
     275       5.9721
     276       5.2092
     277       5.6119
     278       4.7698
     279       5.3981
     280       5.5158
     281       4.3850
     282       4.0680
     283       4.1494
     284       4.3753
     285       6.1076
     286       5.4159
     287       5.2091
     288       6.4433
     289       4.5924
     290       4.8079
     291       5.7137
     292       5.8423
     293       6.4182
     294       4.2834
     295       4.7565
     296       3.5871
     297       4.9472
     298       5.6544
     299       5.4821
     300       4.8302
     301       5.6613
     302       4.3849
     303       3.8020
     304       4.2610
     305       5.4781
     306       4.2942
     307       4.0533
     308       4.2429
     309       4.4877
     310       3.5667
     311       6.0051
     312       3.5091
     313       4.5253
     314       3.7495
     315       6.2637
     316       7.6599
     317       7.6574
     318       6.1610
     319       5.8742
     320       5.2302
     321       5.8773
     322       6.8522
     323       5.8230
     324       6.0756
     325       6.0237
     326       5.6428
     327       5.8963
     328       7.0731
     329       5.9408
     330       5.7337
     331       7.0800
     332       5.5321
     333       5.9985
     334       4.7619
     335       5.2402
     336       4.3510
     337       3.4777
     338       4.4886
     339       3.3585
     340       3.9366
     341       3.9577
     342       4.2814
     343       4.6236
     344       3.7399
     345       4.7988
     346       3.9433
     347       4.5621
     348       3.6751
     349       4.0477
     350       4.3696
     351       4.2477
     352       3.2784
     353       3.9137
     354       4.6740
     355       5.2420
     356       4.5177
     357       4.4846
     358       4.7177
     359       4.9255
     360       3.6505
     361       3.5058
     362       2.7446
     363       4.5617
     364       2.9868
     365       3.8687
     366       4.0438
     367       5.1100
     368       3.0725
     369       3.2696
     370       4.0179
     371       5.3246
     372       3.8397
     373       4.2251
     374       4.9888
     375       4.9027
     376       4.4255
     377       3.5909
     378       2.7402
     379       3.2531
     380       2.3644
     381       2.3580
     382       1.8960
     383       2.8049
     384       2.4031
     385       3.2148
     386       3.3523
     387       2.3633
     388       2.0994
     389       2.0846
     390       2.3654
     391       2.4220
     392       2.2520
     393       3.6739
     394       4.1499
     395       2.1190
     396       1.7548
     397       3.6488
     398       2.9714
     399       3.2484
     400       2.5502
