#Frame      end2_rmsd
       1       0.0000
       2       2.2633
       3       1.7267
       4       2.3398
       5       2.3335
       6       1.9506
       7       2.8856
       8       1.8090
       9       3.1340
      10       2.7050
      11       3.3408
      12       3.2190
      13       2.5333
      14       2.5813
      15       4.0573
      16       4.3346
      17       2.5154
      18       4.8577
      19       4.2083
      20       4.5269
      21       4.3872
      22       5.5107
      23       4.4430
      24       4.1447
      25       3.8511
      26       4.3934
      27       2.5627
      28       2.7558
      29       4.1852
      30       2.4454
      31       2.6641
      32       3.3345
      33       2.9455
      34       3.7204
      35       3.2671
      36       1.9696
      37       2.7328
      38       3.3116
      39       4.3440
      40       4.0635
      41       3.7998
      42       2.9140
      43       3.6472
      44       3.7928
      45       2.7573
      46       3.6794
      47       2.9985
      48       4.1004
      49       3.6849
      50       2.8560
      51       3.2145
      52       3.0913
      53       3.3460
      54       3.9872
      55       5.3030
      56       2.2934
      57       2.8553
      58       2.3059
      59       2.4194
      60       3.3619
      61       2.1607
      62       2.5403
      63       3.5878
      64       3.7702
      65       2.4092
      66       2.3686
      67       2.4781
      68       5.0330
      69       4.1138
      70       4.4174
      71       3.5810
      72       3.8690
      73       4.3396
      74       3.5795
      75       4.5601
      76       3.9460
      77       4.2296
      78       3.6760
      79       3.9085
      80       2.8471
      81       2.0950
      82       3.3135
      83       2.0844
      84       2.8019
      85       2.3146
      86       2.7488
      87       2.3686
      88       2.9685
      89       3.2410
      90       2.2793
      91       4.2089
      92       2.3384
      93       2.7710
      94       3.1273
      95       3.7064
      96       2.3286
      97       2.7800
      98       3.5421
      99       3.2890
     100       2.6696
     101       3.0201
     102       2.7665
     103       2.8155
     104       2.8044
     105       2.4438
     106       2.9413
     107       3.8229
     108       3.7034
     109       4.5069
     110       4.4585
     111       3.1265
     112       2.7730
     113       2.7726
     114       2.9244
     115       3.3260
     116       3.0322
     117       2.3089
     118       3.6125
     119       4.3826
     120       4.8947
     121       2.6642
     122       2.1518
     123       2.9161
     124       3.0662
     125       3.5413
     126       2.0704
     127       2.2054
     128       3.3210
     129       3.1554
     130       3.0620
     131       2.1101
     132       2.4373
     133       2.2667
     134       2.1932
     135       2.4119
     136       2.5028
     137       2.6899
     138       3.5730
     139       4.5324
     140       2.9338
     141       2.6673
     142       2.8994
     143       4.9973
     144       4.6404
     145       3.0704
     146       3.3455
     147       4.7165
     148       4.6962
     149       3.7949
     150       4.9517
     151       2.2093
     152       3.1052
     153       2.7842
     154       3.0170
     155       4.0419
     156       3.2170
     157       1.9840
     158       2.6057
     159       2.8873
     160       2.2465
     161       3.3413
     162       2.8777
     163       1.7341
     164       3.1742
     165       2.1372
     166       2.4572
     167       2.9164
     168       2.2827
     169       1.7295
     170       2.7365
     171       2.3148
     172       3.2720
     173       2.1622
     174       1.9689
     175       1.8405
     176       1.9991
     177       2.6192
     178       3.4613
     179       2.3300
     180       3.0345
     181       2.0682
     182       5.0148
     183       4.5395
     184       2.6246
     185       3.8503
     186       2.8578
     187       3.1140
     188       3.1585
     189       2.0268
     190       2.0926
     191       2.1589
     192       3.5683
     193       2.4699
     194       4.6720
     195       3.1390
     196       3.7629
     197       5.9130
     198       2.8256
     199       3.3461
     200       3.3790
     201       3.0902
     202       2.5651
     203       4.3293
     204       3.8758
     205       3.3749
     206       3.7423
     207       2.3581
     208       3.8426
     209       3.7733
     210       4.5655
     211       3.1961
     212       3.1947
     213       3.5075
     214       3.6782
     215       4.1453
     216       5.4593
     217       3.4361
     218       4.5400
     219       2.6979
     220       3.1932
     221       4.8371
     222       2.9763
     223       5.4493
     224       4.7059
     225       3.4549
     226       4.9941
     227       3.9703
     228       3.6970
     229       4.7219
     230       4.1597
     231       4.0448
     232       3.4557
     233       4.3280
     234       3.3856
     235       4.0806
     236       4.0018
     237       3.6184
     238       4.2928
     239       5.7678
     240       5.6493
     241       5.1949
     242       5.4025
     243       5.1597
     244       5.0451
     245       6.4993
     246       5.9857
     247       5.4972
     248       3.7269
     249       4.6244
     250       3.4269
     251       3.8832
     252       5.2596
     253       4.8830
     254       4.5416
     255       5.0940
     256       4.0312
     257       5.0298
     258       4.1791
     259       5.3998
     260       3.8387
     261       4.6673
     262       3.3952
     263       5.0274
     264       4.9843
     265       5.6919
     266       3.6965
     267       4.3930
     268       4.6228
     269       4.4860
     270       4.4317
     271       5.0636
     272       3.0382
     273       4.3141
     274       4.1975
     275       3.0597
     276       5.0396
     277       3.8233
     278       4.9015
     279       4.3939
     280       4.1081
     281       4.1423
     282       4.2046
     283       5.7771
     284       6.2743
     285       5.3346
     286       3.7334
     287       3.8178
     288       4.9344
     289       4.9249
     290       3.6761
     291       3.9882
     292       5.2246
     293       4.7072
     294       3.8842
     295       4.8410
     296       6.4904
     297       5.5334
     298       4.1022
     299       4.6735
     300       5.8656
     301       4.5480
     302       6.5773
     303       5.0849
     304       3.6398
     305       5.3545
     306       5.6789
     307       5.3602
     308       5.4108
     309       4.6213
     310       4.0230
     311       5.5798
     312       4.6051
     313       4.4223
     314       4.3277
     315       4.3190
     316       4.8066
     317       5.4182
     318       4.8217
     319       3.4946
     320       3.8356
     321       4.0073
     322       4.1618
     323       4.1984
     324       3.6619
     325       5.1960
     326       5.4883
     327       5.3666
     328       5.4545
     329       4.8061
     330       4.2615
     331       4.2148
     332       5.7622
     333       5.0668
     334       4.8055
     335       3.9443
     336       5.9914
     337       4.5658
     338       5.4910
     339       4.6085
     340       5.3832
     341       5.5938
     342       3.8765
     343       4.2765
     344       3.3833
     345       3.8391
     346       2.6483
     347       4.6138
     348       4.3388
     349       3.8252
     350       3.6841
     351       4.3023
     352       5.5770
     353       5.1196
     354       3.9058
     355       3.9313
     356       4.5411
     357       3.6407
     358       4.5485
     359       4.8266
     360       6.1172
     361       4.3339
     362       4.4073
     363       6.1449
     364       4.3261
     365       5.0889
     366       4.3597
     367       4.5980
     368       4.5605
     369       3.3635
     370       4.5198
     371       5.5963
     372       4.1208
     373       4.3063
     374       5.0418
     375       4.2122
     376       5.0126
     377       4.6160
     378       3.1807
     379       3.7425
     380       3.3772
     381       3.8914
     382       4.2074
     383       4.4289
     384       3.7728
     385       3.3831
     386       3.6901
     387       4.2777
     388       3.7948
     389       4.7252
     390       4.5269
     391       4.3971
     392       4.8269
     393       3.8347
     394       4.7249
     395       4.6277
     396       4.5749
     397       4.1410
     398       3.9435
     399       3.7885
     400       4.2997
