#Frame           gap7
       1      23.6133
       2      24.1785
       3      24.5115
       4      23.8876
       5      23.4346
       6      23.4195
       7      23.5805
       8      23.0435
       9      23.3797
      10      23.2837
      11      24.0097
      12      24.8348
      13      24.4152
      14      24.8283
      15      24.8155
      16      24.3006
      17      23.1231
      18      22.8553
      19      22.5227
      20      22.8272
      21      23.3742
      22      23.0295
      23      24.4402
      24      24.9637
      25      24.8545
      26      24.2033
      27      24.4820
      28      24.2772
      29      24.2583
      30      23.3988
      31      24.0196
      32      24.7636
      33      24.9341
      34      24.9738
      35      25.0631
      36      23.7640
      37      24.7580
      38      24.9701
      39      23.9550
      40      24.9218
      41      24.1757
      42      23.9581
      43      24.8623
      44      24.6157
      45      24.0514
      46      24.1729
      47      24.2462
      48      23.7159
      49      23.8391
      50      24.3228
      51      25.0997
      52      23.8603
      53      24.2081
      54      24.0721
      55      24.1806
      56      23.9858
      57      23.6637
      58      24.1482
      59      24.2527
      60      24.7830
      61      25.2864
      62      25.0803
      63      24.4061
      64      23.9551
      65      24.6345
      66      24.5241
      67      24.7424
      68      24.7382
      69      24.1802
      70      24.1965
      71      23.9115
      72      24.4634
      73      23.8381
      74      23.7753
      75      24.4240
      76      24.3664
      77      23.8204
      78      24.7921
      79      24.7260
      80      24.5048
      81      25.2217
      82      24.5966
      83      24.0932
      84      24.7489
      85      24.7485
      86      25.0881
      87      25.4215
      88      25.7203
      89      24.4712
      90      25.3215
      91      24.8248
      92      24.6933
      93      25.0646
      94      24.9460
      95      24.4802
      96      25.2564
      97      24.7358
      98      25.7102
      99      24.8403
     100      24.5047
     101      23.8241
     102      25.0544
     103      24.5425
     104      25.6911
     105      24.9636
     106      24.7409
     107      24.4815
     108      24.6058
     109      25.1093
     110      25.0327
     111      24.6016
     112      24.5684
     113      24.0350
     114      24.3600
     115      24.9020
     116      24.6184
     117      25.9795
     118      24.5006
     119      24.5899
     120      24.1363
     121      24.6453
     122      24.9701
     123      24.6835
     124      24.5957
     125      24.9468
     126      25.1722
     127      24.1413
     128      24.1518
     129      25.0137
     130      25.0988
     131      24.5160
     132      24.8995
     133      24.5006
     134      24.4797
     135      24.6156
     136      24.2936
     137      24.6522
     138      24.4494
     139      24.5029
     140      24.6067
     141      24.6448
     142      24.3210
     143      25.2940
     144      25.6608
     145      24.0141
     146      25.0257
     147      25.0150
     148      24.9070
     149      24.8023
     150      24.8639
     151      24.5723
     152      24.2480
     153      24.9210
     154      24.9540
     155      24.4369
     156      24.7158
     157      24.2572
     158      25.2026
     159      24.7217
     160      25.0170
     161      24.1272
     162      24.2432
     163      24.8185
     164      24.8481
     165      25.3728
     166      24.7188
     167      24.8055
     168      24.8618
     169      25.4094
     170      25.4913
     171      24.8343
     172      25.0208
     173      25.1763
     174      24.5836
     175      24.7041
     176      24.8888
     177      25.7822
     178      24.0664
     179      24.3543
     180      24.8735
     181      24.7721
     182      25.8953
     183      24.9948
     184      24.6316
     185      24.9230
     186      25.0361
     187      24.6260
     188      24.8032
     189      24.4516
     190      25.4378
     191      24.5759
     192      24.6027
     193      24.8813
     194      23.8435
     195      24.5775
     196      24.1271
     197      24.3410
     198      25.0852
     199      24.8734
     200      25.2090
     201      24.7880
     202      25.2865
     203      24.5977
     204      24.3678
     205      25.5464
     206      24.8154
     207      24.7420
     208      24.5579
     209      25.3697
     210      24.3367
     211      25.3399
     212      24.8096
     213      24.6442
     214      25.1795
     215      24.6951
     216      24.7852
     217      23.8748
     218      24.0863
     219      24.9100
     220      25.5066
     221      25.0739
     222      24.5949
     223      25.2847
     224      24.9873
     225      24.3737
     226      24.7720
     227      25.4966
     228      24.9833
     229      24.9200
     230      25.9058
     231      25.1653
     232      24.6967
     233      25.1742
     234      24.0881
     235      25.1552
     236      25.1615
     237      24.6723
     238      25.3046
     239      24.9429
     240      24.5177
     241      23.4003
     242      24.2599
     243      25.5096
     244      25.3798
     245      25.2208
     246      25.0419
     247      24.4943
     248      24.6087
     249      24.4290
     250      24.9425
     251      24.4529
     252      25.3470
     253      25.2954
     254      24.4557
     255      24.3797
     256      24.5575
     257      25.3635
     258      24.6078
     259      24.2330
     260      24.7384
     261      24.7401
     262      25.1032
     263      24.3056
     264      24.5583
     265      24.8030
     266      25.0343
     267      24.0850
     268      24.4185
     269      23.6130
     270      23.0381
     271      23.7973
     272      23.1562
     273      23.8906
     274      23.0485
     275      22.8724
     276      22.3046
     277      23.1951
     278      23.5949
     279      24.2286
     280      24.3617
     281      23.8573
     282      22.6427
     283      23.4231
     284      22.8230
     285      22.9961
     286      23.1714
     287      23.6320
     288      23.0676
     289      22.7314
     290      22.7193
     291      23.0469
     292      24.2568
     293      23.9000
     294      23.4980
     295      24.0026
     296      24.1932
     297      23.6675
     298      23.0538
     299      23.1215
     300      23.1935
     301      23.6921
     302      23.3104
     303      23.3514
     304      22.8978
     305      22.7400
     306      22.3915
     307      22.7228
     308      22.5534
     309      22.3679
     310      22.6228
     311      23.6095
     312      23.4471
     313      23.1765
     314      23.3102
     315      24.2172
     316      24.5802
     317      23.7810
     318      25.0667
     319      23.5354
     320      24.1163
     321      25.2801
     322      25.4261
     323      24.6108
     324      24.4310
     325      24.2872
     326      24.5963
     327      24.8873
     328      24.8957
     329      24.3548
     330      24.4603
     331      24.8408
     332      24.6077
     333      24.9985
     334      25.2566
     335      25.0257
     336      24.2410
     337      23.5582
     338      24.5599
     339      24.9957
     340      24.2090
     341      24.7619
     342      24.4494
     343      24.6196
     344      23.9746
     345      23.1618
     346      23.0508
     347      23.9177
     348      23.6559
     349      24.6344
     350      24.1571
     351      24.3522
     352      24.3830
     353      24.3347
     354      24.5631
     355      24.1424
     356      23.9498
     357      24.9477
     358      24.5583
     359      23.9709
     360      23.4374
     361      23.4441
     362      23.9816
     363      23.4176
     364      24.4341
     365      24.9246
     366      25.0938
     367      23.6613
     368      24.0631
     369      24.0160
     370      23.1845
     371      23.6613
     372      23.6146
     373      24.5854
     374      24.0236
     375      24.0862
     376      24.1281
     377      24.2687
     378      24.6986
     379      25.2157
     380      25.6612
     381      24.9627
     382      24.3090
     383      25.3924
     384      25.1475
     385      24.9834
     386      24.1811
     387      24.0085
     388      24.8789
     389      24.8556
     390      25.3117
     391      24.3362
     392      25.2465
     393      24.0620
     394      24.8236
     395      24.6972
     396      25.0359
     397      24.7838
     398      23.9266
     399      25.8380
     400      24.5437
