#Frame           gap3
       1      30.3372
       2      28.3890
       3      26.3784
       4      27.7017
       5      29.2236
       6      28.3219
       7      28.2026
       8      28.3958
       9      26.9072
      10      27.2585
      11      27.7325
      12      26.7445
      13      29.0991
      14      27.2825
      15      27.8356
      16      28.9295
      17      27.1933
      18      28.0736
      19      29.4309
      20      28.4077
      21      27.4585
      22      26.2503
      23      27.3490
      24      26.9032
      25      25.8620
      26      27.2768
      27      27.7879
      28      27.4799
      29      25.8947
      30      27.3870
      31      27.3357
      32      25.8905
      33      24.7466
      34      25.5123
      35      25.3061
      36      25.9372
      37      26.8455
      38      25.5598
      39      26.1211
      40      27.3707
      41      26.2052
      42      27.6566
      43      29.5189
      44      27.5002
      45      26.9144
      46      26.0640
      47      27.9350
      48      27.3440
      49      27.8873
      50      27.0968
      51      28.0995
      52      27.3324
      53      28.2207
      54      29.3015
      55      26.9571
      56      27.8382
      57      27.1275
      58      26.1176
      59      27.9894
      60      27.9186
      61      27.2777
      62      27.3988
      63      27.4117
      64      28.0956
      65      27.9318
      66      28.3477
      67      27.6162
      68      29.1128
      69      30.4248
      70      28.3575
      71      30.0204
      72      30.1175
      73      27.8524
      74      28.9984
      75      27.6767
      76      28.0726
      77      28.7238
      78      27.4323
      79      26.9950
      80      27.2956
      81      27.3537
      82      27.1628
      83      28.8850
      84      26.7600
      85      27.8971
      86      29.4471
      87      28.4158
      88      29.4112
      89      29.8786
      90      27.8129
      91      26.7910
      92      26.2930
      93      26.9332
      94      26.4196
      95      28.8021
      96      28.3450
      97      26.9952
      98      27.7163
      99      27.5102
     100      27.9356
     101      28.2565
     102      28.3215
     103      30.3804
     104      27.9136
     105      28.1830
     106      27.0403
     107      27.9271
     108      27.1341
     109      27.0207
     110      26.9786
     111      27.5143
     112      26.9381
     113      28.2404
     114      28.7525
     115      28.3855
     116      28.3493
     117      28.6463
     118      28.9908
     119      26.4554
     120      25.7286
     121      28.9731
     122      28.2507
     123      26.7097
     124      27.4264
     125      28.3626
     126      27.9827
     127      27.5517
     128      27.0377
     129      26.5380
     130      26.0463
     131      26.5695
     132      26.6066
     133      27.4789
     134      27.6285
     135      27.3810
     136      27.5862
     137      27.3247
     138      28.2178
     139      27.9938
     140      26.0917
     141      26.3840
     142      27.4410
     143      29.2579
     144      27.9152
     145      26.3888
     146      27.6652
     147      28.1801
     148      28.9183
     149      28.7080
     150      28.2668
     151      26.8818
     152      28.4264
     153      27.1301
     154      27.1770
     155      28.8082
     156      28.7811
     157      28.8710
     158      29.9630
     159      29.1952
     160      27.3274
     161      28.6584
     162      27.1020
     163      29.3432
     164      28.7082
     165      29.7017
     166      28.6376
     167      29.2633
     168      27.9177
     169      28.2538
     170      28.6910
     171      29.3732
     172      28.5109
     173      27.7855
     174      28.7038
     175      29.9926
     176      28.7722
     177      28.5280
     178      26.0041
     179      26.9418
     180      27.1330
     181      28.6552
     182      26.9635
     183      28.7336
     184      29.2120
     185      29.2793
     186      27.8728
     187      29.4159
     188      31.4778
     189      29.6693
     190      29.7241
     191      28.3234
     192      29.3278
     193      28.7451
     194      28.7497
     195      27.1717
     196      27.7349
     197      29.6299
     198      29.4017
     199      28.6042
     200      29.2604
     201      29.2171
     202      28.3341
     203      26.4266
     204      26.3913
     205      27.8018
     206      28.4145
     207      29.5266
     208      27.2348
     209      28.5993
     210      27.4277
     211      28.6039
     212      28.5830
     213      29.3017
     214      28.7993
     215      26.5928
     216      27.1043
     217      26.6919
     218      27.8642
     219      25.9991
     220      28.8118
     221      29.6256
     222      30.6377
     223      28.6658
     224      28.6622
     225      29.5853
     226      29.7921
     227      30.2878
     228      29.3559
     229      28.6392
     230      28.6214
     231      29.4293
     232      28.0278
     233      29.5190
     234      28.5011
     235      28.2623
     236      28.7527
     237      30.7440
     238      30.1757
     239      29.3852
     240      29.6148
     241      27.9523
     242      27.8808
     243      29.2272
     244      26.6825
     245      26.7098
     246      27.3356
     247      28.0097
     248      27.3492
     249      28.8876
     250      28.5598
     251      29.7040
     252      29.8407
     253      28.9657
     254      27.6735
     255      27.1854
     256      30.0690
     257      28.8114
     258      29.2376
     259      28.0185
     260      30.4299
     261      29.9124
     262      27.6354
     263      27.6029
     264      27.3221
     265      27.5451
     266      28.4411
     267      28.9857
     268      28.0965
     269      29.0770
     270      28.2258
     271      28.0684
     272      26.9093
     273      27.3936
     274      28.2255
     275      28.3025
     276      27.0544
     277      26.2562
     278      26.5178
     279      26.7281
     280      27.0803
     281      27.5677
     282      29.7141
     283      27.4510
     284      28.4229
     285      26.5085
     286      27.3644
     287      26.2496
     288      28.6305
     289      28.0615
     290      26.5232
     291      27.6573
     292      27.9438
     293      27.9589
     294      28.1242
     295      27.3382
     296      26.0480
     297      27.5210
     298      25.5870
     299      27.0147
     300      25.0505
     301      25.2268
     302      27.8583
     303      30.0094
     304      27.2871
     305      26.9229
     306      26.6262
     307      27.6640
     308      27.8888
     309      28.2098
     310      27.2100
     311      29.0817
     312      27.2685
     313      25.7842
     314      27.2148
     315      28.2708
     316      29.3038
     317      28.4255
     318      26.3163
     319      26.4898
     320      26.8947
     321      23.6539
     322      26.7099
     323      26.8757
     324      25.6494
     325      24.4606
     326      27.7907
     327      27.9968
     328      26.4303
     329      26.6653
     330      27.4712
     331      29.3194
     332      31.1192
     333      29.7149
     334      26.3921
     335      26.4087
     336      26.5344
     337      24.6749
     338      26.7114
     339      26.1143
     340      27.2839
     341      27.5723
     342      27.7497
     343      27.7273
     344      28.4978
     345      27.8198
     346      28.0278
     347      28.1109
     348      25.5661
     349      26.8565
     350      27.6601
     351      27.3561
     352      27.6284
     353      29.8849
     354      28.2666
     355      28.1399
     356      27.9783
     357      27.4850
     358      27.0507
     359      26.8558
     360      28.0212
     361      25.5087
     362      26.1237
     363      27.2436
     364      27.2158
     365      26.3750
     366      28.0480
     367      28.5243
     368      28.5020
     369      28.3332
     370      26.0273
     371      25.7571
     372      27.5396
     373      26.6281
     374      26.7541
     375      26.3888
     376      28.2766
     377      27.8413
     378      28.5506
     379      29.0771
     380      29.1994
     381      28.1106
     382      28.0167
     383      27.5816
     384      27.3618
     385      27.7818
     386      27.1451
     387      28.0488
     388      25.4657
     389      28.9636
     390      26.7418
     391      27.5945
     392      26.0728
     393      26.2600
     394      25.0998
     395      27.2594
     396      27.5931
     397      29.0385
     398      27.2884
     399      30.7332
     400      30.2129
