#Res             RMSF
 476.000       3.3361
 477.000       2.1259
 478.000       1.2316
 479.000       0.9479
 480.000       0.6708
 481.000       0.6064
 482.000       0.8570
 483.000       0.9480
 484.000       0.7277
 485.000       0.6310
 486.000       0.5526
 487.000       0.5037
 488.000       0.4959
 489.000       0.3732
 490.000       0.3543
 491.000       0.3655
 492.000       0.3664
 493.000       0.3501
 494.000       0.3834
 495.000       0.4124
 496.000       0.4439
 497.000       0.4738
 498.000       0.4094
 499.000       0.4748
 500.000       0.4500
 501.000       0.4320
 502.000       0.4622
 503.000       0.5099
 504.000       0.4880
 505.000       0.3850
 506.000       0.4136
 507.000       0.5341
 508.000       0.5010
 509.000       0.4070
 510.000       0.4810
 511.000       0.5247
 512.000       0.5005
 513.000       0.4474
 514.000       0.5132
 515.000       0.5763
 516.000       0.4669
 517.000       0.4748
 518.000       0.5128
 519.000       0.4674
 520.000       0.3829
 521.000       0.3558
 522.000       0.3945
 523.000       0.3493
 524.000       0.3504
 525.000       0.3731
 526.000       0.3918
 527.000       0.3751
 528.000       0.3793
 529.000       0.4835
 530.000       0.5110
 531.000       0.5307
 532.000       0.5957
 533.000       0.4462
 534.000       0.6399
 535.000       0.3952
 536.000       0.3676
 537.000       0.4010
 538.000       0.3789
 539.000       0.4138
 540.000       0.3501
 541.000       0.3390
 542.000       0.3692
 543.000       0.3353
 544.000       0.4183
 545.000       0.4127
 546.000       0.4965
 547.000       0.6824
 548.000       0.5874
 549.000       0.6605
 550.000       0.6394
 551.000       0.5150
 552.000       0.4352
 553.000       0.4438
 554.000       0.6060
 555.000       0.8762
 556.000       1.8535
 557.000       2.6431
