#Res             RMSF
 176.000       2.3268
 177.000       1.4792
 178.000       0.8759
 179.000       0.6563
 180.000       0.5967
 181.000       0.7696
 182.000       0.7692
 183.000       0.5945
 184.000       0.6823
 185.000       0.5768
 186.000       0.6727
 187.000       0.5437
 188.000       0.6549
 189.000       0.5198
 190.000       0.6109
 191.000       0.6130
 192.000       0.5596
 193.000       0.5430
 194.000       0.6443
 195.000       0.6798
 196.000       0.6558
 197.000       0.7738
 198.000       0.9645
 199.000       0.7971
 200.000       0.9147
 201.000       0.7038
 202.000       0.7678
 203.000       0.7022
 204.000       0.5608
 205.000       0.5302
 206.000       0.8087
 207.000       0.8089
 208.000       0.5036
 209.000       0.4221
 210.000       0.3632
 211.000       0.3720
 212.000       0.4005
 213.000       0.3850
 214.000       0.3994
 215.000       0.4309
 216.000       0.4339
 217.000       0.4341
 218.000       0.4564
 219.000       0.4691
 220.000       0.4619
 221.000       0.4564
 222.000       0.5423
 223.000       0.6220
 224.000       0.4902
 225.000       0.4514
 226.000       0.5576
 227.000       0.5749
 228.000       0.4696
 229.000       0.5106
 230.000       0.6726
 231.000       0.6515
 232.000       0.5533
 233.000       0.7900
 234.000       0.9565
 235.000       0.8831
 236.000       0.8969
 237.000       0.6740
 238.000       0.7216
 239.000       0.5525
 240.000       0.4190
 241.000       0.4486
 242.000       0.4600
 243.000       0.4523
 244.000       0.4613
 245.000       0.4921
 246.000       0.5048
 247.000       0.5830
 248.000       0.6814
 249.000       0.7713
 250.000       1.1183
 251.000       1.3441
 252.000       1.0513
 253.000       1.0631
 254.000       0.9385
 255.000       0.9780
 256.000       1.0246
 257.000       1.2372
 258.000       1.1523
 259.000       0.9729
 260.000       1.5040
 261.000       1.4202
 262.000       0.7512
 263.000       0.4974
 264.000       0.5401
 265.000       0.5862
 266.000       0.5079
 267.000       0.5054
 268.000       0.5565
 269.000       0.5549
 270.000       0.7114
 271.000       0.7824
 272.000       0.8842
 273.000       0.8961
 274.000       0.9693
 275.000       1.1057
 276.000       1.1626
 277.000       1.0036
 278.000       1.1116
 279.000       1.4410
 280.000       2.1276
