#Res             RMSF
 281.000       2.5520
 282.000       1.8173
 283.000       1.7063
 284.000       1.5680
 285.000       1.5039
 286.000       1.2809
 287.000       0.7267
 288.000       0.5908
 289.000       0.5801
 290.000       0.6234
 291.000       0.5815
 292.000       0.5097
 293.000       0.4834
 294.000       0.5741
 295.000       0.5281
 296.000       0.5025
 297.000       0.6452
 298.000       0.7970
 299.000       0.6970
 300.000       0.6295
 301.000       0.8020
 302.000       0.8039
 303.000       0.6156
 304.000       0.5848
 305.000       0.4699
 306.000       0.5035
 307.000       0.6162
 308.000       0.6444
 309.000       0.4777
 310.000       0.4539
 311.000       0.5970
 312.000       0.5114
 313.000       0.3865
 314.000       0.4801
 315.000       0.5327
 316.000       0.4582
 317.000       0.4146
 318.000       0.4824
 319.000       0.4853
 320.000       0.4443
 321.000       0.4207
 322.000       0.4947
 323.000       0.4546
 324.000       0.3977
 325.000       0.4712
 326.000       0.5204
 327.000       0.4098
 328.000       0.3728
 329.000       0.4360
 330.000       0.5222
 331.000       0.5040
 332.000       0.5337
 333.000       0.6120
 334.000       0.6354
 335.000       0.7733
 336.000       0.8071
 337.000       0.7478
 338.000       0.7951
 339.000       0.5887
 340.000       0.4776
 341.000       0.5261
 342.000       0.5058
 343.000       0.5293
 344.000       0.4534
 345.000       0.4105
 346.000       0.4317
 347.000       0.4348
 348.000       0.4127
 349.000       0.4749
 350.000       0.5315
 351.000       0.5124
 352.000       0.5114
 353.000       0.5397
 354.000       0.7515
 355.000       0.8322
 356.000       0.9063
 357.000       0.6823
 358.000       0.5242
 359.000       0.5839
 360.000       0.5143
 361.000       0.4666
 362.000       0.4387
 363.000       0.4595
 364.000       0.4564
 365.000       0.4428
 366.000       0.4580
 367.000       0.4784
 368.000       0.4409
 369.000       0.4530
 370.000       0.5208
 371.000       0.5501
 372.000       0.5395
 373.000       0.6950
 374.000       0.9172
 375.000       1.9636
 376.000       3.1165
