#Res             RMSF
 476.000       2.3494
 477.000       1.4466
 478.000       0.8910
 479.000       0.7855
 480.000       0.4974
 481.000       0.5003
 482.000       0.6288
 483.000       0.6200
 484.000       0.4924
 485.000       0.4632
 486.000       0.4418
 487.000       0.3803
 488.000       0.3911
 489.000       0.3587
 490.000       0.3526
 491.000       0.3524
 492.000       0.3362
 493.000       0.3033
 494.000       0.3476
 495.000       0.3960
 496.000       0.4088
 497.000       0.4274
 498.000       0.3783
 499.000       0.4197
 500.000       0.3993
 501.000       0.3815
 502.000       0.4299
 503.000       0.4922
 504.000       0.4567
 505.000       0.3744
 506.000       0.4455
 507.000       0.4925
 508.000       0.4711
 509.000       0.3820
 510.000       0.4232
 511.000       0.5327
 512.000       0.5079
 513.000       0.4236
 514.000       0.4809
 515.000       0.5174
 516.000       0.4575
 517.000       0.4508
 518.000       0.4966
 519.000       0.4818
 520.000       0.3827
 521.000       0.3544
 522.000       0.4046
 523.000       0.3322
 524.000       0.3230
 525.000       0.3421
 526.000       0.3695
 527.000       0.3492
 528.000       0.3671
 529.000       0.4990
 530.000       0.5133
 531.000       0.5149
 532.000       0.5658
 533.000       0.4470
 534.000       0.5978
 535.000       0.4030
 536.000       0.3668
 537.000       0.3991
 538.000       0.3779
 539.000       0.3662
 540.000       0.3240
 541.000       0.3293
 542.000       0.3355
 543.000       0.3316
 544.000       0.3246
 545.000       0.3835
 546.000       0.4670
 547.000       0.5611
 548.000       0.6598
 549.000       0.7061
 550.000       0.6829
 551.000       0.6222
 552.000       0.4585
 553.000       0.4476
 554.000       0.5491
 555.000       0.5829
 556.000       1.3784
 557.000       3.0422
