#Res             RMSF
  98.000       3.2062
  99.000       1.2857
 100.000       2.3458
 101.000       2.1294
 102.000       1.0843
 103.000       0.7835
 104.000       0.5224
 105.000       0.5337
 106.000       0.5381
 107.000       0.4183
 108.000       0.3796
 109.000       0.4865
 110.000       0.4574
 111.000       0.3771
 112.000       0.4281
 113.000       0.4981
 114.000       0.5028
 115.000       0.5199
 116.000       0.4194
 117.000       0.4749
 118.000       0.4296
 119.000       0.4343
 120.000       0.4740
 121.000       0.5618
 122.000       0.5699
 123.000       0.4570
 124.000       0.5172
 125.000       0.6581
 126.000       0.6234
 127.000       0.5208
 128.000       0.5357
 129.000       0.6598
 130.000       0.7802
 131.000       0.6585
 132.000       0.5823
 133.000       0.7723
 134.000       0.7445
 135.000       0.5956
 136.000       0.6058
 137.000       0.6774
 138.000       0.5175
 139.000       0.4390
 140.000       0.4833
 141.000       0.4607
 142.000       0.4280
 143.000       0.3878
 144.000       0.4315
 145.000       0.4500
 146.000       0.4309
 147.000       0.4976
 148.000       0.6130
 149.000       0.6749
 150.000       0.6862
 151.000       0.6111
 152.000       0.6986
 153.000       0.5991
 154.000       0.5032
 155.000       0.6138
 156.000       0.6810
 157.000       0.6855
 158.000       0.5273
 159.000       0.5504
 160.000       0.7336
 161.000       0.6516
 162.000       0.5735
 163.000       0.7800
 164.000       0.9821
 165.000       0.8596
 166.000       0.9681
 167.000       1.5457
 168.000       2.0529
 169.000       1.5685
 170.000       1.6392
 171.000       1.4260
 172.000       1.7144
 173.000       1.8227
 174.000       2.7288
 175.000       4.4270
