#Res             RMSF
   1.000       2.5545
   2.000       1.4439
   3.000       1.0885
   4.000       0.6882
   5.000       0.7727
   6.000       0.6146
   7.000       0.5939
   8.000       0.6294
   9.000       0.5925
  10.000       0.5128
  11.000       0.5570
  12.000       0.5976
  13.000       0.4767
  14.000       0.4197
  15.000       0.5806
  16.000       0.5306
  17.000       0.5262
  18.000       0.6114
  19.000       0.6552
  20.000       0.8542
  21.000       0.8790
  22.000       0.6614
  23.000       0.5302
  24.000       0.4294
  25.000       0.4559
  26.000       0.5911
  27.000       0.5240
  28.000       0.4857
  29.000       0.4865
  30.000       0.4241
  31.000       0.4371
  32.000       0.5015
  33.000       0.4827
  34.000       0.3895
  35.000       0.4577
  36.000       0.5617
  37.000       0.5021
  38.000       0.4953
  39.000       0.6508
  40.000       0.8685
  41.000       0.7498
  42.000       0.7441
  43.000       0.8175
  44.000       0.9942
  45.000       0.6133
  46.000       0.5932
  47.000       0.5872
  48.000       0.6283
  49.000       0.6720
  50.000       0.6178
  51.000       0.4948
  52.000       0.4365
  53.000       0.5279
  54.000       0.6215
  55.000       0.5128
  56.000       0.4267
  57.000       0.5887
  58.000       0.6535
  59.000       0.5469
  60.000       0.4519
  61.000       0.5607
  62.000       0.6030
  63.000       0.5255
  64.000       0.3927
  65.000       0.4765
  66.000       0.4122
  67.000       0.3773
  68.000       0.4045
  69.000       0.3833
  70.000       0.3670
  71.000       0.3615
  72.000       0.4458
  73.000       0.4297
  74.000       0.4372
  75.000       0.4737
  76.000       0.4803
  77.000       0.5476
  78.000       0.5884
  79.000       0.4792
  80.000       0.4849
  81.000       0.4086
  82.000       0.3751
  83.000       0.4771
  84.000       0.5475
  85.000       0.5524
  86.000       0.4132
  87.000       0.4846
  88.000       0.6067
  89.000       0.4428
  90.000       0.4629
  91.000       0.6196
  92.000       0.6129
  93.000       0.6051
  94.000       0.6845
  95.000       0.9787
  96.000       1.5810
  97.000       3.0540
