#Res             RMSF
 662.000       1.3652
 663.000       1.2123
 664.000       0.8362
 665.000       0.5775
 666.000       0.4358
 667.000       0.4820
 668.000       0.5727
 669.000       0.4711
 670.000       0.4024
 671.000       0.4128
 672.000       0.4670
 673.000       0.4110
 674.000       0.4168
 675.000       0.5761
 676.000       0.6515
 677.000       0.6072
 678.000       0.5656
 679.000       0.7038
 680.000       0.8218
 681.000       0.5820
 682.000       0.5474
 683.000       0.4314
 684.000       0.4515
 685.000       0.5312
 686.000       0.5556
 687.000       0.4118
 688.000       0.4284
 689.000       0.5477
 690.000       0.4512
 691.000       0.3660
 692.000       0.4139
 693.000       0.4658
 694.000       0.4317
 695.000       0.4046
 696.000       0.4333
 697.000       0.4367
 698.000       0.4275
 699.000       0.3736
 700.000       0.4857
 701.000       0.4773
 702.000       0.3753
 703.000       0.4163
 704.000       0.4948
 705.000       0.3800
 706.000       0.3514
 707.000       0.3846
 708.000       0.3807
 709.000       0.3445
 710.000       0.4588
 711.000       0.5677
 712.000       0.5917
 713.000       0.6868
 714.000       0.8238
 715.000       0.7186
 716.000       0.9657
 717.000       0.6041
 718.000       0.4477
 719.000       0.4441
 720.000       0.4690
 721.000       0.4684
 722.000       0.3686
 723.000       0.3845
 724.000       0.4099
 725.000       0.3698
 726.000       0.3569
 727.000       0.4274
 728.000       0.4932
 729.000       0.4640
 730.000       0.4916
 731.000       0.4507
 732.000       0.5412
 733.000       0.7153
 734.000       0.8150
 735.000       0.5944
 736.000       0.4631
 737.000       0.5522
 738.000       0.5099
 739.000       0.4352
 740.000       0.4412
 741.000       0.4874
 742.000       0.4575
 743.000       0.4423
 744.000       0.4701
 745.000       0.5039
 746.000       0.4491
 747.000       0.5051
 748.000       0.5958
 749.000       0.5902
 750.000       0.5894
 751.000       0.8162
 752.000       1.2441
 753.000       2.4509
