#Res             RMSF
 176.000       2.3080
 177.000       1.5562
 178.000       0.9668
 179.000       0.6416
 180.000       0.5766
 181.000       0.7289
 182.000       0.7292
 183.000       0.5948
 184.000       0.6702
 185.000       0.5517
 186.000       0.6362
 187.000       0.5444
 188.000       0.6303
 189.000       0.5187
 190.000       0.6417
 191.000       0.6349
 192.000       0.5383
 193.000       0.5196
 194.000       0.6429
 195.000       0.6337
 196.000       0.6162
 197.000       0.7341
 198.000       0.8667
 199.000       0.7308
 200.000       0.9263
 201.000       0.6942
 202.000       0.7618
 203.000       0.7625
 204.000       0.6172
 205.000       0.5493
 206.000       0.7827
 207.000       0.7982
 208.000       0.5209
 209.000       0.4359
 210.000       0.3704
 211.000       0.3821
 212.000       0.4060
 213.000       0.3997
 214.000       0.3969
 215.000       0.4205
 216.000       0.4320
 217.000       0.4179
 218.000       0.4257
 219.000       0.4411
 220.000       0.4604
 221.000       0.4431
 222.000       0.5089
 223.000       0.5906
 224.000       0.4832
 225.000       0.4586
 226.000       0.5751
 227.000       0.5998
 228.000       0.5004
 229.000       0.5486
 230.000       0.6908
 231.000       0.6790
 232.000       0.5950
 233.000       0.8050
 234.000       0.9443
 235.000       0.9017
 236.000       0.9294
 237.000       0.7181
 238.000       0.7419
 239.000       0.5685
 240.000       0.4268
 241.000       0.4416
 242.000       0.4545
 243.000       0.4762
 244.000       0.4777
 245.000       0.4892
 246.000       0.5598
 247.000       0.6919
 248.000       0.7123
 249.000       0.7719
 250.000       1.1244
 251.000       1.3775
 252.000       1.1285
 253.000       1.1157
 254.000       0.9876
 255.000       0.9383
 256.000       1.0217
 257.000       1.1803
 258.000       1.0753
 259.000       0.9354
 260.000       1.7664
 261.000       1.7899
 262.000       0.8236
 263.000       0.5509
 264.000       0.5538
 265.000       0.5747
 266.000       0.5355
 267.000       0.5459
 268.000       0.6426
 269.000       0.6496
 270.000       0.8460
 271.000       0.8111
 272.000       0.9212
 273.000       0.9558
 274.000       0.9950
 275.000       1.0931
 276.000       1.1040
 277.000       0.9889
 278.000       1.1232
 279.000       1.5167
 280.000       2.2608
