#Res             RMSF
 377.000       2.8320
 378.000       2.3717
 379.000       1.4234
 380.000       1.0262
 381.000       0.6768
 382.000       0.6552
 383.000       0.5502
 384.000       0.5520
 385.000       0.5698
 386.000       0.5298
 387.000       0.4690
 388.000       0.4838
 389.000       0.5192
 390.000       0.4611
 391.000       0.4181
 392.000       0.5080
 393.000       0.5272
 394.000       0.4824
 395.000       0.4989
 396.000       0.5712
 397.000       0.6056
 398.000       0.5905
 399.000       0.5947
 400.000       0.5184
 401.000       0.4343
 402.000       0.4340
 403.000       0.5223
 404.000       0.5053
 405.000       0.5110
 406.000       0.4920
 407.000       0.4118
 408.000       0.4323
 409.000       0.4559
 410.000       0.4358
 411.000       0.3986
 412.000       0.4460
 413.000       0.4987
 414.000       0.5240
 415.000       0.5337
 416.000       0.6094
 417.000       0.8590
 418.000       0.8127
 419.000       0.7780
 420.000       0.7894
 421.000       0.9658
 422.000       0.5883
 423.000       0.5316
 424.000       0.5208
 425.000       0.5960
 426.000       0.6408
 427.000       0.5329
 428.000       0.4274
 429.000       0.4077
 430.000       0.4623
 431.000       0.4516
 432.000       0.3961
 433.000       0.3760
 434.000       0.4345
 435.000       0.4639
 436.000       0.4259
 437.000       0.3988
 438.000       0.4524
 439.000       0.4729
 440.000       0.4124
 441.000       0.3849
 442.000       0.4843
 443.000       0.4378
 444.000       0.3631
 445.000       0.4693
 446.000       0.5247
 447.000       0.4284
 448.000       0.3855
 449.000       0.4824
 450.000       0.4434
 451.000       0.4163
 452.000       0.4675
 453.000       0.4900
 454.000       0.5477
 455.000       0.6253
 456.000       0.5002
 457.000       0.5045
 458.000       0.4026
 459.000       0.3701
 460.000       0.4558
 461.000       0.5096
 462.000       0.5119
 463.000       0.4199
 464.000       0.4940
 465.000       0.5256
 466.000       0.4951
 467.000       0.5787
 468.000       0.5923
 469.000       0.6562
 470.000       0.7317
 471.000       0.8651
 472.000       1.0171
 473.000       1.5952
 474.000       2.5730
 475.000       3.9939
