#Res             RMSF
 476.000       2.9573
 477.000       1.8460
 478.000       1.0855
 479.000       0.8742
 480.000       0.5970
 481.000       0.5635
 482.000       0.7748
 483.000       0.8321
 484.000       0.6352
 485.000       0.5630
 486.000       0.5101
 487.000       0.4603
 488.000       0.4608
 489.000       0.3689
 490.000       0.3571
 491.000       0.3649
 492.000       0.3539
 493.000       0.3296
 494.000       0.3706
 495.000       0.4106
 496.000       0.4319
 497.000       0.4597
 498.000       0.3957
 499.000       0.4505
 500.000       0.4272
 501.000       0.4103
 502.000       0.4509
 503.000       0.5036
 504.000       0.4757
 505.000       0.3803
 506.000       0.4329
 507.000       0.5165
 508.000       0.4914
 509.000       0.4015
 510.000       0.4555
 511.000       0.5342
 512.000       0.5076
 513.000       0.4361
 514.000       0.5004
 515.000       0.5522
 516.000       0.4649
 517.000       0.4644
 518.000       0.5068
 519.000       0.4787
 520.000       0.3892
 521.000       0.3644
 522.000       0.4231
 523.000       0.3674
 524.000       0.3615
 525.000       0.3832
 526.000       0.3953
 527.000       0.3763
 528.000       0.3931
 529.000       0.5047
 530.000       0.5257
 531.000       0.5367
 532.000       0.5935
 533.000       0.4582
 534.000       0.6698
 535.000       0.4081
 536.000       0.3786
 537.000       0.4111
 538.000       0.3872
 539.000       0.4194
 540.000       0.3587
 541.000       0.3391
 542.000       0.3686
 543.000       0.3355
 544.000       0.4051
 545.000       0.4131
 546.000       0.5345
 547.000       0.7478
 548.000       0.6673
 549.000       0.7110
 550.000       0.6676
 551.000       0.5777
 552.000       0.4654
 553.000       0.4730
 554.000       0.6092
 555.000       0.7797
 556.000       1.7141
 557.000       2.9612
