#Res             RMSF
  98.000       2.7989
  99.000       1.3256
 100.000       1.3155
 101.000       1.4290
 102.000       0.8228
 103.000       0.6769
 104.000       0.4982
 105.000       0.5426
 106.000       0.4899
 107.000       0.3891
 108.000       0.3998
 109.000       0.4339
 110.000       0.3850
 111.000       0.3403
 112.000       0.3852
 113.000       0.4305
 114.000       0.4444
 115.000       0.4676
 116.000       0.3890
 117.000       0.4341
 118.000       0.3991
 119.000       0.4028
 120.000       0.4388
 121.000       0.5047
 122.000       0.4936
 123.000       0.3883
 124.000       0.4581
 125.000       0.5933
 126.000       0.5403
 127.000       0.4332
 128.000       0.4654
 129.000       0.5529
 130.000       0.5305
 131.000       0.4579
 132.000       0.5554
 133.000       0.6189
 134.000       0.4749
 135.000       0.5059
 136.000       0.5588
 137.000       0.5011
 138.000       0.3677
 139.000       0.3800
 140.000       0.4231
 141.000       0.3693
 142.000       0.3714
 143.000       0.3705
 144.000       0.3970
 145.000       0.4056
 146.000       0.4034
 147.000       0.4734
 148.000       0.5993
 149.000       0.6265
 150.000       0.6431
 151.000       0.5673
 152.000       0.6422
 153.000       0.5100
 154.000       0.4482
 155.000       0.5337
 156.000       0.5731
 157.000       0.5440
 158.000       0.4252
 159.000       0.4407
 160.000       0.5296
 161.000       0.5091
 162.000       0.4161
 163.000       0.5675
 164.000       0.7687
 165.000       0.5441
 166.000       0.6417
 167.000       0.8694
 168.000       0.6389
 169.000       0.6038
 170.000       0.5155
 171.000       0.5393
 172.000       0.7920
 173.000       0.8115
 174.000       2.1010
 175.000       4.3314
