#Res             RMSF
 281.000       3.6550
 282.000       2.6617
 283.000       2.3005
 284.000       2.1860
 285.000       2.5336
 286.000       1.2740
 287.000       0.9678
 288.000       0.7100
 289.000       0.6959
 290.000       0.7881
 291.000       0.6755
 292.000       0.5588
 293.000       0.5662
 294.000       0.5919
 295.000       0.4975
 296.000       0.4792
 297.000       0.6094
 298.000       0.6925
 299.000       0.6176
 300.000       0.6708
 301.000       0.7830
 302.000       0.8320
 303.000       0.5902
 304.000       0.6414
 305.000       0.5393
 306.000       0.6082
 307.000       0.6258
 308.000       0.6368
 309.000       0.5288
 310.000       0.5201
 311.000       0.6063
 312.000       0.5416
 313.000       0.4823
 314.000       0.5388
 315.000       0.5889
 316.000       0.5209
 317.000       0.4789
 318.000       0.6227
 319.000       0.6235
 320.000       0.5208
 321.000       0.5122
 322.000       0.6214
 323.000       0.5793
 324.000       0.4544
 325.000       0.5548
 326.000       0.6271
 327.000       0.4774
 328.000       0.3856
 329.000       0.4819
 330.000       0.5464
 331.000       0.4988
 332.000       0.5013
 333.000       0.6248
 334.000       0.6846
 335.000       0.7042
 336.000       0.7166
 337.000       0.6918
 338.000       0.7378
 339.000       0.6103
 340.000       0.5286
 341.000       0.5103
 342.000       0.5338
 343.000       0.5245
 344.000       0.4226
 345.000       0.3754
 346.000       0.4119
 347.000       0.3979
 348.000       0.3855
 349.000       0.4387
 350.000       0.5253
 351.000       0.5210
 352.000       0.5410
 353.000       0.6013
 354.000       0.8309
 355.000       0.9120
 356.000       0.9695
 357.000       0.6719
 358.000       0.5962
 359.000       0.8051
 360.000       0.6556
 361.000       0.5252
 362.000       0.5818
 363.000       0.6855
 364.000       0.6487
 365.000       0.5205
 366.000       0.5970
 367.000       0.7169
 368.000       0.6587
 369.000       0.6283
 370.000       0.7760
 371.000       0.8913
 372.000       0.8454
 373.000       0.9847
 374.000       1.2464
 375.000       3.5977
 376.000       5.7648
