#Res             RMSF
   1.000       3.1257
   2.000       1.7195
   3.000       1.2124
   4.000       0.6905
   5.000       0.7338
   6.000       0.6120
   7.000       0.5806
   8.000       0.5849
   9.000       0.5590
  10.000       0.4853
  11.000       0.5319
  12.000       0.5718
  13.000       0.4878
  14.000       0.4206
  15.000       0.5602
  16.000       0.5638
  17.000       0.5365
  18.000       0.5929
  19.000       0.6485
  20.000       0.8236
  21.000       0.8330
  22.000       0.6777
  23.000       0.5372
  24.000       0.4437
  25.000       0.4575
  26.000       0.5823
  27.000       0.5091
  28.000       0.5449
  29.000       0.5620
  30.000       0.4727
  31.000       0.4679
  32.000       0.5322
  33.000       0.5322
  34.000       0.4230
  35.000       0.4762
  36.000       0.5880
  37.000       0.5547
  38.000       0.5260
  39.000       0.6783
  40.000       0.8757
  41.000       0.7481
  42.000       0.7632
  43.000       0.8439
  44.000       1.0176
  45.000       0.6358
  46.000       0.6011
  47.000       0.5893
  48.000       0.6153
  49.000       0.6812
  50.000       0.6334
  51.000       0.5021
  52.000       0.4378
  53.000       0.5394
  54.000       0.6037
  55.000       0.4790
  56.000       0.4011
  57.000       0.5580
  58.000       0.6025
  59.000       0.5380
  60.000       0.4545
  61.000       0.5794
  62.000       0.6553
  63.000       0.5324
  64.000       0.3906
  65.000       0.4819
  66.000       0.4160
  67.000       0.3676
  68.000       0.4099
  69.000       0.3879
  70.000       0.3700
  71.000       0.3594
  72.000       0.4383
  73.000       0.4351
  74.000       0.4500
  75.000       0.4933
  76.000       0.5102
  77.000       0.5763
  78.000       0.6296
  79.000       0.5227
  80.000       0.5177
  81.000       0.4323
  82.000       0.3916
  83.000       0.4962
  84.000       0.5822
  85.000       0.5952
  86.000       0.4546
  87.000       0.5401
  88.000       0.6882
  89.000       0.5638
  90.000       0.5088
  91.000       0.6645
  92.000       0.6927
  93.000       0.6194
  94.000       0.6834
  95.000       0.9897
  96.000       1.4241
  97.000       2.6091
