#Res             RMSF
 281.000       4.2902
 282.000       3.2170
 283.000       2.9361
 284.000       2.7078
 285.000       2.8350
 286.000       1.3372
 287.000       0.9220
 288.000       0.7045
 289.000       0.6934
 290.000       0.7598
 291.000       0.6655
 292.000       0.5582
 293.000       0.5613
 294.000       0.6090
 295.000       0.5213
 296.000       0.4999
 297.000       0.6378
 298.000       0.7502
 299.000       0.6698
 300.000       0.6777
 301.000       0.8176
 302.000       0.8596
 303.000       0.6370
 304.000       0.6492
 305.000       0.5526
 306.000       0.6233
 307.000       0.6803
 308.000       0.7055
 309.000       0.5669
 310.000       0.5502
 311.000       0.6759
 312.000       0.5884
 313.000       0.4838
 314.000       0.5686
 315.000       0.6173
 316.000       0.5342
 317.000       0.4876
 318.000       0.6060
 319.000       0.6054
 320.000       0.5071
 321.000       0.4965
 322.000       0.6047
 323.000       0.5575
 324.000       0.4511
 325.000       0.5427
 326.000       0.6053
 327.000       0.4824
 328.000       0.4280
 329.000       0.5261
 330.000       0.6092
 331.000       0.5759
 332.000       0.6273
 333.000       0.7563
 334.000       0.7619
 335.000       0.8322
 336.000       0.8392
 337.000       0.8321
 338.000       0.8499
 339.000       0.6749
 340.000       0.5478
 341.000       0.5436
 342.000       0.5297
 343.000       0.5377
 344.000       0.4469
 345.000       0.4034
 346.000       0.4297
 347.000       0.4257
 348.000       0.4147
 349.000       0.4634
 350.000       0.5395
 351.000       0.5317
 352.000       0.5486
 353.000       0.6018
 354.000       0.8348
 355.000       0.9078
 356.000       0.9731
 357.000       0.7031
 358.000       0.5760
 359.000       0.7230
 360.000       0.6047
 361.000       0.5050
 362.000       0.5285
 363.000       0.6045
 364.000       0.5772
 365.000       0.4933
 366.000       0.5468
 367.000       0.6330
 368.000       0.5813
 369.000       0.5667
 370.000       0.6853
 371.000       0.7679
 372.000       0.7333
 373.000       0.8704
 374.000       1.1140
 375.000       3.4028
 376.000       5.3582
