#Res             RMSF
 377.000       3.0438
 378.000       2.4535
 379.000       1.6026
 380.000       1.0243
 381.000       0.6745
 382.000       0.7066
 383.000       0.5730
 384.000       0.5786
 385.000       0.6241
 386.000       0.5707
 387.000       0.4968
 388.000       0.5061
 389.000       0.5461
 390.000       0.5020
 391.000       0.4578
 392.000       0.5520
 393.000       0.5754
 394.000       0.5142
 395.000       0.5349
 396.000       0.6053
 397.000       0.6564
 398.000       0.6299
 399.000       0.6453
 400.000       0.5315
 401.000       0.4244
 402.000       0.4152
 403.000       0.5276
 404.000       0.5026
 405.000       0.5062
 406.000       0.4929
 407.000       0.3931
 408.000       0.4309
 409.000       0.4662
 410.000       0.4391
 411.000       0.3928
 412.000       0.4440
 413.000       0.5175
 414.000       0.5366
 415.000       0.5436
 416.000       0.6409
 417.000       0.8791
 418.000       0.8140
 419.000       0.7579
 420.000       0.7832
 421.000       0.9612
 422.000       0.6026
 423.000       0.5279
 424.000       0.5215
 425.000       0.5907
 426.000       0.6662
 427.000       0.5240
 428.000       0.4172
 429.000       0.3846
 430.000       0.4355
 431.000       0.4277
 432.000       0.3558
 433.000       0.3429
 434.000       0.3948
 435.000       0.4283
 436.000       0.3861
 437.000       0.3640
 438.000       0.4471
 439.000       0.4494
 440.000       0.3941
 441.000       0.3992
 442.000       0.5112
 443.000       0.4512
 444.000       0.3670
 445.000       0.5064
 446.000       0.6107
 447.000       0.4822
 448.000       0.4194
 449.000       0.5317
 450.000       0.4738
 451.000       0.4157
 452.000       0.4723
 453.000       0.5049
 454.000       0.5575
 455.000       0.6219
 456.000       0.5071
 457.000       0.5064
 458.000       0.4099
 459.000       0.3841
 460.000       0.4728
 461.000       0.5351
 462.000       0.5331
 463.000       0.4377
 464.000       0.5070
 465.000       0.5253
 466.000       0.5200
 467.000       0.6651
 468.000       0.6496
 469.000       0.7044
 470.000       0.8103
 471.000       1.0235
 472.000       1.1906
 473.000       1.1245
 474.000       1.8020
 475.000       3.5283
