#Res             RMSF
  98.000       2.5927
  99.000       1.1005
 100.000       1.6091
 101.000       1.3455
 102.000       0.7969
 103.000       0.6594
 104.000       0.5398
 105.000       0.5064
 106.000       0.5354
 107.000       0.4096
 108.000       0.3551
 109.000       0.4761
 110.000       0.4669
 111.000       0.3671
 112.000       0.4160
 113.000       0.4777
 114.000       0.4824
 115.000       0.5042
 116.000       0.4053
 117.000       0.4740
 118.000       0.4315
 119.000       0.4442
 120.000       0.5016
 121.000       0.5935
 122.000       0.5922
 123.000       0.4647
 124.000       0.4841
 125.000       0.6243
 126.000       0.6169
 127.000       0.4895
 128.000       0.5041
 129.000       0.6080
 130.000       0.7081
 131.000       0.6133
 132.000       0.5323
 133.000       0.7289
 134.000       0.7249
 135.000       0.5687
 136.000       0.5516
 137.000       0.6321
 138.000       0.4981
 139.000       0.4157
 140.000       0.4429
 141.000       0.3818
 142.000       0.3813
 143.000       0.3707
 144.000       0.3796
 145.000       0.3807
 146.000       0.4075
 147.000       0.4989
 148.000       0.5206
 149.000       0.5987
 150.000       0.6901
 151.000       0.5843
 152.000       0.6660
 153.000       0.5552
 154.000       0.4737
 155.000       0.5691
 156.000       0.6509
 157.000       0.6309
 158.000       0.4739
 159.000       0.5178
 160.000       0.6737
 161.000       0.5818
 162.000       0.5145
 163.000       0.7044
 164.000       0.8282
 165.000       0.7735
 166.000       0.8936
 167.000       1.5542
 168.000       2.0104
 169.000       1.5839
 170.000       1.6019
 171.000       1.3492
 172.000       1.6702
 173.000       1.7849
 174.000       2.5038
 175.000       4.1220
