#Res             RMSF
 377.000       1.4485
 378.000       1.6804
 379.000       1.2091
 380.000       0.9096
 381.000       0.6062
 382.000       0.5565
 383.000       0.4947
 384.000       0.5026
 385.000       0.4794
 386.000       0.4383
 387.000       0.4088
 388.000       0.4291
 389.000       0.4446
 390.000       0.3793
 391.000       0.3419
 392.000       0.4197
 393.000       0.4355
 394.000       0.4145
 395.000       0.4345
 396.000       0.4834
 397.000       0.5096
 398.000       0.5375
 399.000       0.5354
 400.000       0.5060
 401.000       0.4325
 402.000       0.4281
 403.000       0.4706
 404.000       0.4721
 405.000       0.4800
 406.000       0.4676
 407.000       0.4197
 408.000       0.4232
 409.000       0.4404
 410.000       0.4274
 411.000       0.3943
 412.000       0.4392
 413.000       0.4556
 414.000       0.4811
 415.000       0.5088
 416.000       0.5576
 417.000       0.7269
 418.000       0.7036
 419.000       0.7153
 420.000       0.7388
 421.000       0.8889
 422.000       0.5425
 423.000       0.5076
 424.000       0.5086
 425.000       0.5566
 426.000       0.5787
 427.000       0.4828
 428.000       0.3982
 429.000       0.4075
 430.000       0.4542
 431.000       0.4241
 432.000       0.3971
 433.000       0.3817
 434.000       0.4006
 435.000       0.4227
 436.000       0.4341
 437.000       0.4109
 438.000       0.4027
 439.000       0.4399
 440.000       0.4100
 441.000       0.3597
 442.000       0.4303
 443.000       0.3963
 444.000       0.3509
 445.000       0.4177
 446.000       0.4019
 447.000       0.3447
 448.000       0.3385
 449.000       0.4123
 450.000       0.3889
 451.000       0.4080
 452.000       0.4584
 453.000       0.4599
 454.000       0.5237
 455.000       0.6162
 456.000       0.4645
 457.000       0.4894
 458.000       0.3807
 459.000       0.3456
 460.000       0.4269
 461.000       0.4658
 462.000       0.4664
 463.000       0.3737
 464.000       0.4506
 465.000       0.4983
 466.000       0.4367
 467.000       0.4463
 468.000       0.5128
 469.000       0.5634
 470.000       0.5217
 471.000       0.5981
 472.000       0.7955
 473.000       1.6932
 474.000       2.9177
 475.000       4.3609
