#Res             RMSF
 476.000       2.9575
 477.000       1.8478
 478.000       1.0843
 479.000       0.8742
 480.000       0.5956
 481.000       0.5624
 482.000       0.7752
 483.000       0.8329
 484.000       0.6347
 485.000       0.5630
 486.000       0.5101
 487.000       0.4600
 488.000       0.4606
 489.000       0.3682
 490.000       0.3562
 491.000       0.3641
 492.000       0.3541
 493.000       0.3297
 494.000       0.3709
 495.000       0.4108
 496.000       0.4320
 497.000       0.4601
 498.000       0.3958
 499.000       0.4504
 500.000       0.4267
 501.000       0.4094
 502.000       0.4512
 503.000       0.5036
 504.000       0.4758
 505.000       0.3806
 506.000       0.4329
 507.000       0.5166
 508.000       0.4915
 509.000       0.4015
 510.000       0.4550
 511.000       0.5341
 512.000       0.5074
 513.000       0.4365
 514.000       0.5005
 515.000       0.5517
 516.000       0.4649
 517.000       0.4650
 518.000       0.5069
 519.000       0.4784
 520.000       0.3893
 521.000       0.3645
 522.000       0.4235
 523.000       0.3677
 524.000       0.3614
 525.000       0.3836
 526.000       0.3957
 527.000       0.3756
 528.000       0.3930
 529.000       0.5046
 530.000       0.5256
 531.000       0.5358
 532.000       0.5931
 533.000       0.4566
 534.000       0.6691
 535.000       0.4070
 536.000       0.3785
 537.000       0.4109
 538.000       0.3869
 539.000       0.4197
 540.000       0.3586
 541.000       0.3379
 542.000       0.3675
 543.000       0.3349
 544.000       0.4055
 545.000       0.4133
 546.000       0.5347
 547.000       0.7482
 548.000       0.6673
 549.000       0.7112
 550.000       0.6681
 551.000       0.5776
 552.000       0.4652
 553.000       0.4731
 554.000       0.6093
 555.000       0.7779
 556.000       1.7145
 557.000       2.9601
