#Res             RMSF
 558.000       1.2750
 559.000       0.7796
 560.000       0.6107
 561.000       0.5338
 562.000       0.7179
 563.000       0.7395
 564.000       0.6184
 565.000       0.6961
 566.000       0.5231
 567.000       0.5460
 568.000       0.4552
 569.000       0.4971
 570.000       0.4274
 571.000       0.4901
 572.000       0.4376
 573.000       0.3899
 574.000       0.4084
 575.000       0.4528
 576.000       0.4775
 577.000       0.4924
 578.000       0.5843
 579.000       0.7293
 580.000       0.9997
 581.000       0.7342
 582.000       0.5708
 583.000       0.6053
 584.000       0.6541
 585.000       0.5661
 586.000       0.5116
 587.000       0.7844
 588.000       0.8083
 589.000       0.5470
 590.000       0.4669
 591.000       0.4136
 592.000       0.4260
 593.000       0.4378
 594.000       0.4265
 595.000       0.4048
 596.000       0.4463
 597.000       0.4415
 598.000       0.4253
 599.000       0.4186
 600.000       0.4359
 601.000       0.4548
 602.000       0.4465
 603.000       0.4818
 604.000       0.5294
 605.000       0.4832
 606.000       0.4702
 607.000       0.5167
 608.000       0.5215
 609.000       0.4962
 610.000       0.5237
 611.000       0.5766
 612.000       0.6334
 613.000       0.6043
 614.000       0.7289
 615.000       0.8899
 616.000       0.9054
 617.000       0.8821
 618.000       0.7455
 619.000       0.7949
 620.000       0.6225
 621.000       0.5293
 622.000       0.6422
 623.000       0.5852
 624.000       0.6398
 625.000       0.5766
 626.000       0.5426
 627.000       0.6344
 628.000       0.7082
 629.000       0.6871
 630.000       0.7918
 631.000       0.9820
 632.000       0.9112
 633.000       0.8390
 634.000       0.9476
 635.000       0.7742
 636.000       0.6877
 637.000       0.8024
 638.000       0.8508
 639.000       0.7311
 640.000       0.7172
 641.000       1.2281
 642.000       1.4107
 643.000       0.8375
 644.000       0.8807
 645.000       0.7867
 646.000       0.8021
 647.000       0.7042
 648.000       0.7312
 649.000       0.7381
 650.000       0.8081
 651.000       1.0865
 652.000       1.2670
 653.000       1.4725
 654.000       1.2658
 655.000       1.2618
 656.000       1.3312
 657.000       1.3540
 658.000       1.2560
 659.000       1.3434
 660.000       1.6708
 661.000       2.2439
