#Res             RMSF
 176.000       1.9477
 177.000       1.4263
 178.000       0.9219
 179.000       0.5860
 180.000       0.5318
 181.000       0.6520
 182.000       0.6675
 183.000       0.5853
 184.000       0.6484
 185.000       0.5152
 186.000       0.5927
 187.000       0.5382
 188.000       0.5959
 189.000       0.4940
 190.000       0.6291
 191.000       0.5935
 192.000       0.4590
 193.000       0.4488
 194.000       0.5546
 195.000       0.5346
 196.000       0.4977
 197.000       0.5798
 198.000       0.6485
 199.000       0.6199
 200.000       0.6030
 201.000       0.5967
 202.000       0.6864
 203.000       0.6954
 204.000       0.5754
 205.000       0.5491
 206.000       0.7461
 207.000       0.7877
 208.000       0.5326
 209.000       0.4449
 210.000       0.3658
 211.000       0.3865
 212.000       0.4090
 213.000       0.3956
 214.000       0.3843
 215.000       0.4038
 216.000       0.4243
 217.000       0.4000
 218.000       0.3916
 219.000       0.4078
 220.000       0.4471
 221.000       0.4232
 222.000       0.4673
 223.000       0.5345
 224.000       0.4560
 225.000       0.4457
 226.000       0.5470
 227.000       0.5687
 228.000       0.4817
 229.000       0.5391
 230.000       0.6625
 231.000       0.6538
 232.000       0.5871
 233.000       0.7779
 234.000       0.8969
 235.000       0.8797
 236.000       0.9205
 237.000       0.7286
 238.000       0.7409
 239.000       0.5736
 240.000       0.4284
 241.000       0.4363
 242.000       0.4457
 243.000       0.4852
 244.000       0.4734
 245.000       0.4739
 246.000       0.5778
 247.000       0.6874
 248.000       0.6351
 249.000       0.7145
 250.000       0.9414
 251.000       1.0951
 252.000       1.1190
 253.000       1.1352
 254.000       1.0139
 255.000       0.8719
 256.000       0.9565
 257.000       1.0907
 258.000       0.9765
 259.000       0.8827
 260.000       1.4531
 261.000       1.5242
 262.000       0.7300
 263.000       0.5838
 264.000       0.5546
 265.000       0.5483
 266.000       0.5456
 267.000       0.5638
 268.000       0.6875
 269.000       0.6945
 270.000       0.8957
 271.000       0.8156
 272.000       0.9309
 273.000       0.9844
 274.000       0.9911
 275.000       1.0485
 276.000       1.0118
 277.000       0.9550
 278.000       1.1173
 279.000       1.5848
 280.000       2.3880
