#Res             RMSF
   1.000       2.7637
   2.000       1.7091
   3.000       1.2348
   4.000       0.6712
   5.000       0.6803
   6.000       0.5936
   7.000       0.5585
   8.000       0.5365
   9.000       0.5216
  10.000       0.4528
  11.000       0.4777
  12.000       0.5137
  13.000       0.4741
  14.000       0.3977
  15.000       0.4889
  16.000       0.5396
  17.000       0.4999
  18.000       0.5151
  19.000       0.5953
  20.000       0.6557
  21.000       0.6256
  22.000       0.6510
  23.000       0.5355
  24.000       0.4515
  25.000       0.4328
  26.000       0.5387
  27.000       0.4595
  28.000       0.4894
  29.000       0.4936
  30.000       0.4364
  31.000       0.4448
  32.000       0.4922
  33.000       0.4823
  34.000       0.3994
  35.000       0.4554
  36.000       0.5376
  37.000       0.5267
  38.000       0.5273
  39.000       0.6702
  40.000       0.8460
  41.000       0.7202
  42.000       0.7229
  43.000       0.8025
  44.000       0.9779
  45.000       0.5990
  46.000       0.5279
  47.000       0.5123
  48.000       0.5268
  49.000       0.6332
  50.000       0.5754
  51.000       0.4582
  52.000       0.4105
  53.000       0.4962
  54.000       0.5257
  55.000       0.4263
  56.000       0.3333
  57.000       0.4061
  58.000       0.4286
  59.000       0.3968
  60.000       0.3803
  61.000       0.4326
  62.000       0.4332
  63.000       0.3819
  64.000       0.3584
  65.000       0.4267
  66.000       0.3580
  67.000       0.3254
  68.000       0.4055
  69.000       0.3840
  70.000       0.3361
  71.000       0.3374
  72.000       0.4019
  73.000       0.3915
  74.000       0.4104
  75.000       0.4648
  76.000       0.4557
  77.000       0.5124
  78.000       0.5952
  79.000       0.4978
  80.000       0.5012
  81.000       0.4008
  82.000       0.3534
  83.000       0.4297
  84.000       0.4669
  85.000       0.4623
  86.000       0.3721
  87.000       0.4644
  88.000       0.5191
  89.000       0.4561
  90.000       0.4452
  91.000       0.5806
  92.000       0.6319
  93.000       0.5686
  94.000       0.6218
  95.000       0.8564
  96.000       1.0365
  97.000       1.5565
