#Res             RMSF
 662.000       1.4762
 663.000       1.1534
 664.000       0.7678
 665.000       0.5584
 666.000       0.4378
 667.000       0.4673
 668.000       0.5495
 669.000       0.4694
 670.000       0.4146
 671.000       0.4387
 672.000       0.4862
 673.000       0.4340
 674.000       0.4258
 675.000       0.5656
 676.000       0.6673
 677.000       0.6110
 678.000       0.5768
 679.000       0.7197
 680.000       0.8317
 681.000       0.5911
 682.000       0.5539
 683.000       0.4422
 684.000       0.4662
 685.000       0.5441
 686.000       0.5741
 687.000       0.4219
 688.000       0.4206
 689.000       0.5234
 690.000       0.4430
 691.000       0.3750
 692.000       0.4142
 693.000       0.4496
 694.000       0.4167
 695.000       0.4089
 696.000       0.4393
 697.000       0.4421
 698.000       0.4427
 699.000       0.3922
 700.000       0.4715
 701.000       0.4655
 702.000       0.4012
 703.000       0.4741
 704.000       0.5729
 705.000       0.4394
 706.000       0.3783
 707.000       0.4479
 708.000       0.4294
 709.000       0.3798
 710.000       0.4684
 711.000       0.5345
 712.000       0.5894
 713.000       0.7397
 714.000       0.8551
 715.000       0.7976
 716.000       1.1548
 717.000       0.6769
 718.000       0.4572
 719.000       0.5016
 720.000       0.4903
 721.000       0.4810
 722.000       0.3893
 723.000       0.3831
 724.000       0.4046
 725.000       0.3836
 726.000       0.3760
 727.000       0.4217
 728.000       0.5027
 729.000       0.5265
 730.000       0.5288
 731.000       0.4916
 732.000       0.5797
 733.000       0.7318
 734.000       0.8101
 735.000       0.5967
 736.000       0.4698
 737.000       0.5242
 738.000       0.4918
 739.000       0.4297
 740.000       0.4214
 741.000       0.4725
 742.000       0.4470
 743.000       0.4294
 744.000       0.4585
 745.000       0.4945
 746.000       0.4498
 747.000       0.4968
 748.000       0.5701
 749.000       0.5752
 750.000       0.5834
 751.000       0.8038
 752.000       1.1949
 753.000       2.3258
