#Res             RMSF
 558.000       1.7871
 559.000       1.0408
 560.000       0.6822
 561.000       0.5508
 562.000       0.7260
 563.000       0.7295
 564.000       0.5946
 565.000       0.6885
 566.000       0.5096
 567.000       0.5411
 568.000       0.4575
 569.000       0.5094
 570.000       0.4484
 571.000       0.5629
 572.000       0.5237
 573.000       0.4644
 574.000       0.4656
 575.000       0.5466
 576.000       0.5930
 577.000       0.5770
 578.000       0.7670
 579.000       1.1688
 580.000       1.2953
 581.000       0.9974
 582.000       0.6455
 583.000       0.7130
 584.000       0.7511
 585.000       0.6658
 586.000       0.5629
 587.000       1.0671
 588.000       1.0260
 589.000       0.5901
 590.000       0.4589
 591.000       0.4436
 592.000       0.4224
 593.000       0.4295
 594.000       0.4281
 595.000       0.4041
 596.000       0.4293
 597.000       0.4447
 598.000       0.4274
 599.000       0.4117
 600.000       0.4340
 601.000       0.4585
 602.000       0.4405
 603.000       0.4773
 604.000       0.5338
 605.000       0.4888
 606.000       0.4773
 607.000       0.5130
 608.000       0.5273
 609.000       0.5084
 610.000       0.5370
 611.000       0.6008
 612.000       0.6656
 613.000       0.6540
 614.000       0.7760
 615.000       0.9288
 616.000       0.9672
 617.000       0.9572
 618.000       0.7998
 619.000       0.8321
 620.000       0.6329
 621.000       0.5330
 622.000       0.5988
 623.000       0.5605
 624.000       0.6451
 625.000       0.5708
 626.000       0.5403
 627.000       0.6572
 628.000       0.7159
 629.000       0.6973
 630.000       0.7991
 631.000       0.9656
 632.000       0.9117
 633.000       0.8377
 634.000       0.9131
 635.000       0.7464
 636.000       0.6919
 637.000       0.7814
 638.000       0.8192
 639.000       0.7576
 640.000       0.7985
 641.000       1.3500
 642.000       1.6610
 643.000       0.9415
 644.000       0.9284
 645.000       0.8119
 646.000       0.8334
 647.000       0.7584
 648.000       0.7934
 649.000       1.0052
 650.000       1.0909
 651.000       1.1941
 652.000       1.3213
 653.000       1.5326
 654.000       1.3346
 655.000       1.3150
 656.000       1.3443
 657.000       1.3356
 658.000       1.2538
 659.000       1.3347
 660.000       1.6789
 661.000       2.2546
