#Res             RMSF
 377.000       2.8345
 378.000       2.3739
 379.000       1.4248
 380.000       1.0271
 381.000       0.6769
 382.000       0.6555
 383.000       0.5507
 384.000       0.5526
 385.000       0.5704
 386.000       0.5299
 387.000       0.4689
 388.000       0.4837
 389.000       0.5192
 390.000       0.4613
 391.000       0.4179
 392.000       0.5082
 393.000       0.5277
 394.000       0.4825
 395.000       0.4994
 396.000       0.5717
 397.000       0.6058
 398.000       0.5908
 399.000       0.5949
 400.000       0.5189
 401.000       0.4345
 402.000       0.4334
 403.000       0.5211
 404.000       0.5049
 405.000       0.5114
 406.000       0.4924
 407.000       0.4119
 408.000       0.4320
 409.000       0.4558
 410.000       0.4358
 411.000       0.3975
 412.000       0.4453
 413.000       0.4986
 414.000       0.5242
 415.000       0.5339
 416.000       0.6094
 417.000       0.8579
 418.000       0.8108
 419.000       0.7772
 420.000       0.7893
 421.000       0.9660
 422.000       0.5877
 423.000       0.5314
 424.000       0.5210
 425.000       0.5965
 426.000       0.6410
 427.000       0.5325
 428.000       0.4269
 429.000       0.4081
 430.000       0.4627
 431.000       0.4520
 432.000       0.3962
 433.000       0.3762
 434.000       0.4342
 435.000       0.4637
 436.000       0.4260
 437.000       0.3992
 438.000       0.4527
 439.000       0.4731
 440.000       0.4127
 441.000       0.3848
 442.000       0.4841
 443.000       0.4379
 444.000       0.3631
 445.000       0.4694
 446.000       0.5250
 447.000       0.4283
 448.000       0.3849
 449.000       0.4822
 450.000       0.4430
 451.000       0.4159
 452.000       0.4671
 453.000       0.4896
 454.000       0.5468
 455.000       0.6235
 456.000       0.4973
 457.000       0.5043
 458.000       0.4022
 459.000       0.3702
 460.000       0.4561
 461.000       0.5098
 462.000       0.5122
 463.000       0.4199
 464.000       0.4942
 465.000       0.5251
 466.000       0.4942
 467.000       0.5778
 468.000       0.5915
 469.000       0.6555
 470.000       0.7316
 471.000       0.8660
 472.000       1.0176
 473.000       1.5941
 474.000       2.5688
 475.000       3.9825
