#Res             RMSF
 558.000       1.9938
 559.000       1.1490
 560.000       0.6871
 561.000       0.5191
 562.000       0.6338
 563.000       0.6577
 564.000       0.5325
 565.000       0.6067
 566.000       0.4620
 567.000       0.5057
 568.000       0.4514
 569.000       0.5201
 570.000       0.4532
 571.000       0.5381
 572.000       0.5253
 573.000       0.4539
 574.000       0.4283
 575.000       0.5092
 576.000       0.5697
 577.000       0.5498
 578.000       0.7606
 579.000       1.1671
 580.000       1.2037
 581.000       0.8428
 582.000       0.5132
 583.000       0.5987
 584.000       0.6291
 585.000       0.5682
 586.000       0.5535
 587.000       1.1874
 588.000       1.0295
 589.000       0.5991
 590.000       0.4217
 591.000       0.3987
 592.000       0.3783
 593.000       0.3907
 594.000       0.3802
 595.000       0.3723
 596.000       0.3865
 597.000       0.4177
 598.000       0.4051
 599.000       0.3887
 600.000       0.4141
 601.000       0.4200
 602.000       0.4040
 603.000       0.4505
 604.000       0.4953
 605.000       0.4397
 606.000       0.4219
 607.000       0.4824
 608.000       0.4810
 609.000       0.4213
 610.000       0.4611
 611.000       0.5403
 612.000       0.5566
 613.000       0.5273
 614.000       0.6824
 615.000       0.8206
 616.000       0.8433
 617.000       0.8397
 618.000       0.6460
 619.000       0.7165
 620.000       0.4889
 621.000       0.3978
 622.000       0.4157
 623.000       0.4346
 624.000       0.4463
 625.000       0.4176
 626.000       0.4455
 627.000       0.5361
 628.000       0.5929
 629.000       0.6158
 630.000       0.7171
 631.000       0.9014
 632.000       0.8605
 633.000       0.8021
 634.000       0.7686
 635.000       0.6372
 636.000       0.6359
 637.000       0.6451
 638.000       0.6646
 639.000       0.7199
 640.000       0.8117
 641.000       1.3983
 642.000       1.7534
 643.000       0.8127
 644.000       0.6041
 645.000       0.5671
 646.000       0.5794
 647.000       0.5617
 648.000       0.5792
 649.000       0.7524
 650.000       0.7028
 651.000       0.7721
 652.000       0.7496
 653.000       0.8119
 654.000       0.8355
 655.000       0.8621
 656.000       0.9404
 657.000       0.8882
 658.000       0.7937
 659.000       0.9268
 660.000       1.3503
 661.000       2.0288
