#Res             RMSF
 662.000       1.4598
 663.000       0.9596
 664.000       0.6572
 665.000       0.5199
 666.000       0.4046
 667.000       0.4120
 668.000       0.4960
 669.000       0.4493
 670.000       0.4099
 671.000       0.4483
 672.000       0.4982
 673.000       0.4538
 674.000       0.4271
 675.000       0.5466
 676.000       0.6782
 677.000       0.6092
 678.000       0.5835
 679.000       0.7246
 680.000       0.8366
 681.000       0.5918
 682.000       0.5467
 683.000       0.4490
 684.000       0.4691
 685.000       0.5291
 686.000       0.5570
 687.000       0.4171
 688.000       0.4012
 689.000       0.4902
 690.000       0.4239
 691.000       0.3745
 692.000       0.4016
 693.000       0.4195
 694.000       0.3882
 695.000       0.4133
 696.000       0.4435
 697.000       0.4352
 698.000       0.4345
 699.000       0.3821
 700.000       0.4252
 701.000       0.4196
 702.000       0.3765
 703.000       0.4522
 704.000       0.4993
 705.000       0.4036
 706.000       0.3699
 707.000       0.4192
 708.000       0.4089
 709.000       0.4026
 710.000       0.4358
 711.000       0.4812
 712.000       0.5692
 713.000       0.7581
 714.000       0.7084
 715.000       0.6691
 716.000       0.6073
 717.000       0.5237
 718.000       0.4431
 719.000       0.5287
 720.000       0.4924
 721.000       0.4835
 722.000       0.4023
 723.000       0.3789
 724.000       0.3985
 725.000       0.3884
 726.000       0.3828
 727.000       0.3879
 728.000       0.4815
 729.000       0.5426
 730.000       0.5140
 731.000       0.5060
 732.000       0.6086
 733.000       0.7487
 734.000       0.7936
 735.000       0.5948
 736.000       0.4720
 737.000       0.4931
 738.000       0.4688
 739.000       0.4140
 740.000       0.3952
 741.000       0.4464
 742.000       0.4161
 743.000       0.4027
 744.000       0.4377
 745.000       0.4641
 746.000       0.4217
 747.000       0.4547
 748.000       0.5130
 749.000       0.5299
 750.000       0.5335
 751.000       0.7313
 752.000       1.1198
 753.000       2.1326
