#Frame      end1_rmsd
       1       0.0000
       2       3.5038
       3       2.7251
       4       3.4203
       5       2.7658
       6       3.3813
       7       2.8677
       8       3.7847
       9       2.8847
      10       1.9112
      11       2.1407
      12       2.1131
      13       2.2047
      14       1.8812
      15       2.5645
      16       3.1782
      17       2.2255
      18       2.7709
      19       3.9065
      20       3.0247
      21       3.6741
      22       3.7540
      23       2.9352
      24       3.5117
      25       3.9834
      26       4.3437
      27       3.7443
      28       4.1443
      29       4.0648
      30       3.8031
      31       4.3456
      32       4.1781
      33       4.8763
      34       5.8064
      35       4.0499
      36       3.6623
      37       4.4023
      38       6.3521
      39       4.9404
      40       4.0830
      41       4.5971
      42       3.6759
      43       3.1355
      44       3.1628
      45       5.2330
      46       6.4095
      47       5.1213
      48       3.8581
      49       5.0942
      50       4.9455
      51       4.0605
      52       3.6094
      53       4.0077
      54       4.2751
      55       4.4924
      56       4.5601
      57       4.2836
      58       4.3869
      59       5.1824
      60       6.8436
      61       4.0366
      62       4.9776
      63       5.8551
      64       4.2062
      65       4.8161
      66       3.9996
      67       4.0310
      68       4.0514
      69       4.1128
      70       3.4094
      71       3.3021
      72       3.5240
      73       4.2216
      74       3.4156
      75       3.0896
      76       2.7254
      77       3.1243
      78       3.8615
      79       3.1113
      80       3.6994
      81       3.1595
      82       4.6174
      83       4.3816
      84       4.9977
      85       4.4673
      86       4.9390
      87       4.0208
      88       4.1743
      89       3.9910
      90       4.2950
      91       3.4580
      92       2.7897
      93       3.2219
      94       3.8631
      95       4.4088
      96       5.1403
      97       3.6955
      98       3.4975
      99       4.2176
     100       3.5540
     101       4.4271
     102       3.4545
     103       3.6255
     104       4.9931
     105       3.2278
     106       3.6322
     107       3.2479
     108       2.6538
     109       3.3897
     110       4.8674
     111       4.7064
     112       4.6941
     113       3.6386
     114       3.6842
     115       4.7148
     116       5.1323
     117       5.6853
     118       4.8706
     119       6.4091
     120       5.8106
     121       5.4739
     122       5.4449
     123       5.6293
     124       4.8914
     125       6.6157
     126       5.8076
     127       6.7134
     128       5.3828
     129       5.5912
     130       5.4420
     131       4.0920
     132       4.7398
     133       4.9102
     134       5.0910
     135       6.5496
     136       5.2544
     137       4.4788
     138       5.1589
     139       6.4489
     140       6.4996
     141       7.0775
     142       5.3714
     143       7.1116
     144       6.1804
     145       5.1473
     146       4.9714
     147       5.7048
     148       6.8911
     149       7.5708
     150       6.7903
     151       6.3089
     152       6.8081
     153       8.0349
     154       6.5170
     155       6.2553
     156       5.2744
     157       5.5796
     158       5.9776
     159       7.0111
     160       7.4463
     161       7.5654
     162       4.7308
     163       6.1967
     164       6.7440
     165       5.0906
     166       5.2577
     167       6.2008
     168       4.7486
     169       5.2183
     170       6.8248
     171       6.6710
     172       5.6250
     173       5.5009
     174       3.9415
     175       3.3626
     176       3.0886
     177       3.8386
     178       3.2022
     179       3.9675
     180       5.0813
     181       5.8111
     182       5.7302
     183       6.3764
     184       5.4725
     185       6.8371
     186       5.5711
     187       5.3962
     188       5.3753
     189       4.8696
     190       5.4741
     191       5.5565
     192       5.7275
     193       5.9332
     194       5.6079
     195       6.2425
     196       5.0406
     197       5.4938
     198       4.8087
     199       6.2764
     200       6.3073
     201       5.3566
     202       4.4461
     203       4.0768
     204       6.2300
     205       5.1691
     206       5.3005
     207       5.2398
     208       3.6095
     209       5.5276
     210       6.1294
     211       4.9046
     212       5.8601
     213       5.1227
     214       5.5706
     215       5.5004
     216       5.2089
     217       5.9207
     218       5.4257
     219       6.1882
     220       5.4304
     221       5.9880
     222       4.5044
     223       5.5568
     224       4.9696
     225       3.9617
     226       3.7599
     227       4.2295
     228       4.1094
     229       4.7529
     230       4.8394
     231       4.1877
     232       3.8797
     233       4.1304
     234       4.0839
     235       4.4103
     236       4.1780
     237       4.6913
     238       5.0231
     239       5.4806
     240       5.1572
     241       4.9703
     242       4.7456
     243       3.8655
     244       3.7617
     245       4.5785
     246       4.0985
     247       3.8862
     248       4.2748
     249       5.1546
     250       4.8028
     251       3.5832
     252       4.2301
     253       4.6888
     254       3.1331
     255       3.8468
     256       4.1364
     257       3.9071
     258       5.8258
     259       4.4843
     260       3.7984
     261       3.9382
     262       3.5643
     263       4.2856
     264       3.0686
     265       5.7123
     266       6.2661
     267       4.9881
     268       4.6027
     269       3.7079
     270       4.3209
     271       3.3246
     272       3.4038
     273       3.0175
     274       2.4040
     275       3.7013
     276       2.7713
     277       3.4005
     278       2.2769
     279       2.2526
     280       2.9842
     281       2.8100
     282       2.7167
     283       2.5790
     284       2.9834
     285       3.1349
     286       2.1693
     287       3.5153
     288       2.5337
     289       2.4589
     290       2.4463
     291       2.4882
     292       2.8818
     293       2.7012
     294       2.9013
     295       3.0221
     296       3.1550
     297       2.9665
     298       4.3965
     299       3.3127
     300       3.7519
     301       4.9308
     302       4.1559
     303       3.2337
     304       3.0811
     305       3.4960
     306       2.9929
     307       3.2168
     308       3.0821
     309       3.8592
     310       3.7967
     311       3.7761
     312       3.6089
     313       3.3048
     314       4.3495
     315       4.7156
     316       5.2682
     317       5.3746
     318       4.6491
     319       4.4871
     320       3.5808
     321       2.6744
     322       4.6089
     323       2.7670
     324       3.8003
     325       5.5893
     326       4.5276
     327       3.9973
     328       3.7527
     329       4.2481
     330       3.7623
     331       7.4055
     332       4.3759
     333       4.1807
     334       3.3922
     335       2.1873
     336       3.4118
     337       3.0684
     338       3.1013
     339       2.9775
     340       2.7525
     341       2.8797
     342       3.2250
     343       2.4550
     344       4.2921
     345       2.2993
     346       2.8127
     347       3.7359
     348       2.5810
     349       3.9872
     350       3.8989
     351       3.5869
     352       4.6722
     353       3.9784
     354       3.0918
     355       3.1672
     356       2.2299
     357       3.1994
     358       2.6443
     359       3.2412
     360       3.1379
     361       3.7251
     362       2.3618
     363       3.3340
     364       3.8017
     365       3.4322
     366       3.1309
     367       2.8203
     368       3.1826
     369       2.9682
     370       3.0015
     371       4.4336
     372       3.7721
     373       3.6871
     374       2.5981
     375       2.6016
     376       2.6590
     377       3.5226
     378       2.8581
     379       2.0431
     380       3.2610
     381       2.8528
     382       2.6823
     383       3.7129
     384       3.9807
     385       2.8712
     386       3.4490
     387       2.4429
     388       2.7845
     389       3.9286
     390       3.7769
     391       3.3968
     392       4.1536
     393       4.7590
     394       4.0352
     395       4.8294
     396       3.7251
     397       4.3831
     398       4.4202
     399       5.1331
     400       4.9964
