#Frame      end2_rmsd
       1       0.0000
       2       2.4101
       3       5.5544
       4       3.6990
       5       3.4964
       6       3.6490
       7       5.5009
       8       6.2881
       9       6.3046
      10       7.0364
      11       6.4312
      12       6.0544
      13       5.2839
      14       4.6444
      15       4.0958
      16       4.2253
      17       4.3267
      18       2.7049
      19       3.3251
      20       2.1889
      21       2.3742
      22       3.3907
      23       2.7964
      24       2.3305
      25       3.1350
      26       4.3369
      27       3.1242
      28       3.8179
      29       3.2827
      30       3.8332
      31       2.6441
      32       3.3301
      33       4.3920
      34       4.3340
      35       3.3877
      36       4.2890
      37       4.7943
      38       4.2880
      39       3.3710
      40       3.7906
      41       3.7991
      42       6.0526
      43       6.4995
      44       7.6291
      45       6.2951
      46       7.2406
      47       5.4189
      48       4.1683
      49       5.5083
      50       3.5745
      51       6.0926
      52       5.7234
      53       4.2985
      54       5.0219
      55       6.2287
      56       5.8147
      57       6.8108
      58       5.8745
      59       4.9970
      60       6.0741
      61       3.4471
      62       5.6481
      63       6.2676
      64       4.9912
      65       5.5380
      66       3.9311
      67       3.7914
      68       3.8192
      69       4.6525
      70       3.5027
      71       2.3447
      72       4.3167
      73       3.9189
      74       3.2742
      75       2.0915
      76       3.4357
      77       3.7544
      78       3.1421
      79       5.2520
      80       4.5541
      81       3.8677
      82       2.7711
      83       3.0650
      84       2.6327
      85       3.1216
      86       3.0373
      87       3.8793
      88       2.8065
      89       4.5398
      90       4.3267
      91       6.1626
      92       2.4600
      93       4.0823
      94       3.5606
      95       3.2089
      96       5.3577
      97       3.8042
      98       3.9000
      99       5.1277
     100       5.5498
     101       4.3174
     102       4.5409
     103       4.3723
     104       4.5075
     105       2.7564
     106       4.8145
     107       4.1467
     108       4.5903
     109       2.4649
     110       3.9410
     111       5.1812
     112       5.3374
     113       4.5038
     114       6.7285
     115       6.5074
     116       8.6784
     117       7.6935
     118       5.7694
     119       6.2893
     120       8.4966
     121       5.3952
     122       2.9100
     123       3.5790
     124       4.3176
     125       6.0690
     126       6.0001
     127       4.8811
     128       3.4400
     129       5.2060
     130       4.7420
     131       5.1043
     132       6.0199
     133       5.7785
     134       5.2533
     135       5.7495
     136       2.9231
     137       3.7723
     138       5.0571
     139       6.0738
     140       4.6071
     141       3.9996
     142       3.5390
     143       5.2373
     144       4.5921
     145       4.7419
     146       4.9600
     147       3.3579
     148       5.0108
     149       3.4043
     150       3.2020
     151       4.0092
     152       3.0099
     153       4.5884
     154       3.9727
     155       3.9840
     156       3.8321
     157       6.2591
     158       4.4108
     159       8.0881
     160       5.1493
     161       4.7331
     162       4.0970
     163       4.6560
     164       3.9342
     165       5.2907
     166       4.8663
     167       4.3665
     168       4.3117
     169       5.0618
     170       4.2612
     171       3.3893
     172       5.1872
     173       3.4628
     174       5.3605
     175       4.7411
     176       2.0636
     177       3.4004
     178       3.8782
     179       3.5562
     180       4.7974
     181       3.8340
     182       4.4529
     183       3.7848
     184       4.8667
     185       5.9521
     186       4.1702
     187       6.5043
     188       4.8290
     189       5.6584
     190       4.8122
     191       4.8981
     192       5.7498
     193       5.0007
     194       5.9830
     195       4.9789
     196       3.1291
     197       5.7127
     198       4.9660
     199       4.8845
     200       4.0527
     201       3.0511
     202       4.1432
     203       5.7600
     204       3.5522
     205       5.1052
     206       4.2483
     207       4.4816
     208       6.0601
     209       4.5722
     210       5.1038
     211       4.5070
     212       5.4545
     213       5.0889
     214       4.0817
     215       2.8377
     216       5.1540
     217       5.0050
     218       2.9099
     219       3.5200
     220       2.9973
     221       4.2299
     222       6.6691
     223       7.2724
     224       4.8962
     225       3.7425
     226       3.5261
     227       5.3692
     228       4.4640
     229       5.3086
     230       4.7610
     231       4.8255
     232       4.5014
     233       6.4348
     234       3.7617
     235       2.6297
     236       2.8108
     237       2.3002
     238       3.4031
     239       4.1247
     240       2.4948
     241       2.9091
     242       2.8176
     243       2.9653
     244       3.8018
     245       3.8955
     246       3.3972
     247       2.9488
     248       3.9719
     249       4.8250
     250       5.4825
     251       5.7443
     252       5.7163
     253       6.3510
     254       6.2309
     255       4.6194
     256       7.6932
     257       7.0385
     258       8.1794
     259       8.0696
     260       8.0731
     261       8.3655
     262       9.2752
     263      10.1775
     264       8.8286
     265      10.4705
     266       9.4681
     267       9.9682
     268       8.0755
     269       7.0616
     270       8.2332
     271       6.2636
     272       5.7637
     273       5.8468
     274       7.5785
     275       6.7092
     276       6.2508
     277       7.6302
     278       7.4633
     279       5.1325
     280       8.0176
     281       4.9602
     282       5.4715
     283       4.1442
     284       3.7600
     285       3.4307
     286       3.5800
     287       3.7427
     288       5.2250
     289       5.2856
     290       5.2138
     291       6.7496
     292       4.1892
     293       4.0178
     294       7.5881
     295       6.8535
     296       6.4834
     297       6.8491
     298       7.2719
     299       5.6994
     300       7.3698
     301       9.0649
     302       8.7744
     303       7.5386
     304       6.6905
     305       8.4719
     306       8.7990
     307       6.9187
     308       8.1137
     309       7.4479
     310       6.8449
     311       6.4525
     312       6.9463
     313       9.8167
     314       6.4862
     315       6.9029
     316       5.3764
     317       6.7363
     318       6.9155
     319       8.8403
     320       8.2462
     321      10.9677
     322       7.6706
     323       7.9065
     324       7.7116
     325       7.5016
     326       6.7723
     327       9.5228
     328       7.5706
     329       9.4709
     330       9.6704
     331      11.0246
     332       9.5229
     333      10.4144
     334      10.9129
     335      10.1304
     336      10.0354
     337       9.1036
     338       8.1942
     339       9.9785
     340       8.0117
     341      10.7379
     342       9.0242
     343       8.3229
     344       8.7751
     345       8.9640
     346       8.0161
     347       7.6009
     348       6.6731
     349       9.0105
     350       9.5329
     351       9.0762
     352       7.8215
     353       6.6771
     354       8.1553
     355       6.6826
     356       8.9797
     357       8.2041
     358      10.2712
     359       8.7858
     360      10.1040
     361       8.9494
     362      10.1923
     363       8.2973
     364      10.2521
     365      12.2301
     366      12.4816
     367      12.5589
     368      13.7397
     369      10.4685
     370       9.6650
     371      10.5875
     372       8.5269
     373       9.2079
     374       7.3937
     375       8.0473
     376       9.3647
     377      11.1380
     378      12.3871
     379       9.5978
     380       8.9262
     381      10.4747
     382       8.0090
     383      10.6229
     384      11.1919
     385      11.7066
     386      10.2462
     387      11.3416
     388      10.2848
     389       9.4521
     390       7.9607
     391       8.7330
     392      11.6089
     393      10.0990
     394      10.3021
     395      10.2855
     396      10.1210
     397      11.1170
     398      10.2944
     399      11.7847
     400      11.1411
