0 0
1 0
2 1
3 2
4 1
5 4
6 6
7 1
8 1
9 2
10 1
11 0
12 1
13 1
14 1
15 1
16 1
17 1
18 1
19 4
20 2
21 2
22 2
23 2
24 2
25 1
26 2
27 3
28 1
29 3
30 1
31 1
32 2
33 3
34 5
35 3
36 3
37 2
38 2
39 1
40 4
41 1
42 2
43 2
44 2
45 2
46 3
47 3
48 1
49 2
50 3
51 0
52 2
53 2
54 2
55 3
56 2
57 3
58 2
59 2
60 2
61 2
62 0
63 3
64 3
65 2
66 2
67 1
68 1
69 2
70 2
71 1
72 1
73 1
74 3
75 2
76 2
77 2
78 0
79 1
80 2
81 2
82 2
83 2
84 1
85 2
86 2
87 1
88 1
89 1
90 3
91 2
92 1
93 1
94 1
95 0
96 2
97 0
98 1
99 3
100 2
101 2
102 2
103 3
104 2
105 2
106 2
107 1
108 3
109 1
110 2
111 3
112 1
113 2
114 1
115 2
116 2
117 2
118 1
119 3
120 1
121 3
122 2
123 2
124 2
125 3
126 2
127 4
128 2
129 1
130 1
131 3
132 0
133 2
134 2
135 2
136 3
137 3
138 1
139 1
140 2
141 3
142 1
143 3
144 2
145 1
146 2
147 2
148 3
149 1
150 2
151 2
152 3
153 2
154 1
155 2
156 4
157 2
158 1
159 4
160 2
161 2
162 2
163 2
164 3
165 2
166 2
167 3
168 2
169 3
170 2
171 2
172 2
173 2
174 2
175 3
176 1
177 1
178 2
179 2
180 1
181 1
182 2
183 2
184 2
185 0
186 1
187 2
188 1
189 2
190 0
191 2
192 2
193 0
194 0
195 1
196 2
197 0
198 1
199 1
200 2
201 3
202 3
203 2
204 1
205 7
206 2
207 5
208 4
209 2
210 3
211 1
212 2
213 2
214 4
215 3
216 3
217 4
218 2
219 0
220 2
221 2
222 1
223 1
224 1
225 1
226 1
227 0
228 1
229 1
230 1
231 1
232 3
233 1
234 0
235 0
236 1
237 2
238 1
239 1
240 1
241 1
242 0
243 1
244 1
245 1
246 2
247 2
248 0
249 4
250 0
251 1
252 0
253 0
254 2
255 0
256 2
257 1
258 1
259 0
260 0
261 1
262 0
263 1
264 1
265 0
266 3
267 2
268 3
269 2
270 1
271 1
272 3
273 0
274 1
275 1
276 1
277 1
278 1
279 2
280 0
281 1
282 1
283 3
284 2
285 1
286 0
287 1
288 2
289 3
290 2
291 0
292 3
293 1
294 0
295 0
296 1
297 2
298 2
299 0
300 1
301 0
302 1
303 1
304 1
305 0
306 2
307 0
308 1
309 0
310 1
311 0
312 1
313 0
314 1
315 1
316 2
317 1
318 1
319 0
320 3
321 1
322 2
323 1
324 0
325 1
326 2
327 0
328 2
329 0
330 1
331 0
332 1
333 1
334 0
335 0
336 1
337 2
338 2
339 1
340 3
341 0
342 0
343 1
344 3
345 2
346 0
347 0
348 1
349 2
350 2
351 1
352 2
353 1
354 2
355 3
356 2
357 2
358 1
359 2
360 3
361 2
362 1
363 2
364 1
365 2
366 1
367 0
368 2
369 1
370 1
371 1
372 1
373 2
374 2
375 2
376 2
377 2
378 1
379 0
380 2
381 2
382 2
383 3
384 2
385 1
386 2
387 2
388 1
389 2
390 3
391 2
392 3
393 2
394 1
395 1
396 1
397 1
398 1
399 2
400 2
