0 3
1 5
2 2
3 4
4 5
5 4
6 4
7 4
8 3
9 3
10 4
11 5
12 4
13 4
14 4
15 4
16 3
17 3
18 4
19 5
20 4
21 4
22 4
23 3
24 1
25 0
26 4
27 5
28 4
29 5
30 2
31 3
32 4
33 3
34 5
35 2
36 3
37 4
38 2
39 2
40 6
41 4
42 3
43 1
44 5
45 4
46 3
47 4
48 5
49 4
50 3
51 5
52 5
53 1
54 4
55 2
56 3
57 3
58 5
59 3
60 4
61 3
62 4
63 2
64 3
65 4
66 5
67 3
68 3
69 4
70 5
71 5
72 3
73 5
74 3
75 3
76 3
77 5
78 3
79 5
80 3
81 6
82 3
83 3
84 4
85 4
86 4
87 5
88 4
89 5
90 4
91 4
92 4
93 3
94 4
95 4
96 3
97 4
98 4
99 3
100 3
101 4
102 3
103 4
104 4
105 5
106 3
107 1
108 3
109 4
110 5
111 4
112 2
113 3
114 5
115 4
116 3
117 3
118 4
119 4
120 5
121 5
122 3
123 2
124 3
125 4
126 5
127 4
128 3
129 5
130 4
131 3
132 5
133 4
134 2
135 4
136 4
137 3
138 3
139 3
140 4
141 3
142 4
143 4
144 3
145 4
146 5
147 4
148 3
149 5
150 3
151 4
152 4
153 4
154 5
155 3
156 3
157 4
158 2
159 3
160 4
161 4
162 3
163 3
164 4
165 3
166 3
167 3
168 3
169 3
170 4
171 3
172 2
173 3
174 4
175 3
176 3
177 5
178 5
179 4
180 5
181 4
182 5
183 3
184 4
185 4
186 2
187 3
188 4
189 4
190 4
191 2
192 4
193 4
194 4
195 5
196 4
197 3
198 5
199 3
200 2
201 3
202 3
203 3
204 3
205 3
206 6
207 4
208 4
209 4
210 4
211 3
212 5
213 5
214 4
215 4
216 4
217 5
218 4
219 3
220 2
221 3
222 4
223 5
224 5
225 3
226 4
227 4
228 3
229 4
230 3
231 3
232 5
233 2
234 4
235 4
236 4
237 3
238 4
239 5
240 6
241 4
242 5
243 5
244 5
245 5
246 5
247 3
248 5
249 4
250 3
251 4
252 4
253 3
254 4
255 3
256 3
257 4
258 4
259 4
260 5
261 4
262 5
263 3
264 5
265 3
266 4
267 3
268 4
269 3
270 4
271 4
272 5
273 4
274 3
275 4
276 5
277 4
278 3
279 4
280 2
281 3
282 4
283 3
284 6
285 5
286 3
287 6
288 3
289 4
290 4
291 3
292 4
293 4
294 4
295 4
296 6
297 3
298 3
299 4
300 5
301 3
302 4
303 4
304 4
305 2
306 3
307 5
308 5
309 5
310 3
311 4
312 4
313 5
314 3
315 5
316 6
317 4
318 5
319 2
320 5
321 7
322 4
323 5
324 5
325 4
326 2
327 1
328 5
329 5
330 4
331 4
332 3
333 2
334 2
335 3
336 4
337 3
338 3
339 3
340 7
341 3
342 3
343 4
344 3
345 3
346 4
347 4
348 4
349 5
350 4
351 5
352 4
353 4
354 4
355 4
356 3
357 2
358 3
359 2
360 4
361 3
362 3
363 4
364 4
365 4
366 3
367 4
368 2
369 4
370 5
371 4
372 4
373 3
374 4
375 3
376 4
377 3
378 1
379 4
380 5
381 4
382 3
383 4
384 4
385 4
386 3
387 4
388 3
389 3
390 6
391 4
392 5
393 1
394 6
395 3
396 4
397 3
398 4
399 4
400 2
