0 2
1 2
2 2
3 2
4 2
5 2
6 1
7 1
8 3
9 2
10 2
11 1
12 1
13 1
14 1
15 2
16 2
17 1
18 2
19 1
20 1
21 2
22 2
23 2
24 2
25 1
26 2
27 1
28 2
29 1
30 2
31 1
32 2
33 2
34 2
35 2
36 2
37 1
38 2
39 2
40 2
41 1
42 1
43 1
44 3
45 2
46 1
47 3
48 3
49 1
50 2
51 2
52 2
53 2
54 2
55 1
56 2
57 2
58 2
59 2
60 2
61 1
62 2
63 2
64 2
65 1
66 2
67 2
68 2
69 2
70 2
71 2
72 2
73 2
74 2
75 2
76 2
77 2
78 1
79 2
80 2
81 2
82 2
83 2
84 1
85 2
86 2
87 2
88 1
89 1
90 1
91 2
92 1
93 2
94 2
95 2
96 2
97 2
98 2
99 2
100 2
101 2
102 2
103 2
104 2
105 1
106 2
107 2
108 2
109 2
110 2
111 2
112 1
113 2
114 2
115 1
116 2
117 2
118 2
119 3
120 2
121 2
122 2
123 2
124 2
125 1
126 2
127 2
128 2
129 2
130 2
131 0
132 2
133 1
134 1
135 1
136 2
137 1
138 2
139 2
140 1
141 2
142 2
143 1
144 2
145 2
146 2
147 1
148 2
149 2
150 2
151 1
152 2
153 1
154 1
155 2
156 1
157 2
158 2
159 2
160 1
161 1
162 1
163 1
164 2
165 3
166 3
167 2
168 1
169 1
170 1
171 2
172 2
173 2
174 1
175 3
176 1
177 2
178 1
179 2
180 2
181 2
182 2
183 2
184 3
185 1
186 1
187 2
188 2
189 2
190 2
191 2
192 2
193 1
194 2
195 2
196 1
197 2
198 2
199 1
200 1
201 1
202 2
203 1
204 2
205 2
206 2
207 1
208 2
209 1
210 2
211 0
212 1
213 2
214 2
215 2
216 2
217 2
218 2
219 1
220 2
221 3
222 1
223 2
224 3
225 2
226 3
227 2
228 2
229 2
230 3
231 0
232 2
233 2
234 2
235 2
236 2
237 2
238 1
239 2
240 2
241 2
242 2
243 3
244 2
245 2
246 2
247 2
248 1
249 2
250 1
251 2
252 1
253 2
254 1
255 2
256 1
257 1
258 2
259 2
260 2
261 2
262 1
263 2
264 2
265 2
266 1
267 3
268 1
269 2
270 1
271 1
272 2
273 2
274 2
275 2
276 2
277 0
278 2
279 2
280 2
281 2
282 2
283 2
284 2
285 2
286 2
287 2
288 1
289 2
290 3
291 2
292 3
293 2
294 2
295 2
296 2
297 2
298 1
299 1
300 1
301 1
302 1
303 2
304 1
305 1
306 2
307 2
308 2
309 1
310 2
311 1
312 2
313 3
314 1
315 2
316 2
317 1
318 2
319 1
320 2
321 1
322 2
323 2
324 1
325 1
326 1
327 1
328 2
329 2
330 1
331 2
332 2
333 1
334 2
335 2
336 2
337 2
338 1
339 1
340 2
341 2
342 1
343 2
344 2
345 1
346 2
347 2
348 1
349 2
350 2
351 2
352 1
353 2
354 1
355 1
356 1
357 1
358 2
359 2
360 0
361 1
362 2
363 2
364 2
365 2
366 2
367 2
368 1
369 2
370 2
371 2
372 2
373 2
374 1
375 2
376 1
377 1
378 1
379 1
380 2
381 1
382 1
383 2
384 1
385 2
386 2
387 2
388 2
389 1
390 0
391 2
392 1
393 0
394 2
395 0
396 1
397 1
398 2
399 2
400 2
