#Frame           gap2
       1      28.8273
       2      27.1210
       3      26.6526
       4      28.8537
       5      29.7530
       6      30.3756
       7      28.7697
       8      29.9291
       9      29.3531
      10      27.4792
      11      27.5896
      12      26.8608
      13      27.9977
      14      24.9093
      15      25.5152
      16      27.3279
      17      27.3601
      18      26.3866
      19      25.6786
      20      29.7812
      21      30.2341
      22      26.8869
      23      26.2612
      24      28.0312
      25      26.8483
      26      26.4380
      27      26.2585
      28      26.3648
      29      27.0350
      30      27.2654
      31      26.3718
      32      27.6988
      33      26.6102
      34      26.3270
      35      28.6899
      36      26.6221
      37      26.6370
      38      26.8014
      39      27.2987
      40      27.5924
      41      26.5165
      42      25.2180
      43      26.4829
      44      26.9986
      45      27.2748
      46      26.2101
      47      27.4600
      48      26.1172
      49      28.7903
      50      29.5052
      51      28.9071
      52      29.7817
      53      30.0981
      54      28.4661
      55      27.5843
      56      26.1129
      57      29.2529
      58      29.1761
      59      28.9308
      60      29.8532
      61      30.0449
      62      31.4814
      63      32.5831
      64      30.0046
      65      31.2738
      66      29.8618
      67      29.0312
      68      28.3727
      69      28.7515
      70      26.0826
      71      28.3498
      72      26.9739
      73      26.7994
      74      26.3941
      75      27.5583
      76      25.9255
      77      24.3173
      78      26.5388
      79      27.0694
      80      27.4358
      81      27.4751
      82      26.0091
      83      27.5045
      84      26.2966
      85      26.6090
      86      27.5767
      87      24.9077
      88      25.6835
      89      27.4476
      90      28.8260
      91      26.6758
      92      27.2254
      93      28.5356
      94      26.7852
      95      28.4086
      96      27.4415
      97      29.1354
      98      26.4923
      99      26.8262
     100      26.3290
     101      26.9700
     102      27.3761
     103      27.5845
     104      28.6029
     105      27.5619
     106      28.5119
     107      28.9982
     108      26.3647
     109      29.1937
     110      27.8717
     111      30.7230
     112      29.8210
     113      26.8484
     114      26.2719
     115      28.2279
     116      29.6129
     117      28.8992
     118      28.8497
     119      28.6825
     120      28.1996
     121      27.2318
     122      27.0187
     123      25.9626
     124      27.0970
     125      27.3838
     126      28.2838
     127      26.7633
     128      28.2950
     129      26.8439
     130      27.4667
     131      25.1905
     132      25.8432
     133      26.4966
     134      25.3197
     135      24.7390
     136      27.5652
     137      29.7153
     138      26.6684
     139      27.9784
     140      28.4991
     141      28.7294
     142      28.0572
     143      29.5002
     144      29.7426
     145      29.9815
     146      27.3701
     147      27.7996
     148      27.5228
     149      28.4819
     150      28.0793
     151      27.2033
     152      28.3533
     153      29.2314
     154      29.2076
     155      27.8313
     156      30.5528
     157      28.7866
     158      28.9413
     159      29.9755
     160      30.6256
     161      29.6387
     162      28.6874
     163      29.9420
     164      28.8436
     165      29.8243
     166      29.1140
     167      28.3539
     168      28.3013
     169      28.0350
     170      27.6418
     171      27.0372
     172      25.8967
     173      26.6830
     174      26.1788
     175      26.8758
     176      28.5820
     177      30.0026
     178      31.1962
     179      28.7099
     180      27.1094
     181      27.7053
     182      28.7840
     183      28.7736
     184      27.6900
     185      25.0704
     186      27.5656
     187      28.8703
     188      29.4307
     189      28.0505
     190      27.0970
     191      27.5517
     192      30.5450
     193      30.6965
     194      29.6432
     195      27.4884
     196      29.6578
     197      28.6986
     198      27.9694
     199      28.8077
     200      29.4119
     201      29.4700
     202      28.3330
     203      26.3515
     204      27.4118
     205      27.4055
     206      28.4990
     207      29.8698
     208      29.0142
     209      28.3801
     210      27.9887
     211      29.1781
     212      26.8957
     213      27.0659
     214      26.8670
     215      26.4879
     216      26.9722
     217      27.0190
     218      27.4485
     219      25.7836
     220      28.8293
     221      27.4083
     222      28.3804
     223      28.5194
     224      28.0655
     225      28.0502
     226      28.1907
     227      26.6738
     228      28.5114
     229      28.4101
     230      28.3383
     231      28.6711
     232      24.6263
     233      27.9677
     234      26.4086
     235      28.0857
     236      27.4897
     237      25.6481
     238      26.4829
     239      27.2079
     240      24.0680
     241      24.6736
     242      25.4727
     243      26.8644
     244      27.0257
     245      25.5625
     246      26.1120
     247      26.0901
     248      25.8391
     249      28.5669
     250      27.8860
     251      26.1702
     252      25.3272
     253      26.2732
     254      27.5274
     255      29.4782
     256      27.0512
     257      25.4199
     258      27.4070
     259      25.9900
     260      27.0620
     261      26.6546
     262      25.1181
     263      24.4871
     264      23.8470
     265      25.4923
     266      26.8576
     267      26.6765
     268      28.0907
     269      29.7327
     270      27.7152
     271      28.4562
     272      27.9000
     273      26.8471
     274      27.6210
     275      26.9601
     276      25.9915
     277      27.6936
     278      26.0592
     279      28.0196
     280      26.8298
     281      27.3514
     282      27.6174
     283      25.8650
     284      25.2540
     285      26.3056
     286      24.8679
     287      27.2132
     288      27.5076
     289      27.2075
     290      26.4302
     291      26.0628
     292      26.5614
     293      26.3810
     294      25.2875
     295      24.8545
     296      26.9433
     297      24.1013
     298      26.3334
     299      27.6463
     300      27.1847
     301      28.3691
     302      27.6843
     303      26.7931
     304      28.6622
     305      26.9265
     306      28.2811
     307      26.4265
     308      26.8345
     309      28.7430
     310      28.2981
     311      28.6765
     312      28.5585
     313      28.5027
     314      29.0836
     315      28.7032
     316      27.7172
     317      28.1955
     318      28.5616
     319      28.0914
     320      26.8221
     321      26.3211
     322      25.9790
     323      28.3195
     324      28.0136
     325      27.4582
     326      25.5851
     327      26.0062
     328      29.0318
     329      25.9654
     330      25.6424
     331      27.0008
     332      27.2135
     333      27.5403
     334      27.5290
     335      26.9681
     336      26.8175
     337      25.0911
     338      26.2679
     339      25.4132
     340      27.5705
     341      26.9391
     342      28.5297
     343      26.8572
     344      28.4728
     345      27.5520
     346      28.8720
     347      27.7942
     348      26.5025
     349      28.7839
     350      25.9900
     351      26.0223
     352      24.5949
     353      24.4572
     354      27.9536
     355      26.9083
     356      27.6703
     357      26.9959
     358      26.5747
     359      26.5843
     360      23.8709
     361      25.6212
     362      26.3585
     363      25.9086
     364      25.1554
     365      24.7688
     366      26.8945
     367      24.4455
     368      26.3739
     369      26.4076
     370      26.1385
     371      23.4591
     372      24.8460
     373      25.3860
     374      25.8617
     375      27.4158
     376      27.6506
     377      26.8298
     378      26.3599
     379      25.6112
     380      25.1386
     381      25.4253
     382      23.3611
     383      24.9482
     384      25.7652
     385      26.6758
     386      27.2028
     387      27.1019
     388      26.1752
     389      26.9206
     390      27.9192
     391      29.2091
     392      26.8762
     393      27.4789
     394      28.7554
     395      28.8478
     396      26.7642
     397      26.7830
     398      27.9731
     399      26.8696
     400      25.8087
