#Frame           gap5
       1      25.5928
       2      25.7350
       3      26.3497
       4      27.3022
       5      27.4631
       6      26.0446
       7      26.8494
       8      26.3315
       9      25.7396
      10      26.1353
      11      26.4220
      12      25.4287
      13      27.8623
      14      28.2723
      15      28.2927
      16      29.2723
      17      28.5161
      18      26.4879
      19      27.3262
      20      27.1800
      21      27.9529
      22      27.7987
      23      28.5258
      24      28.9852
      25      26.3689
      26      27.2091
      27      28.3061
      28      26.4685
      29      26.9598
      30      26.1179
      31      25.9138
      32      27.9153
      33      24.0568
      34      29.4720
      35      29.4034
      36      28.7192
      37      28.4159
      38      27.1565
      39      27.0598
      40      28.7716
      41      27.2532
      42      28.3141
      43      27.6523
      44      28.6824
      45      27.7920
      46      26.3934
      47      26.9445
      48      26.3217
      49      26.8048
      50      25.3486
      51      25.7992
      52      26.3785
      53      26.9653
      54      27.7822
      55      30.3071
      56      30.9520
      57      27.7836
      58      29.7222
      59      28.8312
      60      30.1344
      61      28.8885
      62      29.0014
      63      28.3635
      64      27.9411
      65      27.6333
      66      27.4849
      67      27.4344
      68      27.6055
      69      28.5288
      70      27.7029
      71      30.2121
      72      30.2066
      73      30.8338
      74      30.0981
      75      29.9912
      76      30.5931
      77      29.0861
      78      29.9378
      79      30.5108
      80      29.2911
      81      27.9531
      82      28.1528
      83      28.2601
      84      27.4658
      85      27.6122
      86      28.9594
      87      27.0013
      88      29.3068
      89      29.6396
      90      29.3138
      91      29.2728
      92      29.9333
      93      31.0094
      94      28.7383
      95      31.1619
      96      29.5726
      97      30.1788
      98      30.2200
      99      28.5876
     100      29.2146
     101      28.4120
     102      28.1260
     103      28.3640
     104      27.2895
     105      27.4692
     106      27.3729
     107      29.1737
     108      27.8846
     109      27.7606
     110      27.3421
     111      30.4010
     112      26.8625
     113      28.3474
     114      26.5376
     115      28.2408
     116      27.5548
     117      28.5218
     118      28.1742
     119      27.9358
     120      26.6962
     121      28.2329
     122      28.1215
     123      27.0024
     124      26.9638
     125      27.7021
     126      25.9220
     127      26.9914
     128      25.7321
     129      25.1282
     130      26.6738
     131      28.4593
     132      26.8956
     133      26.8512
     134      28.7612
     135      26.1556
     136      26.5387
     137      26.0581
     138      26.3394
     139      28.2785
     140      28.9521
     141      27.9046
     142      25.3922
     143      25.4085
     144      25.2026
     145      23.4003
     146      24.6506
     147      24.5167
     148      24.4494
     149      24.3785
     150      22.8840
     151      22.1896
     152      22.2212
     153      24.2000
     154      22.8493
     155      22.1845
     156      23.7133
     157      25.0416
     158      23.4764
     159      24.0166
     160      24.1265
     161      25.0843
     162      24.9874
     163      24.8527
     164      25.5326
     165      24.3008
     166      24.7775
     167      25.4965
     168      25.6840
     169      25.6157
     170      25.2936
     171      25.3202
     172      24.9094
     173      25.5429
     174      24.2853
     175      24.1730
     176      24.2804
     177      25.1949
     178      23.8091
     179      23.8066
     180      24.4328
     181      23.1863
     182      24.0094
     183      23.7716
     184      24.6135
     185      23.5749
     186      23.4292
     187      23.1619
     188      23.1952
     189      23.8986
     190      23.3770
     191      22.7822
     192      23.9943
     193      23.5083
     194      24.0038
     195      22.0682
     196      23.6397
     197      23.9645
     198      24.5468
     199      23.7776
     200      24.7441
     201      24.8253
     202      23.5965
     203      25.1278
     204      23.9831
     205      23.8666
     206      24.1566
     207      24.8668
     208      25.8927
     209      25.0566
     210      25.0546
     211      25.0083
     212      25.1732
     213      24.3534
     214      24.0538
     215      24.1326
     216      24.7569
     217      24.4620
     218      25.1870
     219      25.2265
     220      24.3654
     221      24.2315
     222      25.3473
     223      24.0638
     224      24.1131
     225      24.4013
     226      24.0193
     227      23.9703
     228      24.4983
     229      23.8039
     230      23.7977
     231      24.3410
     232      25.0740
     233      23.0871
     234      24.3363
     235      23.1471
     236      23.9747
     237      24.1622
     238      24.8505
     239      24.0623
     240      24.6521
     241      23.9021
     242      24.2712
     243      23.7837
     244      23.7424
     245      24.4951
     246      25.9372
     247      26.4039
     248      25.7553
     249      24.9583
     250      24.2641
     251      24.3292
     252      24.6186
     253      24.3497
     254      24.5438
     255      25.7462
     256      24.2240
     257      23.9269
     258      26.3699
     259      24.7922
     260      24.1480
     261      23.2421
     262      25.7058
     263      25.3556
     264      24.6133
     265      24.1746
     266      25.7116
     267      25.3381
     268      27.0893
     269      26.8613
     270      26.5570
     271      25.4360
     272      24.7718
     273      24.6432
     274      25.0444
     275      24.7496
     276      24.5281
     277      25.4031
     278      25.6296
     279      24.5890
     280      24.0901
     281      24.7641
     282      26.6036
     283      25.4482
     284      27.1637
     285      25.4961
     286      24.9930
     287      26.8275
     288      25.7679
     289      24.8132
     290      24.3843
     291      25.0466
     292      25.6491
     293      23.3428
     294      24.6738
     295      22.9887
     296      23.4028
     297      24.3123
     298      24.1765
     299      23.7787
     300      21.1948
     301      21.8006
     302      23.5935
     303      24.0399
     304      23.6444
     305      23.7445
     306      24.2791
     307      24.6375
     308      24.4260
     309      25.9740
     310      24.6364
     311      25.3077
     312      24.1883
     313      23.0391
     314      23.9843
     315      23.1384
     316      22.1952
     317      23.9910
     318      23.5045
     319      24.7664
     320      24.6692
     321      24.0456
     322      24.1163
     323      24.0999
     324      24.6547
     325      24.3897
     326      24.8689
     327      24.8853
     328      23.7328
     329      24.5589
     330      24.4891
     331      24.4796
     332      24.9160
     333      25.2674
     334      24.0583
     335      25.5537
     336      25.7452
     337      26.1205
     338      23.8091
     339      26.3512
     340      26.2631
     341      26.0578
     342      25.7777
     343      27.0949
     344      25.2538
     345      25.3017
     346      25.6670
     347      28.0842
     348      27.3973
     349      26.3887
     350      27.4592
     351      26.9910
     352      26.2779
     353      26.0805
     354      24.3431
     355      25.0395
     356      24.8849
     357      25.4742
     358      24.8057
     359      25.9213
     360      24.5858
     361      24.9952
     362      23.4047
     363      24.9229
     364      24.8424
     365      28.8677
     366      28.0961
     367      25.3566
     368      25.7695
     369      26.1559
     370      25.9483
     371      25.7695
     372      26.7705
     373      26.3248
     374      26.4171
     375      27.0428
     376      27.0145
     377      28.5678
     378      26.5347
     379      27.3515
     380      26.4759
     381      29.3767
     382      28.2644
     383      27.9367
     384      28.2744
     385      27.2211
     386      27.5733
     387      28.3179
     388      25.6610
     389      24.6251
     390      26.6596
     391      25.3273
     392      24.0116
     393      25.3812
     394      26.7835
     395      25.6045
     396      24.8944
     397      23.9163
     398      23.5676
     399      25.3590
     400      24.5409
