#Frame           gap3
       1      29.0650
       2      28.3875
       3      29.7376
       4      31.1388
       5      30.9533
       6      30.4151
       7      32.4725
       8      28.8012
       9      31.2485
      10      29.5033
      11      29.8405
      12      28.5477
      13      28.0231
      14      30.4873
      15      29.2986
      16      30.5109
      17      30.6132
      18      28.3643
      19      29.0063
      20      28.2226
      21      28.2842
      22      27.7343
      23      28.7520
      24      29.6091
      25      29.5870
      26      29.2292
      27      29.8759
      28      28.6181
      29      28.6817
      30      26.8696
      31      28.5077
      32      30.2386
      33      28.2766
      34      29.5408
      35      27.4773
      36      28.8072
      37      27.4542
      38      28.1738
      39      29.6849
      40      29.5183
      41      26.8816
      42      25.5896
      43      27.2817
      44      28.9160
      45      27.8975
      46      28.2584
      47      28.0774
      48      27.6062
      49      29.3664
      50      28.4234
      51      30.0902
      52      31.6625
      53      30.3679
      54      30.1573
      55      29.5116
      56      27.2252
      57      27.9410
      58      27.7911
      59      29.1491
      60      28.6685
      61      27.8047
      62      28.4558
      63      29.9599
      64      29.1663
      65      29.7564
      66      29.1601
      67      29.6839
      68      29.9031
      69      30.6570
      70      28.3043
      71      28.6203
      72      29.5768
      73      28.9053
      74      28.6025
      75      28.8133
      76      29.2151
      77      28.3292
      78      29.7850
      79      28.9298
      80      29.5064
      81      28.9261
      82      28.8080
      83      29.2419
      84      28.6647
      85      28.3138
      86      26.0611
      87      27.1240
      88      25.6143
      89      27.0537
      90      27.2203
      91      26.7766
      92      27.1897
      93      29.3356
      94      26.9354
      95      27.5777
      96      27.1710
      97      28.6712
      98      27.7076
      99      27.5604
     100      29.3770
     101      28.2465
     102      26.7071
     103      28.2457
     104      27.5435
     105      25.2250
     106      29.8923
     107      30.2396
     108      26.8577
     109      27.1318
     110      27.6193
     111      26.9115
     112      26.5779
     113      25.1636
     114      26.4144
     115      27.3521
     116      28.8412
     117      29.3251
     118      28.2104
     119      28.8429
     120      28.1721
     121      29.2763
     122      27.9509
     123      28.0214
     124      27.8798
     125      23.6404
     126      27.2764
     127      25.2805
     128      26.5106
     129      27.8326
     130      26.9097
     131      26.9531
     132      26.3740
     133      25.9339
     134      24.7049
     135      28.8968
     136      27.1510
     137      28.4415
     138      29.6898
     139      29.6939
     140      28.5926
     141      29.8707
     142      29.2775
     143      29.5574
     144      28.5277
     145      28.5238
     146      29.9030
     147      29.3127
     148      28.3935
     149      26.8114
     150      26.3198
     151      30.3298
     152      28.4920
     153      28.2279
     154      30.0625
     155      29.8287
     156      31.1509
     157      29.9651
     158      30.2349
     159      27.0275
     160      27.8232
     161      26.5170
     162      26.6025
     163      27.6153
     164      28.3186
     165      27.1798
     166      27.6876
     167      27.3487
     168      28.0382
     169      28.3653
     170      28.3322
     171      28.3295
     172      26.5366
     173      27.2970
     174      26.8946
     175      25.1434
     176      29.3453
     177      26.4438
     178      25.9162
     179      26.6975
     180      26.9701
     181      26.5041
     182      27.2065
     183      27.3636
     184      26.3733
     185      27.4937
     186      25.8661
     187      27.1500
     188      26.7122
     189      26.3974
     190      26.4115
     191      26.7594
     192      26.3729
     193      26.8597
     194      29.6124
     195      27.7659
     196      28.1803
     197      28.9961
     198      30.0014
     199      28.9526
     200      28.5701
     201      28.3499
     202      27.1772
     203      27.2141
     204      28.8068
     205      28.2003
     206      28.3446
     207      29.3489
     208      26.3374
     209      28.6793
     210      27.0003
     211      26.5006
     212      27.5578
     213      27.6249
     214      26.6842
     215      28.6564
     216      31.2954
     217      30.1772
     218      27.8277
     219      26.4462
     220      28.7866
     221      31.9952
     222      29.1766
     223      30.6603
     224      30.6754
     225      31.1037
     226      27.5354
     227      30.7199
     228      30.2333
     229      30.1624
     230      31.9615
     231      28.5438
     232      27.9175
     233      28.2338
     234      29.7721
     235      29.1314
     236      29.2551
     237      28.6121
     238      28.3511
     239      28.6113
     240      28.3074
     241      28.1816
     242      29.9994
     243      29.2266
     244      27.7156
     245      27.7808
     246      27.4358
     247      26.1483
     248      29.2219
     249      28.0796
     250      29.0012
     251      27.0415
     252      26.9178
     253      27.3360
     254      28.7677
     255      29.1011
     256      32.9764
     257      31.4247
     258      33.2463
     259      30.7889
     260      30.6677
     261      30.2120
     262      31.1458
     263      29.5268
     264      30.2391
     265      28.9728
     266      32.0493
     267      33.7199
     268      33.1065
     269      35.3658
     270      34.5612
     271      31.4568
     272      31.9881
     273      32.7125
     274      30.8308
     275      32.5343
     276      30.9819
     277      27.9818
     278      29.3186
     279      28.9719
     280      30.5601
     281      27.7637
     282      31.9665
     283      29.8882
     284      29.9405
     285      29.2866
     286      28.9204
     287      30.8221
     288      29.4326
     289      31.1849
     290      33.0554
     291      29.8149
     292      30.8538
     293      29.2166
     294      28.7135
     295      30.1292
     296      28.8045
     297      26.3649
     298      26.0729
     299      28.0391
     300      28.4570
     301      29.5716
     302      30.0912
     303      31.0277
     304      33.3283
     305      28.6088
     306      29.9560
     307      31.5533
     308      29.7488
     309      31.3757
     310      29.4583
     311      33.5317
     312      32.0956
     313      32.9421
     314      33.6914
     315      32.4830
     316      31.7055
     317      31.8660
     318      32.1400
     319      30.1147
     320      30.7698
     321      30.1672
     322      29.3746
     323      29.8816
     324      32.9569
     325      31.7876
     326      31.2651
     327      29.6733
     328      31.3100
     329      33.5902
     330      31.1368
     331      30.8674
     332      32.5697
     333      35.9602
     334      33.1301
     335      32.8803
     336      31.4766
     337      28.8570
     338      29.1188
     339      29.0023
     340      30.0874
     341      32.1382
     342      33.0690
     343      33.0719
     344      32.7541
     345      33.6772
     346      32.4467
     347      33.2056
     348      32.6465
     349      30.9879
     350      30.8042
     351      28.4679
     352      30.2655
     353      29.9900
     354      30.4286
     355      29.8932
     356      29.3948
     357      31.6850
     358      31.6880
     359      30.0777
     360      32.4825
     361      32.4392
     362      32.2004
     363      31.8586
     364      30.8717
     365      32.3537
     366      29.9484
     367      27.3121
     368      30.3167
     369      30.9517
     370      32.0442
     371      30.6733
     372      30.2717
     373      31.2381
     374      32.1289
     375      31.2412
     376      30.0676
     377      30.0476
     378      32.5348
     379      32.0185
     380      31.2842
     381      28.8988
     382      31.7916
     383      28.7406
     384      29.4527
     385      28.8839
     386      29.8425
     387      30.1496
     388      31.9598
     389      32.4225
     390      31.0074
     391      31.2893
     392      32.9557
     393      32.3236
     394      32.1049
     395      32.3439
     396      31.9372
     397      31.2297
     398      29.8004
     399      28.9953
     400      30.9748
