#Res             RMSF
 377.000       2.3787
 378.000       1.8005
 379.000       1.5535
 380.000       0.9793
 381.000       0.5907
 382.000       0.5111
 383.000       0.4664
 384.000       0.5001
 385.000       0.4992
 386.000       0.5018
 387.000       0.4413
 388.000       0.4569
 389.000       0.5144
 390.000       0.4360
 391.000       0.3736
 392.000       0.4214
 393.000       0.4454
 394.000       0.3896
 395.000       0.4130
 396.000       0.4687
 397.000       0.5026
 398.000       0.5170
 399.000       0.5198
 400.000       0.4336
 401.000       0.4071
 402.000       0.3861
 403.000       0.4351
 404.000       0.4423
 405.000       0.4854
 406.000       0.5104
 407.000       0.4062
 408.000       0.4269
 409.000       0.4809
 410.000       0.4383
 411.000       0.4143
 412.000       0.4603
 413.000       0.4795
 414.000       0.4702
 415.000       0.4646
 416.000       0.6433
 417.000       0.8893
 418.000       0.7669
 419.000       0.6893
 420.000       0.7194
 421.000       0.8947
 422.000       0.5844
 423.000       0.5689
 424.000       0.5719
 425.000       0.5829
 426.000       0.6382
 427.000       0.6051
 428.000       0.4604
 429.000       0.4018
 430.000       0.4823
 431.000       0.4981
 432.000       0.4051
 433.000       0.3293
 434.000       0.3661
 435.000       0.4059
 436.000       0.3743
 437.000       0.3436
 438.000       0.3788
 439.000       0.3909
 440.000       0.3617
 441.000       0.3438
 442.000       0.4211
 443.000       0.3587
 444.000       0.3445
 445.000       0.4086
 446.000       0.3913
 447.000       0.3323
 448.000       0.3585
 449.000       0.4128
 450.000       0.3781
 451.000       0.3902
 452.000       0.4364
 453.000       0.4766
 454.000       0.5147
 455.000       0.5501
 456.000       0.4521
 457.000       0.4878
 458.000       0.3988
 459.000       0.3453
 460.000       0.4465
 461.000       0.4651
 462.000       0.4345
 463.000       0.3587
 464.000       0.4004
 465.000       0.4625
 466.000       0.4279
 467.000       0.4440
 468.000       0.5196
 469.000       0.5537
 470.000       0.5541
 471.000       0.5523
 472.000       0.7552
 473.000       1.0848
 474.000       1.1356
 475.000       1.1327
