#Res             RMSF
 476.000       3.3793
 477.000       1.9175
 478.000       1.0736
 479.000       0.8677
 480.000       0.6161
 481.000       0.5745
 482.000       0.7048
 483.000       0.6966
 484.000       0.5939
 485.000       0.5337
 486.000       0.5360
 487.000       0.4674
 488.000       0.4584
 489.000       0.3877
 490.000       0.3789
 491.000       0.4029
 492.000       0.3751
 493.000       0.3392
 494.000       0.3901
 495.000       0.4172
 496.000       0.4305
 497.000       0.4502
 498.000       0.3860
 499.000       0.4523
 500.000       0.4236
 501.000       0.4060
 502.000       0.4252
 503.000       0.5134
 504.000       0.5194
 505.000       0.4379
 506.000       0.4850
 507.000       0.6775
 508.000       0.5408
 509.000       0.4561
 510.000       0.6034
 511.000       0.5799
 512.000       0.5335
 513.000       0.4736
 514.000       0.4988
 515.000       0.5068
 516.000       0.4385
 517.000       0.4696
 518.000       0.5163
 519.000       0.4875
 520.000       0.3931
 521.000       0.3633
 522.000       0.4008
 523.000       0.3418
 524.000       0.3267
 525.000       0.3664
 526.000       0.3880
 527.000       0.3714
 528.000       0.4260
 529.000       0.5319
 530.000       0.5516
 531.000       0.5924
 532.000       0.6794
 533.000       0.5587
 534.000       0.7159
 535.000       0.5247
 536.000       0.4798
 537.000       0.5191
 538.000       0.5224
 539.000       0.5209
 540.000       0.3847
 541.000       0.4076
 542.000       0.4658
 543.000       0.4270
 544.000       0.3936
 545.000       0.4517
 546.000       0.5579
 547.000       0.7298
 548.000       0.6967
 549.000       0.7730
 550.000       0.7864
 551.000       0.6506
 552.000       0.5367
 553.000       0.5779
 554.000       0.7636
 555.000       0.8696
 556.000       2.1291
 557.000       4.1345
