#Res             RMSF
   1.000       1.8160
   2.000       1.3472
   3.000       1.1682
   4.000       1.0104
   5.000       1.2984
   6.000       1.3456
   7.000       1.2877
   8.000       0.9841
   9.000       0.6765
  10.000       0.7233
  11.000       0.6961
  12.000       0.6154
  13.000       0.5258
  14.000       0.4442
  15.000       0.5147
  16.000       0.4852
  17.000       0.4470
  18.000       0.4660
  19.000       0.5616
  20.000       0.5466
  21.000       0.5408
  22.000       0.5809
  23.000       0.4617
  24.000       0.4632
  25.000       0.4493
  26.000       0.4864
  27.000       0.4926
  28.000       0.5175
  29.000       0.5071
  30.000       0.4173
  31.000       0.4853
  32.000       0.4798
  33.000       0.4438
  34.000       0.3802
  35.000       0.4021
  36.000       0.4761
  37.000       0.4554
  38.000       0.4353
  39.000       0.5577
  40.000       0.7444
  41.000       0.6546
  42.000       0.6387
  43.000       0.6991
  44.000       0.7951
  45.000       0.4913
  46.000       0.4813
  47.000       0.4677
  48.000       0.5476
  49.000       0.7287
  50.000       0.5085
  51.000       0.4152
  52.000       0.4108
  53.000       0.4230
  54.000       0.3963
  55.000       0.3635
  56.000       0.3203
  57.000       0.3332
  58.000       0.3691
  59.000       0.3598
  60.000       0.3377
  61.000       0.3848
  62.000       0.4063
  63.000       0.3763
  64.000       0.3613
  65.000       0.4085
  66.000       0.3625
  67.000       0.3205
  68.000       0.3511
  69.000       0.4130
  70.000       0.3340
  71.000       0.3531
  72.000       0.4136
  73.000       0.3816
  74.000       0.3806
  75.000       0.4321
  76.000       0.4711
  77.000       0.5169
  78.000       0.5740
  79.000       0.4651
  80.000       0.5294
  81.000       0.4146
  82.000       0.3690
  83.000       0.4172
  84.000       0.4895
  85.000       0.4692
  86.000       0.3802
  87.000       0.4642
  88.000       0.5438
  89.000       0.4937
  90.000       0.4898
  91.000       0.4867
  92.000       0.5686
  93.000       0.5857
  94.000       0.6006
  95.000       0.7784
  96.000       1.2598
  97.000       1.9051
