#Res             RMSF
 281.000       4.4116
 282.000       2.7963
 283.000       1.8535
 284.000       1.4302
 285.000       1.2197
 286.000       0.9109
 287.000       0.6444
 288.000       0.5173
 289.000       0.5615
 290.000       0.6094
 291.000       0.5771
 292.000       0.5649
 293.000       0.6136
 294.000       0.6792
 295.000       0.5391
 296.000       0.5189
 297.000       0.6295
 298.000       0.6830
 299.000       0.6337
 300.000       0.6649
 301.000       0.8891
 302.000       0.8417
 303.000       0.6960
 304.000       0.6775
 305.000       0.5799
 306.000       0.6208
 307.000       0.6554
 308.000       0.6630
 309.000       0.5517
 310.000       0.5386
 311.000       0.5944
 312.000       0.5175
 313.000       0.4663
 314.000       0.4916
 315.000       0.5105
 316.000       0.4669
 317.000       0.4382
 318.000       0.4859
 319.000       0.4903
 320.000       0.4532
 321.000       0.4032
 322.000       0.4550
 323.000       0.4383
 324.000       0.3897
 325.000       0.4453
 326.000       0.5090
 327.000       0.4268
 328.000       0.4057
 329.000       0.4542
 330.000       0.5257
 331.000       0.5295
 332.000       0.5429
 333.000       0.5887
 334.000       0.6681
 335.000       0.6744
 336.000       0.7570
 337.000       0.7028
 338.000       0.6346
 339.000       0.5432
 340.000       0.4502
 341.000       0.4844
 342.000       0.4944
 343.000       0.5220
 344.000       0.4373
 345.000       0.4066
 346.000       0.4407
 347.000       0.4300
 348.000       0.3935
 349.000       0.4335
 350.000       0.5174
 351.000       0.4977
 352.000       0.4983
 353.000       0.5247
 354.000       0.7492
 355.000       1.0289
 356.000       0.9155
 357.000       0.6126
 358.000       0.5448
 359.000       0.6826
 360.000       0.5900
 361.000       0.4843
 362.000       0.4977
 363.000       0.5758
 364.000       0.5390
 365.000       0.4676
 366.000       0.5801
 367.000       0.6468
 368.000       0.5691
 369.000       0.6007
 370.000       0.7230
 371.000       0.7769
 372.000       0.9792
 373.000       1.3998
 374.000       2.0070
 375.000       3.1606
 376.000       4.5018
