#Res             RMSF
  98.000       1.8145
  99.000       0.8813
 100.000       0.9161
 101.000       0.9811
 102.000       0.6417
 103.000       0.6009
 104.000       0.5598
 105.000       0.5021
 106.000       0.5224
 107.000       0.4071
 108.000       0.3507
 109.000       0.4522
 110.000       0.4281
 111.000       0.3507
 112.000       0.3872
 113.000       0.4162
 114.000       0.4384
 115.000       0.4538
 116.000       0.3938
 117.000       0.4472
 118.000       0.4221
 119.000       0.3979
 120.000       0.4508
 121.000       0.5404
 122.000       0.5064
 123.000       0.4004
 124.000       0.4427
 125.000       0.5385
 126.000       0.4951
 127.000       0.3884
 128.000       0.4096
 129.000       0.4924
 130.000       0.4621
 131.000       0.4303
 132.000       0.4441
 133.000       0.4634
 134.000       0.4326
 135.000       0.4131
 136.000       0.4632
 137.000       0.4844
 138.000       0.3797
 139.000       0.3819
 140.000       0.4367
 141.000       0.3441
 142.000       0.3286
 143.000       0.3507
 144.000       0.3459
 145.000       0.3395
 146.000       0.3578
 147.000       0.4598
 148.000       0.4858
 149.000       0.5001
 150.000       0.5855
 151.000       0.5015
 152.000       0.5833
 153.000       0.4843
 154.000       0.4099
 155.000       0.4302
 156.000       0.4315
 157.000       0.4348
 158.000       0.3501
 159.000       0.3757
 160.000       0.4465
 161.000       0.4244
 162.000       0.3819
 163.000       0.5970
 164.000       0.8079
 165.000       0.9805
 166.000       1.5493
 167.000       1.3378
 168.000       0.6312
 169.000       0.5497
 170.000       0.4564
 171.000       0.4432
 172.000       0.5802
 173.000       0.8891
 174.000       1.7383
 175.000       2.9827
