#Res             RMSF
   1.000       1.8980
   2.000       1.4139
   3.000       1.3086
   4.000       1.1868
   5.000       1.5946
   6.000       1.5430
   7.000       1.3782
   8.000       1.1373
   9.000       1.1244
  10.000       0.8455
  11.000       0.7210
  12.000       0.6720
  13.000       0.5695
  14.000       0.4312
  15.000       0.5118
  16.000       0.4944
  17.000       0.4582
  18.000       0.4842
  19.000       0.5658
  20.000       0.5684
  21.000       0.5970
  22.000       0.6432
  23.000       0.4930
  24.000       0.5225
  25.000       0.5699
  26.000       0.6640
  27.000       0.5957
  28.000       0.6047
  29.000       0.5412
  30.000       0.4752
  31.000       0.5184
  32.000       0.4926
  33.000       0.4468
  34.000       0.3877
  35.000       0.4348
  36.000       0.4984
  37.000       0.4753
  38.000       0.4842
  39.000       0.6190
  40.000       0.7960
  41.000       0.7187
  42.000       0.7163
  43.000       0.8177
  44.000       1.0688
  45.000       0.5558
  46.000       0.5232
  47.000       0.4972
  48.000       0.5611
  49.000       0.6941
  50.000       0.4944
  51.000       0.4111
  52.000       0.3966
  53.000       0.4130
  54.000       0.4107
  55.000       0.3718
  56.000       0.3363
  57.000       0.3692
  58.000       0.3942
  59.000       0.3811
  60.000       0.3820
  61.000       0.4356
  62.000       0.4335
  63.000       0.3990
  64.000       0.3870
  65.000       0.4137
  66.000       0.3831
  67.000       0.3443
  68.000       0.3958
  69.000       0.4268
  70.000       0.3513
  71.000       0.3709
  72.000       0.4335
  73.000       0.3976
  74.000       0.3972
  75.000       0.4504
  76.000       0.5008
  77.000       0.5610
  78.000       0.6088
  79.000       0.5022
  80.000       0.5239
  81.000       0.4308
  82.000       0.3887
  83.000       0.4515
  84.000       0.5026
  85.000       0.5133
  86.000       0.4151
  87.000       0.4877
  88.000       0.5628
  89.000       0.5292
  90.000       0.5250
  91.000       0.5689
  92.000       0.6578
  93.000       0.6953
  94.000       0.8586
  95.000       1.0147
  96.000       1.3054
  97.000       2.3292
