#Res             RMSF
 377.000       2.5787
 378.000       1.8176
 379.000       1.4380
 380.000       0.9481
 381.000       0.5855
 382.000       0.5217
 383.000       0.4940
 384.000       0.5102
 385.000       0.4867
 386.000       0.4793
 387.000       0.4321
 388.000       0.4461
 389.000       0.4800
 390.000       0.4309
 391.000       0.3834
 392.000       0.4394
 393.000       0.4618
 394.000       0.4204
 395.000       0.4409
 396.000       0.4990
 397.000       0.5384
 398.000       0.5538
 399.000       0.5640
 400.000       0.4466
 401.000       0.4183
 402.000       0.4089
 403.000       0.4622
 404.000       0.4728
 405.000       0.5176
 406.000       0.5302
 407.000       0.4143
 408.000       0.4209
 409.000       0.4678
 410.000       0.4307
 411.000       0.3890
 412.000       0.4326
 413.000       0.4642
 414.000       0.4621
 415.000       0.4550
 416.000       0.6299
 417.000       0.8769
 418.000       0.7555
 419.000       0.6760
 420.000       0.7207
 421.000       0.8882
 422.000       0.5692
 423.000       0.5556
 424.000       0.5631
 425.000       0.6087
 426.000       0.7101
 427.000       0.5897
 428.000       0.4500
 429.000       0.3998
 430.000       0.4761
 431.000       0.4827
 432.000       0.4006
 433.000       0.3259
 434.000       0.3544
 435.000       0.3914
 436.000       0.3807
 437.000       0.3591
 438.000       0.3989
 439.000       0.4127
 440.000       0.3770
 441.000       0.3646
 442.000       0.4418
 443.000       0.3800
 444.000       0.3562
 445.000       0.4190
 446.000       0.4110
 447.000       0.3593
 448.000       0.3784
 449.000       0.4341
 450.000       0.4174
 451.000       0.4200
 452.000       0.4641
 453.000       0.5072
 454.000       0.5387
 455.000       0.5685
 456.000       0.4888
 457.000       0.5033
 458.000       0.4301
 459.000       0.3778
 460.000       0.4745
 461.000       0.5088
 462.000       0.5056
 463.000       0.4193
 464.000       0.4640
 465.000       0.5539
 466.000       0.5348
 467.000       0.5185
 468.000       0.5691
 469.000       0.6643
 470.000       0.6897
 471.000       0.6453
 472.000       0.8935
 473.000       2.0423
 474.000       3.6699
 475.000       5.0066
