#Res             RMSF
 476.000       2.9646
 477.000       1.6576
 478.000       1.0901
 479.000       0.9059
 480.000       0.6180
 481.000       0.5860
 482.000       0.7388
 483.000       0.7543
 484.000       0.6289
 485.000       0.5650
 486.000       0.5797
 487.000       0.5940
 488.000       0.5773
 489.000       0.4070
 490.000       0.4012
 491.000       0.4575
 492.000       0.4501
 493.000       0.3612
 494.000       0.3892
 495.000       0.4328
 496.000       0.4446
 497.000       0.4636
 498.000       0.3892
 499.000       0.4460
 500.000       0.4196
 501.000       0.4063
 502.000       0.4518
 503.000       0.5362
 504.000       0.5332
 505.000       0.4161
 506.000       0.4770
 507.000       0.6414
 508.000       0.5453
 509.000       0.4396
 510.000       0.5365
 511.000       0.5493
 512.000       0.5114
 513.000       0.4624
 514.000       0.4821
 515.000       0.5062
 516.000       0.4414
 517.000       0.4445
 518.000       0.4815
 519.000       0.4680
 520.000       0.3946
 521.000       0.3608
 522.000       0.4023
 523.000       0.3515
 524.000       0.3425
 525.000       0.3626
 526.000       0.3949
 527.000       0.3777
 528.000       0.4044
 529.000       0.5211
 530.000       0.5555
 531.000       0.5764
 532.000       0.6378
 533.000       0.5104
 534.000       0.6724
 535.000       0.4909
 536.000       0.4481
 537.000       0.4887
 538.000       0.4861
 539.000       0.4832
 540.000       0.3760
 541.000       0.3912
 542.000       0.4263
 543.000       0.4124
 544.000       0.3827
 545.000       0.4158
 546.000       0.5090
 547.000       0.6900
 548.000       0.6899
 549.000       0.7242
 550.000       0.7365
 551.000       0.5840
 552.000       0.4981
 553.000       0.5397
 554.000       0.7240
 555.000       0.8559
 556.000       2.0751
 557.000       3.9722
