#Res             RMSF
 558.000       1.3878
 559.000       0.9337
 560.000       0.6706
 561.000       0.5899
 562.000       0.7787
 563.000       0.7295
 564.000       0.5790
 565.000       0.7058
 566.000       0.4997
 567.000       0.5208
 568.000       0.4246
 569.000       0.4936
 570.000       0.4332
 571.000       0.5370
 572.000       0.4625
 573.000       0.4064
 574.000       0.4068
 575.000       0.4631
 576.000       0.4849
 577.000       0.5181
 578.000       0.5964
 579.000       0.7100
 580.000       0.6645
 581.000       0.6210
 582.000       0.5835
 583.000       0.6192
 584.000       0.6490
 585.000       0.6080
 586.000       0.5900
 587.000       1.0050
 588.000       0.9613
 589.000       0.5367
 590.000       0.3957
 591.000       0.3686
 592.000       0.3776
 593.000       0.4135
 594.000       0.3984
 595.000       0.3686
 596.000       0.3918
 597.000       0.4083
 598.000       0.4112
 599.000       0.4006
 600.000       0.4241
 601.000       0.4293
 602.000       0.4377
 603.000       0.4752
 604.000       0.5080
 605.000       0.4434
 606.000       0.4438
 607.000       0.4843
 608.000       0.4652
 609.000       0.4220
 610.000       0.4837
 611.000       0.5682
 612.000       0.5868
 613.000       0.5292
 614.000       0.6991
 615.000       0.8703
 616.000       0.8515
 617.000       0.8563
 618.000       0.6502
 619.000       0.6574
 620.000       0.4866
 621.000       0.4127
 622.000       0.4439
 623.000       0.4250
 624.000       0.4541
 625.000       0.4229
 626.000       0.4163
 627.000       0.4584
 628.000       0.5225
 629.000       0.5491
 630.000       0.6555
 631.000       0.9417
 632.000       1.1237
 633.000       0.8858
 634.000       0.8361
 635.000       0.6819
 636.000       0.6549
 637.000       0.7955
 638.000       0.7412
 639.000       0.6586
 640.000       0.8180
 641.000       1.4424
 642.000       1.2689
 643.000       0.6125
 644.000       0.4969
 645.000       0.5209
 646.000       0.5355
 647.000       0.4980
 648.000       0.5219
 649.000       0.5569
 650.000       0.6010
 651.000       0.7586
 652.000       0.7676
 653.000       0.8267
 654.000       0.7813
 655.000       0.8035
 656.000       0.9822
 657.000       0.9835
 658.000       0.8499
 659.000       1.0500
 660.000       1.5715
 661.000       2.3100
