#Res             RMSF
 281.000       3.9558
 282.000       2.6847
 283.000       1.5621
 284.000       1.2671
 285.000       1.0006
 286.000       0.8284
 287.000       0.5467
 288.000       0.4640
 289.000       0.4582
 290.000       0.5373
 291.000       0.5019
 292.000       0.4505
 293.000       0.4945
 294.000       0.5863
 295.000       0.5074
 296.000       0.5020
 297.000       0.6114
 298.000       0.6855
 299.000       0.6576
 300.000       0.6765
 301.000       0.9048
 302.000       0.8510
 303.000       0.6733
 304.000       0.6344
 305.000       0.5386
 306.000       0.5425
 307.000       0.5449
 308.000       0.5776
 309.000       0.4898
 310.000       0.4498
 311.000       0.5154
 312.000       0.4640
 313.000       0.3899
 314.000       0.3993
 315.000       0.4416
 316.000       0.4262
 317.000       0.4142
 318.000       0.4376
 319.000       0.4280
 320.000       0.4236
 321.000       0.3807
 322.000       0.4281
 323.000       0.4158
 324.000       0.3764
 325.000       0.4292
 326.000       0.4816
 327.000       0.3987
 328.000       0.3572
 329.000       0.4161
 330.000       0.4383
 331.000       0.4187
 332.000       0.4636
 333.000       0.5379
 334.000       0.6133
 335.000       0.6390
 336.000       0.7180
 337.000       0.6698
 338.000       0.5817
 339.000       0.5076
 340.000       0.4172
 341.000       0.4371
 342.000       0.4555
 343.000       0.4817
 344.000       0.4139
 345.000       0.3879
 346.000       0.4275
 347.000       0.4115
 348.000       0.3714
 349.000       0.4262
 350.000       0.5141
 351.000       0.4867
 352.000       0.4854
 353.000       0.4901
 354.000       0.7140
 355.000       0.8344
 356.000       0.9608
 357.000       0.6153
 358.000       0.5207
 359.000       0.6715
 360.000       0.5814
 361.000       0.4881
 362.000       0.4960
 363.000       0.5540
 364.000       0.5322
 365.000       0.4636
 366.000       0.5384
 367.000       0.5751
 368.000       0.4871
 369.000       0.4947
 370.000       0.6336
 371.000       0.7155
 372.000       0.9026
 373.000       1.1730
 374.000       1.3981
 375.000       1.8119
 376.000       3.1888
