#Res             RMSF
 377.000       2.7204
 378.000       1.7957
 379.000       1.2863
 380.000       0.8847
 381.000       0.5635
 382.000       0.5264
 383.000       0.5074
 384.000       0.5094
 385.000       0.4654
 386.000       0.4407
 387.000       0.4027
 388.000       0.4212
 389.000       0.4236
 390.000       0.3971
 391.000       0.3671
 392.000       0.4226
 393.000       0.4419
 394.000       0.4287
 395.000       0.4331
 396.000       0.4814
 397.000       0.5574
 398.000       0.5894
 399.000       0.5968
 400.000       0.4565
 401.000       0.4176
 402.000       0.4183
 403.000       0.4755
 404.000       0.4987
 405.000       0.5410
 406.000       0.5433
 407.000       0.4198
 408.000       0.4109
 409.000       0.4432
 410.000       0.4126
 411.000       0.3570
 412.000       0.3996
 413.000       0.4458
 414.000       0.4542
 415.000       0.4462
 416.000       0.5886
 417.000       0.8195
 418.000       0.7261
 419.000       0.6613
 420.000       0.7095
 421.000       0.8691
 422.000       0.5192
 423.000       0.5090
 424.000       0.5347
 425.000       0.6168
 426.000       0.7524
 427.000       0.5526
 428.000       0.4332
 429.000       0.3963
 430.000       0.4632
 431.000       0.4589
 432.000       0.3931
 433.000       0.3173
 434.000       0.3398
 435.000       0.3730
 436.000       0.3811
 437.000       0.3726
 438.000       0.4107
 439.000       0.4156
 440.000       0.3800
 441.000       0.3643
 442.000       0.4143
 443.000       0.3728
 444.000       0.3417
 445.000       0.3868
 446.000       0.3861
 447.000       0.3537
 448.000       0.3676
 449.000       0.4178
 450.000       0.4237
 451.000       0.4299
 452.000       0.4688
 453.000       0.5148
 454.000       0.5428
 455.000       0.5683
 456.000       0.4982
 457.000       0.4932
 458.000       0.4343
 459.000       0.3808
 460.000       0.4835
 461.000       0.5294
 462.000       0.5432
 463.000       0.4389
 464.000       0.4934
 465.000       0.5860
 466.000       0.5679
 467.000       0.5420
 468.000       0.5788
 469.000       0.7041
 470.000       0.7318
 471.000       0.6709
 472.000       0.9393
 473.000       2.3191
 474.000       3.2877
 475.000       4.6591
