#Res             RMSF
  98.000       1.8140
  99.000       0.8812
 100.000       0.9131
 101.000       0.9779
 102.000       0.6394
 103.000       0.6010
 104.000       0.5600
 105.000       0.5021
 106.000       0.5230
 107.000       0.4071
 108.000       0.3508
 109.000       0.4522
 110.000       0.4282
 111.000       0.3502
 112.000       0.3871
 113.000       0.4163
 114.000       0.4386
 115.000       0.4539
 116.000       0.3937
 117.000       0.4474
 118.000       0.4220
 119.000       0.3981
 120.000       0.4513
 121.000       0.5402
 122.000       0.5059
 123.000       0.4002
 124.000       0.4427
 125.000       0.5382
 126.000       0.4945
 127.000       0.3881
 128.000       0.4097
 129.000       0.4929
 130.000       0.4620
 131.000       0.4303
 132.000       0.4443
 133.000       0.4635
 134.000       0.4324
 135.000       0.4120
 136.000       0.4605
 137.000       0.4834
 138.000       0.3801
 139.000       0.3822
 140.000       0.4368
 141.000       0.3441
 142.000       0.3289
 143.000       0.3510
 144.000       0.3463
 145.000       0.3397
 146.000       0.3582
 147.000       0.4597
 148.000       0.4857
 149.000       0.5004
 150.000       0.5862
 151.000       0.5009
 152.000       0.5823
 153.000       0.4820
 154.000       0.4084
 155.000       0.4296
 156.000       0.4311
 157.000       0.4347
 158.000       0.3502
 159.000       0.3760
 160.000       0.4464
 161.000       0.4242
 162.000       0.3820
 163.000       0.5974
 164.000       0.8077
 165.000       0.9798
 166.000       1.5492
 167.000       1.3371
 168.000       0.6313
 169.000       0.5501
 170.000       0.4559
 171.000       0.4429
 172.000       0.5804
 173.000       0.8883
 174.000       1.7365
 175.000       2.9820
