#Res             RMSF
 476.000       2.1640
 477.000       1.3094
 478.000       1.0619
 479.000       0.9285
 480.000       0.6138
 481.000       0.5830
 482.000       0.7432
 483.000       0.7791
 484.000       0.6550
 485.000       0.5907
 486.000       0.6016
 487.000       0.6555
 488.000       0.6405
 489.000       0.4123
 490.000       0.4157
 491.000       0.4945
 492.000       0.4996
 493.000       0.3770
 494.000       0.3920
 495.000       0.4471
 496.000       0.4540
 497.000       0.4795
 498.000       0.3963
 499.000       0.4423
 500.000       0.4165
 501.000       0.4029
 502.000       0.4532
 503.000       0.5209
 504.000       0.5044
 505.000       0.3836
 506.000       0.4682
 507.000       0.6009
 508.000       0.5422
 509.000       0.4093
 510.000       0.4343
 511.000       0.5074
 512.000       0.4787
 513.000       0.4354
 514.000       0.4474
 515.000       0.4986
 516.000       0.4375
 517.000       0.4129
 518.000       0.4368
 519.000       0.4373
 520.000       0.3864
 521.000       0.3541
 522.000       0.3963
 523.000       0.3461
 524.000       0.3451
 525.000       0.3504
 526.000       0.3910
 527.000       0.3706
 528.000       0.3703
 529.000       0.4988
 530.000       0.5415
 531.000       0.5454
 532.000       0.5828
 533.000       0.4496
 534.000       0.6027
 535.000       0.4427
 536.000       0.4120
 537.000       0.4537
 538.000       0.4455
 539.000       0.4390
 540.000       0.3589
 541.000       0.3673
 542.000       0.3754
 543.000       0.3901
 544.000       0.3649
 545.000       0.3700
 546.000       0.4406
 547.000       0.6149
 548.000       0.6857
 549.000       0.6388
 550.000       0.6096
 551.000       0.4720
 552.000       0.4555
 553.000       0.5059
 554.000       0.6831
 555.000       0.8468
 556.000       2.0146
 557.000       3.7673
