#Res             RMSF
 662.000       1.2406
 663.000       0.9131
 664.000       0.6701
 665.000       0.5279
 666.000       0.4308
 667.000       0.5807
 668.000       0.7143
 669.000       0.5641
 670.000       0.4682
 671.000       0.4618
 672.000       0.4794
 673.000       0.4246
 674.000       0.4066
 675.000       0.5174
 676.000       0.6129
 677.000       0.5905
 678.000       0.5739
 679.000       0.7907
 680.000       0.7823
 681.000       0.5428
 682.000       0.5085
 683.000       0.4301
 684.000       0.4538
 685.000       0.6024
 686.000       0.6365
 687.000       0.4599
 688.000       0.4575
 689.000       0.5408
 690.000       0.4204
 691.000       0.3792
 692.000       0.4256
 693.000       0.4550
 694.000       0.4106
 695.000       0.3967
 696.000       0.4493
 697.000       0.4508
 698.000       0.4063
 699.000       0.3475
 700.000       0.4101
 701.000       0.3903
 702.000       0.3472
 703.000       0.4082
 704.000       0.4665
 705.000       0.4066
 706.000       0.3663
 707.000       0.3885
 708.000       0.3887
 709.000       0.3522
 710.000       0.4348
 711.000       0.4871
 712.000       0.5064
 713.000       0.6062
 714.000       0.6611
 715.000       0.6535
 716.000       0.5640
 717.000       0.5298
 718.000       0.4299
 719.000       0.4460
 720.000       0.4429
 721.000       0.4247
 722.000       0.3384
 723.000       0.3397
 724.000       0.3716
 725.000       0.3504
 726.000       0.3440
 727.000       0.3964
 728.000       0.4646
 729.000       0.4567
 730.000       0.4475
 731.000       0.4254
 732.000       0.5519
 733.000       0.7169
 734.000       0.8059
 735.000       0.5617
 736.000       0.4846
 737.000       0.5582
 738.000       0.4934
 739.000       0.4202
 740.000       0.4015
 741.000       0.4536
 742.000       0.4061
 743.000       0.3903
 744.000       0.4144
 745.000       0.4444
 746.000       0.4123
 747.000       0.4547
 748.000       0.5112
 749.000       0.5126
 750.000       0.5353
 751.000       0.7157
 752.000       1.3915
 753.000       2.7345
