#Res             RMSF
 281.000       4.5463
 282.000       2.7160
 283.000       1.6662
 284.000       1.0427
 285.000       1.2167
 286.000       0.8360
 287.000       0.6804
 288.000       0.5494
 289.000       0.6300
 290.000       0.6646
 291.000       0.6162
 292.000       0.5979
 293.000       0.6570
 294.000       0.6825
 295.000       0.5280
 296.000       0.5202
 297.000       0.6252
 298.000       0.6624
 299.000       0.5931
 300.000       0.6385
 301.000       0.8567
 302.000       0.8172
 303.000       0.6870
 304.000       0.6942
 305.000       0.5965
 306.000       0.6680
 307.000       0.7163
 308.000       0.7139
 309.000       0.5912
 310.000       0.5715
 311.000       0.6294
 312.000       0.5568
 313.000       0.5156
 314.000       0.5268
 315.000       0.5420
 316.000       0.4920
 317.000       0.4455
 318.000       0.5103
 319.000       0.5232
 320.000       0.4747
 321.000       0.4160
 322.000       0.4651
 323.000       0.4522
 324.000       0.4000
 325.000       0.4517
 326.000       0.5279
 327.000       0.4437
 328.000       0.4349
 329.000       0.4715
 330.000       0.5838
 331.000       0.5952
 332.000       0.5865
 333.000       0.6153
 334.000       0.6910
 335.000       0.6893
 336.000       0.7721
 337.000       0.6958
 338.000       0.6492
 339.000       0.5626
 340.000       0.4659
 341.000       0.5080
 342.000       0.5103
 343.000       0.5311
 344.000       0.4408
 345.000       0.4183
 346.000       0.4406
 347.000       0.4315
 348.000       0.4049
 349.000       0.4312
 350.000       0.5049
 351.000       0.4913
 352.000       0.4996
 353.000       0.5378
 354.000       0.7425
 355.000       1.1443
 356.000       0.8555
 357.000       0.5980
 358.000       0.5583
 359.000       0.6831
 360.000       0.5940
 361.000       0.4756
 362.000       0.4935
 363.000       0.5873
 364.000       0.5325
 365.000       0.4569
 366.000       0.6052
 367.000       0.6919
 368.000       0.6219
 369.000       0.6732
 370.000       0.7912
 371.000       0.8159
 372.000       1.0008
 373.000       1.5112
 374.000       2.3874
 375.000       3.8832
 376.000       5.3936
