#Res             RMSF
 176.000       2.7099
 177.000       1.5024
 178.000       0.8883
 179.000       0.8833
 180.000       0.8893
 181.000       0.8770
 182.000       1.1134
 183.000       1.1262
 184.000       1.0525
 185.000       0.7165
 186.000       1.0592
 187.000       0.8559
 188.000       0.7012
 189.000       0.5204
 190.000       0.5758
 191.000       0.5872
 192.000       0.4841
 193.000       0.4346
 194.000       0.5658
 195.000       0.5854
 196.000       0.5089
 197.000       0.5974
 198.000       0.7206
 199.000       0.7072
 200.000       0.6505
 201.000       0.5664
 202.000       0.5991
 203.000       0.6424
 204.000       0.5368
 205.000       0.4744
 206.000       0.5007
 207.000       0.5534
 208.000       0.5268
 209.000       0.4401
 210.000       0.4015
 211.000       0.4682
 212.000       0.4396
 213.000       0.4240
 214.000       0.4670
 215.000       0.5009
 216.000       0.4676
 217.000       0.4644
 218.000       0.4936
 219.000       0.4942
 220.000       0.4956
 221.000       0.5345
 222.000       0.5261
 223.000       0.5793
 224.000       0.5043
 225.000       0.4742
 226.000       0.5246
 227.000       0.5247
 228.000       0.4656
 229.000       0.5489
 230.000       0.6630
 231.000       0.6476
 232.000       0.5792
 233.000       0.7967
 234.000       0.9175
 235.000       0.8344
 236.000       0.8967
 237.000       0.6898
 238.000       0.6849
 239.000       0.4950
 240.000       0.4147
 241.000       0.4135
 242.000       0.4183
 243.000       0.4279
 244.000       0.4131
 245.000       0.4354
 246.000       0.4487
 247.000       0.5086
 248.000       0.6164
 249.000       0.6997
 250.000       0.8685
 251.000       1.1750
 252.000       1.0021
 253.000       1.1506
 254.000       0.9421
 255.000       0.7804
 256.000       0.9910
 257.000       1.0222
 258.000       0.8793
 259.000       1.0702
 260.000       1.8353
 261.000       0.9528
 262.000       0.6800
 263.000       0.5723
 264.000       0.5040
 265.000       0.5202
 266.000       0.4843
 267.000       0.5228
 268.000       0.6051
 269.000       0.5904
 270.000       0.6525
 271.000       0.6981
 272.000       0.7480
 273.000       0.7303
 274.000       0.7578
 275.000       0.8821
 276.000       0.8537
 277.000       0.7760
 278.000       0.8926
 279.000       1.1339
 280.000       1.7034
