#Res             RMSF
   1.000       1.5570
   2.000       1.0189
   3.000       0.9337
   4.000       0.7712
   5.000       1.1995
   6.000       1.2895
   7.000       1.1241
   8.000       1.0179
   9.000       1.0329
  10.000       0.7046
  11.000       0.6113
  12.000       0.6216
  13.000       0.5416
  14.000       0.4006
  15.000       0.4809
  16.000       0.4892
  17.000       0.4544
  18.000       0.4773
  19.000       0.5486
  20.000       0.5713
  21.000       0.6199
  22.000       0.6790
  23.000       0.4953
  24.000       0.4495
  25.000       0.5380
  26.000       0.6379
  27.000       0.5380
  28.000       0.5118
  29.000       0.4674
  30.000       0.4386
  31.000       0.4752
  32.000       0.4648
  33.000       0.4292
  34.000       0.3823
  35.000       0.4362
  36.000       0.4996
  37.000       0.4940
  38.000       0.5103
  39.000       0.6534
  40.000       0.8427
  41.000       0.7578
  42.000       0.7313
  43.000       0.8066
  44.000       0.9532
  45.000       0.5345
  46.000       0.5172
  47.000       0.4749
  48.000       0.5079
  49.000       0.5661
  50.000       0.4422
  51.000       0.3894
  52.000       0.3677
  53.000       0.3958
  54.000       0.4159
  55.000       0.3703
  56.000       0.3335
  57.000       0.3854
  58.000       0.3979
  59.000       0.3774
  60.000       0.3745
  61.000       0.4344
  62.000       0.4278
  63.000       0.3887
  64.000       0.3995
  65.000       0.4119
  66.000       0.3927
  67.000       0.3583
  68.000       0.4158
  69.000       0.4217
  70.000       0.3502
  71.000       0.3706
  72.000       0.4312
  73.000       0.3683
  74.000       0.3616
  75.000       0.4199
  76.000       0.4597
  77.000       0.5155
  78.000       0.5585
  79.000       0.4431
  80.000       0.4548
  81.000       0.3717
  82.000       0.3415
  83.000       0.4172
  84.000       0.4543
  85.000       0.4756
  86.000       0.3504
  87.000       0.4268
  88.000       0.5153
  89.000       0.4796
  90.000       0.4855
  91.000       0.5883
  92.000       0.6686
  93.000       0.6987
  94.000       0.9643
  95.000       1.1611
  96.000       1.3179
  97.000       2.4956
