#Res             RMSF
  98.000       1.5589
  99.000       0.9275
 100.000       1.0285
 101.000       1.0405
 102.000       0.6310
 103.000       0.5066
 104.000       0.4847
 105.000       0.4623
 106.000       0.4458
 107.000       0.3913
 108.000       0.3569
 109.000       0.3757
 110.000       0.3871
 111.000       0.3287
 112.000       0.3525
 113.000       0.3779
 114.000       0.3945
 115.000       0.4073
 116.000       0.3554
 117.000       0.4304
 118.000       0.4059
 119.000       0.3800
 120.000       0.4338
 121.000       0.5121
 122.000       0.4584
 123.000       0.3996
 124.000       0.4098
 125.000       0.5127
 126.000       0.4924
 127.000       0.3925
 128.000       0.4101
 129.000       0.4833
 130.000       0.4774
 131.000       0.4350
 132.000       0.4462
 133.000       0.4669
 134.000       0.4394
 135.000       0.4135
 136.000       0.4641
 137.000       0.4696
 138.000       0.3741
 139.000       0.3773
 140.000       0.4329
 141.000       0.3590
 142.000       0.3316
 143.000       0.3420
 144.000       0.3553
 145.000       0.3413
 146.000       0.3382
 147.000       0.4431
 148.000       0.4577
 149.000       0.4605
 150.000       0.5507
 151.000       0.5169
 152.000       0.5913
 153.000       0.4518
 154.000       0.3891
 155.000       0.3975
 156.000       0.3848
 157.000       0.4052
 158.000       0.3412
 159.000       0.3628
 160.000       0.3932
 161.000       0.4038
 162.000       0.3739
 163.000       0.4622
 164.000       0.6256
 165.000       0.6568
 166.000       1.2989
 167.000       1.0876
 168.000       0.5416
 169.000       0.5067
 170.000       0.4285
 171.000       0.4170
 172.000       0.5061
 173.000       0.6421
 174.000       1.4734
 175.000       2.7251
