#Res             RMSF
 558.000       1.3627
 559.000       0.8892
 560.000       0.6327
 561.000       0.5504
 562.000       0.7113
 563.000       0.6851
 564.000       0.5587
 565.000       0.6440
 566.000       0.4674
 567.000       0.4921
 568.000       0.4141
 569.000       0.4697
 570.000       0.4156
 571.000       0.5170
 572.000       0.4576
 573.000       0.3897
 574.000       0.3975
 575.000       0.4514
 576.000       0.4702
 577.000       0.5028
 578.000       0.5740
 579.000       0.6568
 580.000       0.6349
 581.000       0.6096
 582.000       0.5594
 583.000       0.5842
 584.000       0.6230
 585.000       0.5746
 586.000       0.5546
 587.000       0.8182
 588.000       0.8359
 589.000       0.5101
 590.000       0.3927
 591.000       0.3627
 592.000       0.3708
 593.000       0.3935
 594.000       0.3917
 595.000       0.3664
 596.000       0.3848
 597.000       0.4044
 598.000       0.4008
 599.000       0.3942
 600.000       0.4071
 601.000       0.4140
 602.000       0.4146
 603.000       0.4563
 604.000       0.4850
 605.000       0.4285
 606.000       0.4347
 607.000       0.4789
 608.000       0.4676
 609.000       0.4076
 610.000       0.4893
 611.000       0.5773
 612.000       0.5812
 613.000       0.5117
 614.000       0.7298
 615.000       0.8812
 616.000       0.8137
 617.000       0.8335
 618.000       0.6305
 619.000       0.6670
 620.000       0.4962
 621.000       0.4105
 622.000       0.4314
 623.000       0.4214
 624.000       0.4410
 625.000       0.4244
 626.000       0.4253
 627.000       0.4406
 628.000       0.4829
 629.000       0.5251
 630.000       0.6077
 631.000       0.7989
 632.000       0.9670
 633.000       0.8565
 634.000       0.8760
 635.000       0.6916
 636.000       0.6966
 637.000       0.8718
 638.000       0.7802
 639.000       0.6729
 640.000       0.8085
 641.000       1.4778
 642.000       1.0489
 643.000       0.5685
 644.000       0.4926
 645.000       0.5061
 646.000       0.5177
 647.000       0.4797
 648.000       0.5100
 649.000       0.5673
 650.000       0.5860
 651.000       0.6939
 652.000       0.7218
 653.000       0.7883
 654.000       0.7535
 655.000       0.7864
 656.000       0.9504
 657.000       0.9251
 658.000       0.7833
 659.000       0.9950
 660.000       1.4562
 661.000       2.1949
