#Res             RMSF
 176.000       2.7481
 177.000       1.5202
 178.000       0.9436
 179.000       0.9623
 180.000       0.9556
 181.000       0.9070
 182.000       1.1508
 183.000       1.1823
 184.000       1.0860
 185.000       0.7488
 186.000       1.1728
 187.000       0.8535
 188.000       0.6450
 189.000       0.4983
 190.000       0.5298
 191.000       0.5369
 192.000       0.4705
 193.000       0.4278
 194.000       0.5572
 195.000       0.5780
 196.000       0.4931
 197.000       0.5964
 198.000       0.7675
 199.000       0.7502
 200.000       0.6700
 201.000       0.5432
 202.000       0.5640
 203.000       0.6536
 204.000       0.5507
 205.000       0.4837
 206.000       0.5219
 207.000       0.5831
 208.000       0.5248
 209.000       0.4452
 210.000       0.4099
 211.000       0.4769
 212.000       0.4533
 213.000       0.4432
 214.000       0.5095
 215.000       0.5473
 216.000       0.4949
 217.000       0.4991
 218.000       0.5248
 219.000       0.5231
 220.000       0.5156
 221.000       0.5228
 222.000       0.5441
 223.000       0.5863
 224.000       0.5261
 225.000       0.5101
 226.000       0.5574
 227.000       0.5485
 228.000       0.4787
 229.000       0.5514
 230.000       0.6785
 231.000       0.6904
 232.000       0.6091
 233.000       0.8360
 234.000       0.9589
 235.000       0.8647
 236.000       0.9320
 237.000       0.7231
 238.000       0.7039
 239.000       0.4969
 240.000       0.4192
 241.000       0.4033
 242.000       0.4076
 243.000       0.4388
 244.000       0.4221
 245.000       0.4388
 246.000       0.4574
 247.000       0.5549
 248.000       0.6277
 249.000       0.7175
 250.000       0.8701
 251.000       1.0915
 252.000       1.0760
 253.000       1.2791
 254.000       1.0482
 255.000       0.8457
 256.000       1.1324
 257.000       1.1645
 258.000       0.9254
 259.000       1.1591
 260.000       1.9063
 261.000       0.9068
 262.000       0.6202
 263.000       0.5603
 264.000       0.4914
 265.000       0.5258
 266.000       0.4997
 267.000       0.5098
 268.000       0.6125
 269.000       0.5834
 270.000       0.6594
 271.000       0.7168
 272.000       0.7659
 273.000       0.7382
 274.000       0.7604
 275.000       0.9026
 276.000       0.8579
 277.000       0.7690
 278.000       0.9057
 279.000       1.1293
 280.000       1.7046
