#Res             RMSF
 176.000       2.6436
 177.000       1.4359
 178.000       0.7009
 179.000       0.6607
 180.000       0.6930
 181.000       0.7363
 182.000       0.9838
 183.000       1.0201
 184.000       0.8722
 185.000       0.6169
 186.000       0.5521
 187.000       0.5104
 188.000       0.5550
 189.000       0.4506
 190.000       0.5249
 191.000       0.5110
 192.000       0.4169
 193.000       0.3713
 194.000       0.4294
 195.000       0.4917
 196.000       0.4461
 197.000       0.5111
 198.000       0.6215
 199.000       0.6257
 200.000       0.5886
 201.000       0.5426
 202.000       0.5917
 203.000       0.6157
 204.000       0.5041
 205.000       0.4611
 206.000       0.4694
 207.000       0.5052
 208.000       0.5102
 209.000       0.4275
 210.000       0.3719
 211.000       0.4307
 212.000       0.4178
 213.000       0.3861
 214.000       0.3874
 215.000       0.4115
 216.000       0.4114
 217.000       0.4001
 218.000       0.4098
 219.000       0.4200
 220.000       0.4299
 221.000       0.4426
 222.000       0.4548
 223.000       0.5153
 224.000       0.4414
 225.000       0.4011
 226.000       0.4623
 227.000       0.4548
 228.000       0.4094
 229.000       0.5034
 230.000       0.6199
 231.000       0.5915
 232.000       0.5328
 233.000       0.7447
 234.000       0.8728
 235.000       0.8052
 236.000       0.8619
 237.000       0.6514
 238.000       0.6598
 239.000       0.4662
 240.000       0.3744
 241.000       0.3843
 242.000       0.3905
 243.000       0.3806
 244.000       0.3827
 245.000       0.3975
 246.000       0.4089
 247.000       0.4450
 248.000       0.5542
 249.000       0.6128
 250.000       0.8532
 251.000       1.1578
 252.000       0.8838
 253.000       0.9091
 254.000       0.7712
 255.000       0.6450
 256.000       0.7169
 257.000       0.7804
 258.000       0.7796
 259.000       0.8996
 260.000       1.7430
 261.000       0.9379
 262.000       0.6343
 263.000       0.4991
 264.000       0.4631
 265.000       0.4419
 266.000       0.4115
 267.000       0.4668
 268.000       0.4956
 269.000       0.5378
 270.000       0.6352
 271.000       0.6528
 272.000       0.7151
 273.000       0.7054
 274.000       0.7040
 275.000       0.8193
 276.000       0.8235
 277.000       0.7617
 278.000       0.8634
 279.000       1.1271
 280.000       1.6927
