#Res             RMSF
 662.000       1.2265
 663.000       0.8767
 664.000       0.6821
 665.000       0.5212
 666.000       0.4127
 667.000       0.3903
 668.000       0.4157
 669.000       0.4304
 670.000       0.3934
 671.000       0.3996
 672.000       0.4665
 673.000       0.4071
 674.000       0.3983
 675.000       0.5107
 676.000       0.6393
 677.000       0.6003
 678.000       0.6037
 679.000       0.8428
 680.000       0.7688
 681.000       0.5895
 682.000       0.5053
 683.000       0.4613
 684.000       0.4946
 685.000       0.5417
 686.000       0.5557
 687.000       0.4331
 688.000       0.3873
 689.000       0.4339
 690.000       0.3859
 691.000       0.3569
 692.000       0.3867
 693.000       0.4069
 694.000       0.3961
 695.000       0.3915
 696.000       0.4529
 697.000       0.4427
 698.000       0.4195
 699.000       0.3522
 700.000       0.4149
 701.000       0.4184
 702.000       0.3513
 703.000       0.4383
 704.000       0.5415
 705.000       0.4466
 706.000       0.4161
 707.000       0.4617
 708.000       0.4208
 709.000       0.3799
 710.000       0.4263
 711.000       0.5083
 712.000       0.5867
 713.000       0.6581
 714.000       0.6660
 715.000       0.6006
 716.000       0.6150
 717.000       0.5027
 718.000       0.4401
 719.000       0.4354
 720.000       0.4466
 721.000       0.4281
 722.000       0.3704
 723.000       0.3854
 724.000       0.3992
 725.000       0.3681
 726.000       0.3705
 727.000       0.4104
 728.000       0.4803
 729.000       0.4722
 730.000       0.4454
 731.000       0.4281
 732.000       0.5201
 733.000       0.7185
 734.000       0.8020
 735.000       0.5656
 736.000       0.4436
 737.000       0.5429
 738.000       0.4917
 739.000       0.4166
 740.000       0.4368
 741.000       0.4826
 742.000       0.4589
 743.000       0.4156
 744.000       0.4591
 745.000       0.4884
 746.000       0.4519
 747.000       0.5117
 748.000       0.6119
 749.000       0.6007
 750.000       0.5685
 751.000       0.8121
 752.000       1.5306
 753.000       2.9708
