#Res             RMSF
 476.000       2.9627
 477.000       1.6559
 478.000       1.0892
 479.000       0.9059
 480.000       0.6186
 481.000       0.5860
 482.000       0.7380
 483.000       0.7534
 484.000       0.6282
 485.000       0.5644
 486.000       0.5790
 487.000       0.5933
 488.000       0.5767
 489.000       0.4069
 490.000       0.4014
 491.000       0.4580
 492.000       0.4511
 493.000       0.3631
 494.000       0.3921
 495.000       0.4348
 496.000       0.4461
 497.000       0.4648
 498.000       0.3915
 499.000       0.4473
 500.000       0.4199
 501.000       0.4060
 502.000       0.4516
 503.000       0.5360
 504.000       0.5330
 505.000       0.4157
 506.000       0.4768
 507.000       0.6407
 508.000       0.5448
 509.000       0.4392
 510.000       0.5360
 511.000       0.5490
 512.000       0.5114
 513.000       0.4625
 514.000       0.4821
 515.000       0.5058
 516.000       0.4410
 517.000       0.4442
 518.000       0.4810
 519.000       0.4678
 520.000       0.3941
 521.000       0.3610
 522.000       0.4025
 523.000       0.3516
 524.000       0.3422
 525.000       0.3623
 526.000       0.3949
 527.000       0.3776
 528.000       0.4042
 529.000       0.5209
 530.000       0.5552
 531.000       0.5759
 532.000       0.6374
 533.000       0.5110
 534.000       0.6722
 535.000       0.4909
 536.000       0.4484
 537.000       0.4889
 538.000       0.4865
 539.000       0.4846
 540.000       0.3765
 541.000       0.3918
 542.000       0.4285
 543.000       0.4137
 544.000       0.3849
 545.000       0.4162
 546.000       0.5096
 547.000       0.6911
 548.000       0.6902
 549.000       0.7240
 550.000       0.7380
 551.000       0.5838
 552.000       0.4981
 553.000       0.5394
 554.000       0.7231
 555.000       0.8550
 556.000       2.0741
 557.000       3.9679
