#Res             RMSF
 662.000       1.2465
 663.000       0.9120
 664.000       0.7002
 665.000       0.5472
 666.000       0.4331
 667.000       0.5168
 668.000       0.6170
 669.000       0.5135
 670.000       0.4349
 671.000       0.4345
 672.000       0.4743
 673.000       0.4155
 674.000       0.4043
 675.000       0.5206
 676.000       0.6277
 677.000       0.5949
 678.000       0.5898
 679.000       0.8337
 680.000       0.7860
 681.000       0.5708
 682.000       0.5140
 683.000       0.4520
 684.000       0.4820
 685.000       0.5877
 686.000       0.6160
 687.000       0.4549
 688.000       0.4453
 689.000       0.5174
 690.000       0.4098
 691.000       0.3736
 692.000       0.4128
 693.000       0.4339
 694.000       0.4046
 695.000       0.3991
 696.000       0.4527
 697.000       0.4471
 698.000       0.4156
 699.000       0.3514
 700.000       0.4134
 701.000       0.4066
 702.000       0.3547
 703.000       0.4273
 704.000       0.5109
 705.000       0.4361
 706.000       0.4007
 707.000       0.4373
 708.000       0.4116
 709.000       0.3716
 710.000       0.4379
 711.000       0.5054
 712.000       0.5537
 713.000       0.6358
 714.000       0.6669
 715.000       0.6327
 716.000       0.6005
 717.000       0.5260
 718.000       0.4355
 719.000       0.4427
 720.000       0.4465
 721.000       0.4297
 722.000       0.3592
 723.000       0.3664
 724.000       0.3879
 725.000       0.3622
 726.000       0.3586
 727.000       0.4053
 728.000       0.4744
 729.000       0.4659
 730.000       0.4479
 731.000       0.4279
 732.000       0.5391
 733.000       0.7212
 734.000       0.8124
 735.000       0.5676
 736.000       0.4677
 737.000       0.5558
 738.000       0.4968
 739.000       0.4214
 740.000       0.4224
 741.000       0.4700
 742.000       0.4370
 743.000       0.4071
 744.000       0.4400
 745.000       0.4697
 746.000       0.4341
 747.000       0.4848
 748.000       0.5644
 749.000       0.5615
 750.000       0.5554
 751.000       0.7673
 752.000       1.4673
 753.000       2.8605
