#Res             RMSF
 558.000       1.2856
 559.000       0.8018
 560.000       0.5679
 561.000       0.4894
 562.000       0.6288
 563.000       0.6252
 564.000       0.5272
 565.000       0.5670
 566.000       0.4242
 567.000       0.4532
 568.000       0.3945
 569.000       0.4314
 570.000       0.3885
 571.000       0.4801
 572.000       0.4471
 573.000       0.3706
 574.000       0.3825
 575.000       0.4338
 576.000       0.4482
 577.000       0.4751
 578.000       0.5305
 579.000       0.5753
 580.000       0.5750
 581.000       0.5584
 582.000       0.5154
 583.000       0.5316
 584.000       0.5799
 585.000       0.5329
 586.000       0.5149
 587.000       0.5295
 588.000       0.6284
 589.000       0.4705
 590.000       0.3857
 591.000       0.3517
 592.000       0.3622
 593.000       0.3701
 594.000       0.3793
 595.000       0.3612
 596.000       0.3729
 597.000       0.3974
 598.000       0.3890
 599.000       0.3856
 600.000       0.3856
 601.000       0.3939
 602.000       0.3885
 603.000       0.4342
 604.000       0.4541
 605.000       0.4060
 606.000       0.4211
 607.000       0.4702
 608.000       0.4648
 609.000       0.3903
 610.000       0.4886
 611.000       0.5693
 612.000       0.5602
 613.000       0.4825
 614.000       0.7176
 615.000       0.8589
 616.000       0.7531
 617.000       0.7819
 618.000       0.5946
 619.000       0.6583
 620.000       0.4949
 621.000       0.4027
 622.000       0.4090
 623.000       0.4096
 624.000       0.4218
 625.000       0.4220
 626.000       0.4265
 627.000       0.4148
 628.000       0.4373
 629.000       0.4967
 630.000       0.5509
 631.000       0.6164
 632.000       0.7157
 633.000       0.7938
 634.000       0.8921
 635.000       0.6845
 636.000       0.6868
 637.000       0.8556
 638.000       0.7832
 639.000       0.6837
 640.000       0.7826
 641.000       1.3291
 642.000       0.6039
 643.000       0.4860
 644.000       0.4757
 645.000       0.4848
 646.000       0.4853
 647.000       0.4514
 648.000       0.4796
 649.000       0.5618
 650.000       0.5316
 651.000       0.5776
 652.000       0.6396
 653.000       0.7367
 654.000       0.7025
 655.000       0.7160
 656.000       0.8364
 657.000       0.8170
 658.000       0.7049
 659.000       0.8900
 660.000       1.2559
 661.000       1.9997
