#Res             RMSF
  98.000       0.9943
  99.000       0.5691
 100.000       0.6168
 101.000       0.5525
 102.000       0.4782
 103.000       0.4371
 104.000       0.4056
 105.000       0.4149
 106.000       0.4150
 107.000       0.3332
 108.000       0.3290
 109.000       0.4288
 110.000       0.4258
 111.000       0.3418
 112.000       0.3642
 113.000       0.3966
 114.000       0.4414
 115.000       0.4466
 116.000       0.4030
 117.000       0.4270
 118.000       0.4100
 119.000       0.3899
 120.000       0.4362
 121.000       0.4833
 122.000       0.4845
 123.000       0.3748
 124.000       0.4030
 125.000       0.5047
 126.000       0.4725
 127.000       0.3740
 128.000       0.3928
 129.000       0.4929
 130.000       0.4395
 131.000       0.3915
 132.000       0.4312
 133.000       0.4573
 134.000       0.4152
 135.000       0.4077
 136.000       0.4494
 137.000       0.4909
 138.000       0.3840
 139.000       0.3681
 140.000       0.3972
 141.000       0.3191
 142.000       0.3159
 143.000       0.3388
 144.000       0.3337
 145.000       0.3325
 146.000       0.3400
 147.000       0.4415
 148.000       0.4800
 149.000       0.4776
 150.000       0.5479
 151.000       0.4376
 152.000       0.4968
 153.000       0.4164
 154.000       0.3560
 155.000       0.3820
 156.000       0.3949
 157.000       0.3848
 158.000       0.3111
 159.000       0.3755
 160.000       0.4337
 161.000       0.4097
 162.000       0.3775
 163.000       0.6675
 164.000       0.8727
 165.000       1.0859
 166.000       1.5625
 167.000       1.3201
 168.000       0.6598
 169.000       0.5530
 170.000       0.4644
 171.000       0.4569
 172.000       0.6083
 173.000       1.0187
 174.000       1.7841
 175.000       2.8560
