#Res             RMSF
 377.000       2.5757
 378.000       1.8150
 379.000       1.4346
 380.000       0.9480
 381.000       0.5861
 382.000       0.5219
 383.000       0.4936
 384.000       0.5105
 385.000       0.4871
 386.000       0.4791
 387.000       0.4318
 388.000       0.4457
 389.000       0.4796
 390.000       0.4305
 391.000       0.3835
 392.000       0.4396
 393.000       0.4623
 394.000       0.4206
 395.000       0.4401
 396.000       0.4982
 397.000       0.5385
 398.000       0.5545
 399.000       0.5640
 400.000       0.4465
 401.000       0.4178
 402.000       0.4092
 403.000       0.4623
 404.000       0.4721
 405.000       0.5166
 406.000       0.5302
 407.000       0.4145
 408.000       0.4205
 409.000       0.4664
 410.000       0.4296
 411.000       0.3893
 412.000       0.4329
 413.000       0.4644
 414.000       0.4625
 415.000       0.4554
 416.000       0.6300
 417.000       0.8770
 418.000       0.7561
 419.000       0.6767
 420.000       0.7212
 421.000       0.8883
 422.000       0.5692
 423.000       0.5559
 424.000       0.5633
 425.000       0.6088
 426.000       0.7105
 427.000       0.5877
 428.000       0.4471
 429.000       0.3988
 430.000       0.4746
 431.000       0.4805
 432.000       0.3999
 433.000       0.3256
 434.000       0.3531
 435.000       0.3904
 436.000       0.3806
 437.000       0.3588
 438.000       0.3984
 439.000       0.4121
 440.000       0.3761
 441.000       0.3645
 442.000       0.4422
 443.000       0.3803
 444.000       0.3564
 445.000       0.4190
 446.000       0.4111
 447.000       0.3593
 448.000       0.3785
 449.000       0.4341
 450.000       0.4174
 451.000       0.4202
 452.000       0.4644
 453.000       0.5077
 454.000       0.5393
 455.000       0.5691
 456.000       0.4893
 457.000       0.5036
 458.000       0.4298
 459.000       0.3770
 460.000       0.4741
 461.000       0.5090
 462.000       0.5056
 463.000       0.4188
 464.000       0.4641
 465.000       0.5542
 466.000       0.5351
 467.000       0.5189
 468.000       0.5694
 469.000       0.6648
 470.000       0.6903
 471.000       0.6460
 472.000       0.8944
 473.000       2.0438
 474.000       3.6714
 475.000       5.0087
