#Res             RMSF
   1.000       1.8867
   2.000       1.4125
   3.000       1.3078
   4.000       1.1850
   5.000       1.5933
   6.000       1.5421
   7.000       1.3771
   8.000       1.1380
   9.000       1.1256
  10.000       0.8455
  11.000       0.7207
  12.000       0.6720
  13.000       0.5692
  14.000       0.4305
  15.000       0.5118
  16.000       0.4940
  17.000       0.4569
  18.000       0.4819
  19.000       0.5641
  20.000       0.5682
  21.000       0.5959
  22.000       0.6419
  23.000       0.4920
  24.000       0.5226
  25.000       0.5695
  26.000       0.6646
  27.000       0.5962
  28.000       0.6050
  29.000       0.5417
  30.000       0.4756
  31.000       0.5188
  32.000       0.4926
  33.000       0.4469
  34.000       0.3880
  35.000       0.4349
  36.000       0.4977
  37.000       0.4749
  38.000       0.4842
  39.000       0.6177
  40.000       0.7957
  41.000       0.7192
  42.000       0.7165
  43.000       0.8178
  44.000       1.0660
  45.000       0.5542
  46.000       0.5228
  47.000       0.4957
  48.000       0.5599
  49.000       0.6902
  50.000       0.4947
  51.000       0.4112
  52.000       0.3967
  53.000       0.4124
  54.000       0.4098
  55.000       0.3717
  56.000       0.3362
  57.000       0.3691
  58.000       0.3943
  59.000       0.3811
  60.000       0.3821
  61.000       0.4357
  62.000       0.4340
  63.000       0.3992
  64.000       0.3868
  65.000       0.4136
  66.000       0.3831
  67.000       0.3444
  68.000       0.3957
  69.000       0.4270
  70.000       0.3516
  71.000       0.3708
  72.000       0.4337
  73.000       0.3973
  74.000       0.3969
  75.000       0.4506
  76.000       0.5009
  77.000       0.5614
  78.000       0.6093
  79.000       0.5027
  80.000       0.5244
  81.000       0.4313
  82.000       0.3885
  83.000       0.4518
  84.000       0.5029
  85.000       0.5135
  86.000       0.4151
  87.000       0.4880
  88.000       0.5634
  89.000       0.5296
  90.000       0.5252
  91.000       0.5693
  92.000       0.6580
  93.000       0.6952
  94.000       0.8589
  95.000       1.0150
  96.000       1.3064
  97.000       2.3315
