#Res             RMSF
 377.000       3.0986
 378.000       2.3550
 379.000       1.7008
 380.000       1.0446
 381.000       0.5772
 382.000       0.6504
 383.000       0.5750
 384.000       0.5827
 385.000       0.5838
 386.000       0.5330
 387.000       0.4724
 388.000       0.4911
 389.000       0.5200
 390.000       0.4569
 391.000       0.4217
 392.000       0.5259
 393.000       0.5128
 394.000       0.4825
 395.000       0.5065
 396.000       0.5750
 397.000       0.6590
 398.000       0.7133
 399.000       0.6132
 400.000       0.4508
 401.000       0.3924
 402.000       0.3740
 403.000       0.4219
 404.000       0.4132
 405.000       0.4821
 406.000       0.5108
 407.000       0.3935
 408.000       0.3875
 409.000       0.4457
 410.000       0.4214
 411.000       0.3718
 412.000       0.4061
 413.000       0.4196
 414.000       0.4346
 415.000       0.4552
 416.000       0.5464
 417.000       0.8014
 418.000       0.7040
 419.000       0.6685
 420.000       0.6529
 421.000       0.8405
 422.000       0.5458
 423.000       0.5570
 424.000       0.5785
 425.000       0.6198
 426.000       0.6815
 427.000       0.5682
 428.000       0.4632
 429.000       0.3838
 430.000       0.4844
 431.000       0.5250
 432.000       0.4276
 433.000       0.3152
 434.000       0.3922
 435.000       0.4175
 436.000       0.3832
 437.000       0.3434
 438.000       0.4061
 439.000       0.4042
 440.000       0.3897
 441.000       0.3922
 442.000       0.4764
 443.000       0.3863
 444.000       0.3619
 445.000       0.4230
 446.000       0.4583
 447.000       0.3759
 448.000       0.3939
 449.000       0.4422
 450.000       0.3903
 451.000       0.4296
 452.000       0.4804
 453.000       0.4526
 454.000       0.4864
 455.000       0.5743
 456.000       0.4959
 457.000       0.5445
 458.000       0.4419
 459.000       0.3797
 460.000       0.4399
 461.000       0.4544
 462.000       0.4445
 463.000       0.3670
 464.000       0.4124
 465.000       0.4753
 466.000       0.4569
 467.000       0.4898
 468.000       0.5540
 469.000       0.6045
 470.000       0.6753
 471.000       0.7650
 472.000       0.8670
 473.000       0.8409
 474.000       0.9098
 475.000       1.2963
