#Res             RMSF
   1.000       2.4346
   2.000       1.4962
   3.000       0.8329
   4.000       0.5449
   5.000       0.5293
   6.000       0.5341
   7.000       0.5160
   8.000       0.4808
   9.000       0.4703
  10.000       0.4421
  11.000       0.5008
  12.000       0.5235
  13.000       0.4233
  14.000       0.3808
  15.000       0.5029
  16.000       0.4520
  17.000       0.4268
  18.000       0.4696
  19.000       0.5510
  20.000       0.6013
  21.000       0.7365
  22.000       0.6371
  23.000       0.5095
  24.000       0.3819
  25.000       0.3839
  26.000       0.4609
  27.000       0.4354
  28.000       0.4425
  29.000       0.4512
  30.000       0.3895
  31.000       0.4099
  32.000       0.4286
  33.000       0.4052
  34.000       0.3401
  35.000       0.3676
  36.000       0.4384
  37.000       0.4098
  38.000       0.4065
  39.000       0.4971
  40.000       0.6681
  41.000       0.6407
  42.000       0.6477
  43.000       0.6777
  44.000       0.8617
  45.000       0.5452
  46.000       0.5371
  47.000       0.5084
  48.000       0.5254
  49.000       0.5868
  50.000       0.5565
  51.000       0.4595
  52.000       0.3905
  53.000       0.4376
  54.000       0.4340
  55.000       0.3446
  56.000       0.3271
  57.000       0.4007
  58.000       0.3896
  59.000       0.3688
  60.000       0.3485
  61.000       0.4087
  62.000       0.4411
  63.000       0.3959
  64.000       0.3585
  65.000       0.4204
  66.000       0.3366
  67.000       0.3280
  68.000       0.3765
  69.000       0.3572
  70.000       0.3158
  71.000       0.3623
  72.000       0.4325
  73.000       0.3877
  74.000       0.3871
  75.000       0.4961
  76.000       0.4957
  77.000       0.4904
  78.000       0.5686
  79.000       0.4473
  80.000       0.4763
  81.000       0.4228
  82.000       0.3359
  83.000       0.4070
  84.000       0.4638
  85.000       0.4438
  86.000       0.3494
  87.000       0.4122
  88.000       0.4701
  89.000       0.4253
  90.000       0.4138
  91.000       0.5072
  92.000       0.5595
  93.000       0.5251
  94.000       0.5325
  95.000       0.6238
  96.000       0.6988
  97.000       1.1591
