#Res             RMSF
 476.000       3.5941
 477.000       1.8397
 478.000       1.2240
 479.000       0.9355
 480.000       0.6483
 481.000       0.6191
 482.000       0.8967
 483.000       0.9749
 484.000       0.7080
 485.000       0.6112
 486.000       0.5252
 487.000       0.5693
 488.000       0.5637
 489.000       0.3897
 490.000       0.4112
 491.000       0.4852
 492.000       0.4067
 493.000       0.3648
 494.000       0.4663
 495.000       0.5081
 496.000       0.5083
 497.000       0.5784
 498.000       0.4739
 499.000       0.5620
 500.000       0.4709
 501.000       0.4011
 502.000       0.4177
 503.000       0.5205
 504.000       0.4695
 505.000       0.3642
 506.000       0.4258
 507.000       0.5266
 508.000       0.4620
 509.000       0.3823
 510.000       0.4322
 511.000       0.4991
 512.000       0.4608
 513.000       0.4267
 514.000       0.4706
 515.000       0.5003
 516.000       0.4422
 517.000       0.4555
 518.000       0.4998
 519.000       0.5143
 520.000       0.3770
 521.000       0.3614
 522.000       0.4142
 523.000       0.3374
 524.000       0.3336
 525.000       0.3687
 526.000       0.3642
 527.000       0.3916
 528.000       0.4210
 529.000       0.5287
 530.000       0.5680
 531.000       0.5879
 532.000       0.6532
 533.000       0.5295
 534.000       0.6890
 535.000       0.4905
 536.000       0.4409
 537.000       0.4814
 538.000       0.5276
 539.000       0.4920
 540.000       0.4076
 541.000       0.4319
 542.000       0.4675
 543.000       0.4091
 544.000       0.3602
 545.000       0.4139
 546.000       0.4636
 547.000       0.6080
 548.000       0.9945
 549.000       1.0008
 550.000       0.6097
 551.000       0.8038
 552.000       0.6279
 553.000       0.6758
 554.000       0.9850
 555.000       0.9394
 556.000       2.3506
 557.000       4.4389
