#Res             RMSF
 281.000       4.5314
 282.000       2.7987
 283.000       2.3757
 284.000       1.3706
 285.000       1.2018
 286.000       0.9791
 287.000       0.6164
 288.000       0.4982
 289.000       0.5923
 290.000       0.6624
 291.000       0.5978
 292.000       0.5427
 293.000       0.5041
 294.000       0.5385
 295.000       0.4774
 296.000       0.4564
 297.000       0.6157
 298.000       0.7295
 299.000       0.7351
 300.000       0.6499
 301.000       0.9112
 302.000       0.8406
 303.000       0.6858
 304.000       0.6229
 305.000       0.5143
 306.000       0.5638
 307.000       0.6687
 308.000       0.7149
 309.000       0.5437
 310.000       0.5295
 311.000       0.6060
 312.000       0.5661
 313.000       0.4471
 314.000       0.4413
 315.000       0.5209
 316.000       0.5083
 317.000       0.4314
 318.000       0.4732
 319.000       0.4684
 320.000       0.4193
 321.000       0.3638
 322.000       0.4322
 323.000       0.4194
 324.000       0.3819
 325.000       0.4426
 326.000       0.4631
 327.000       0.4184
 328.000       0.3988
 329.000       0.4327
 330.000       0.4943
 331.000       0.4532
 332.000       0.4847
 333.000       0.5978
 334.000       0.6409
 335.000       0.6707
 336.000       0.7098
 337.000       0.6424
 338.000       0.6346
 339.000       0.5476
 340.000       0.4658
 341.000       0.4626
 342.000       0.4704
 343.000       0.4654
 344.000       0.4087
 345.000       0.4030
 346.000       0.4437
 347.000       0.3956
 348.000       0.3918
 349.000       0.4121
 350.000       0.4538
 351.000       0.4806
 352.000       0.5282
 353.000       0.6493
 354.000       0.9090
 355.000       0.9614
 356.000       1.1497
 357.000       0.7340
 358.000       0.5640
 359.000       0.7199
 360.000       0.6047
 361.000       0.5181
 362.000       0.5041
 363.000       0.5536
 364.000       0.5163
 365.000       0.4696
 366.000       0.5220
 367.000       0.5690
 368.000       0.5066
 369.000       0.5857
 370.000       0.7300
 371.000       0.6987
 372.000       0.6426
 373.000       0.9471
 374.000       1.9394
 375.000       3.2136
 376.000       5.2359
