#Res             RMSF
 476.000       1.9116
 477.000       1.2210
 478.000       0.8450
 479.000       0.7821
 480.000       0.5657
 481.000       0.5604
 482.000       0.6894
 483.000       0.6754
 484.000       0.5681
 485.000       0.5148
 486.000       0.4696
 487.000       0.4134
 488.000       0.3957
 489.000       0.3305
 490.000       0.3388
 491.000       0.3695
 492.000       0.3358
 493.000       0.3075
 494.000       0.3634
 495.000       0.3901
 496.000       0.4081
 497.000       0.4303
 498.000       0.3722
 499.000       0.4101
 500.000       0.3898
 501.000       0.3869
 502.000       0.4207
 503.000       0.4894
 504.000       0.4943
 505.000       0.3853
 506.000       0.4579
 507.000       0.5773
 508.000       0.5120
 509.000       0.4819
 510.000       0.5791
 511.000       0.5352
 512.000       0.4410
 513.000       0.4273
 514.000       0.4728
 515.000       0.4895
 516.000       0.4339
 517.000       0.4214
 518.000       0.4783
 519.000       0.4892
 520.000       0.3959
 521.000       0.3296
 522.000       0.3771
 523.000       0.3552
 524.000       0.3431
 525.000       0.3320
 526.000       0.3586
 527.000       0.3705
 528.000       0.3716
 529.000       0.4655
 530.000       0.5419
 531.000       0.5661
 532.000       0.6162
 533.000       0.4852
 534.000       0.6089
 535.000       0.4360
 536.000       0.3914
 537.000       0.4640
 538.000       0.5122
 539.000       0.5212
 540.000       0.4041
 541.000       0.4218
 542.000       0.4512
 543.000       0.4532
 544.000       0.3817
 545.000       0.4624
 546.000       0.5187
 547.000       0.6954
 548.000       0.9336
 549.000       0.9430
 550.000       0.8026
 551.000       0.8002
 552.000       0.5634
 553.000       0.6192
 554.000       0.7866
 555.000       1.0094
 556.000       2.0672
 557.000       3.6396
