#Res             RMSF
 662.000       1.3253
 663.000       0.6754
 664.000       0.6078
 665.000       0.5386
 666.000       0.4060
 667.000       0.4185
 668.000       0.4323
 669.000       0.4135
 670.000       0.4008
 671.000       0.4145
 672.000       0.4456
 673.000       0.4128
 674.000       0.4441
 675.000       0.5745
 676.000       0.6524
 677.000       0.6217
 678.000       0.6095
 679.000       0.7003
 680.000       0.8249
 681.000       0.6141
 682.000       0.5778
 683.000       0.5163
 684.000       0.6062
 685.000       0.6507
 686.000       0.6836
 687.000       0.4774
 688.000       0.4321
 689.000       0.5042
 690.000       0.4516
 691.000       0.4182
 692.000       0.4004
 693.000       0.4209
 694.000       0.4063
 695.000       0.3838
 696.000       0.4161
 697.000       0.4090
 698.000       0.3813
 699.000       0.3401
 700.000       0.3763
 701.000       0.3654
 702.000       0.3419
 703.000       0.3793
 704.000       0.4255
 705.000       0.3872
 706.000       0.3401
 707.000       0.3692
 708.000       0.3946
 709.000       0.3886
 710.000       0.4269
 711.000       0.4728
 712.000       0.5526
 713.000       0.6532
 714.000       0.6594
 715.000       0.5596
 716.000       0.5553
 717.000       0.4862
 718.000       0.3857
 719.000       0.4242
 720.000       0.4415
 721.000       0.4170
 722.000       0.3567
 723.000       0.3613
 724.000       0.3938
 725.000       0.3535
 726.000       0.3382
 727.000       0.4211
 728.000       0.4871
 729.000       0.4389
 730.000       0.4405
 731.000       0.4802
 732.000       0.7182
 733.000       0.8014
 734.000       0.9575
 735.000       0.6478
 736.000       0.4972
 737.000       0.6266
 738.000       0.5388
 739.000       0.4213
 740.000       0.4373
 741.000       0.4749
 742.000       0.4350
 743.000       0.4106
 744.000       0.4712
 745.000       0.4781
 746.000       0.4227
 747.000       0.4403
 748.000       0.5337
 749.000       0.5543
 750.000       0.5173
 751.000       0.7215
 752.000       1.8818
 753.000       3.4189
