#Res             RMSF
 377.000       3.0648
 378.000       2.6091
 379.000       1.6227
 380.000       0.9108
 381.000       0.6104
 382.000       0.6150
 383.000       0.5698
 384.000       0.5988
 385.000       0.5830
 386.000       0.5538
 387.000       0.4995
 388.000       0.5323
 389.000       0.5960
 390.000       0.4782
 391.000       0.4119
 392.000       0.5461
 393.000       0.5066
 394.000       0.4714
 395.000       0.5036
 396.000       0.6126
 397.000       0.6660
 398.000       0.7635
 399.000       0.7095
 400.000       0.5773
 401.000       0.4878
 402.000       0.4957
 403.000       0.6192
 404.000       0.5701
 405.000       0.5764
 406.000       0.5616
 407.000       0.4333
 408.000       0.4392
 409.000       0.4734
 410.000       0.4268
 411.000       0.3966
 412.000       0.4423
 413.000       0.5097
 414.000       0.5498
 415.000       0.5645
 416.000       0.7256
 417.000       0.9028
 418.000       0.7958
 419.000       0.7517
 420.000       0.7886
 421.000       0.9813
 422.000       0.6697
 423.000       0.6184
 424.000       0.6167
 425.000       0.6374
 426.000       0.7534
 427.000       0.5935
 428.000       0.4802
 429.000       0.4573
 430.000       0.5259
 431.000       0.5504
 432.000       0.4827
 433.000       0.4333
 434.000       0.4926
 435.000       0.4944
 436.000       0.4275
 437.000       0.4449
 438.000       0.4778
 439.000       0.4584
 440.000       0.4060
 441.000       0.3806
 442.000       0.4586
 443.000       0.3751
 444.000       0.3334
 445.000       0.4024
 446.000       0.4256
 447.000       0.3552
 448.000       0.3745
 449.000       0.4454
 450.000       0.4024
 451.000       0.4358
 452.000       0.4840
 453.000       0.4561
 454.000       0.5298
 455.000       0.6168
 456.000       0.4909
 457.000       0.5138
 458.000       0.4040
 459.000       0.3729
 460.000       0.4060
 461.000       0.4182
 462.000       0.4192
 463.000       0.3605
 464.000       0.4356
 465.000       0.5356
 466.000       0.4662
 467.000       0.4908
 468.000       0.5341
 469.000       0.6230
 470.000       0.6202
 471.000       0.8055
 472.000       0.9236
 473.000       0.9959
 474.000       1.2417
 475.000       2.9467
