#Res             RMSF
 281.000       4.3258
 282.000       2.7120
 283.000       2.1522
 284.000       1.3951
 285.000       1.1572
 286.000       0.9643
 287.000       0.5978
 288.000       0.5152
 289.000       0.6139
 290.000       0.6797
 291.000       0.5960
 292.000       0.5391
 293.000       0.5500
 294.000       0.5512
 295.000       0.4762
 296.000       0.5075
 297.000       0.6325
 298.000       0.7266
 299.000       0.6867
 300.000       0.6519
 301.000       0.9276
 302.000       0.9083
 303.000       0.6913
 304.000       0.6512
 305.000       0.5304
 306.000       0.5845
 307.000       0.6577
 308.000       0.6781
 309.000       0.5260
 310.000       0.5079
 311.000       0.5621
 312.000       0.5220
 313.000       0.4270
 314.000       0.4278
 315.000       0.4949
 316.000       0.4909
 317.000       0.4506
 318.000       0.4793
 319.000       0.4774
 320.000       0.4555
 321.000       0.3881
 322.000       0.4388
 323.000       0.4431
 324.000       0.3891
 325.000       0.4317
 326.000       0.4817
 327.000       0.4382
 328.000       0.4027
 329.000       0.4465
 330.000       0.5181
 331.000       0.5225
 332.000       0.4995
 333.000       0.5613
 334.000       0.6164
 335.000       0.6776
 336.000       0.7059
 337.000       0.6545
 338.000       0.6665
 339.000       0.5531
 340.000       0.4647
 341.000       0.4642
 342.000       0.4696
 343.000       0.4838
 344.000       0.4045
 345.000       0.3948
 346.000       0.4517
 347.000       0.3818
 348.000       0.3790
 349.000       0.4320
 350.000       0.4747
 351.000       0.4909
 352.000       0.5406
 353.000       0.6392
 354.000       0.9032
 355.000       0.9375
 356.000       1.1086
 357.000       0.7435
 358.000       0.5679
 359.000       0.6974
 360.000       0.6367
 361.000       0.5188
 362.000       0.5200
 363.000       0.5819
 364.000       0.5338
 365.000       0.4806
 366.000       0.5638
 367.000       0.5969
 368.000       0.5134
 369.000       0.5973
 370.000       0.6987
 371.000       0.7001
 372.000       0.6832
 373.000       0.9363
 374.000       1.6504
 375.000       3.2820
 376.000       5.3555
