#Res             RMSF
 281.000       3.5373
 282.000       2.3830
 283.000       1.5610
 284.000       1.1815
 285.000       0.9953
 286.000       0.7392
 287.000       0.5499
 288.000       0.5276
 289.000       0.6313
 290.000       0.6919
 291.000       0.5901
 292.000       0.5348
 293.000       0.5900
 294.000       0.5434
 295.000       0.4434
 296.000       0.5305
 297.000       0.6046
 298.000       0.6655
 299.000       0.6166
 300.000       0.6329
 301.000       0.9306
 302.000       0.9618
 303.000       0.6787
 304.000       0.6626
 305.000       0.5352
 306.000       0.5832
 307.000       0.6273
 308.000       0.6196
 309.000       0.4939
 310.000       0.4794
 311.000       0.5026
 312.000       0.4499
 313.000       0.3908
 314.000       0.4056
 315.000       0.4421
 316.000       0.4420
 317.000       0.4436
 318.000       0.4621
 319.000       0.4687
 320.000       0.4706
 321.000       0.4032
 322.000       0.4412
 323.000       0.4554
 324.000       0.3861
 325.000       0.4206
 326.000       0.4830
 327.000       0.4059
 328.000       0.3751
 329.000       0.4488
 330.000       0.4306
 331.000       0.3798
 332.000       0.4307
 333.000       0.4935
 334.000       0.5368
 335.000       0.5862
 336.000       0.6133
 337.000       0.5954
 338.000       0.6404
 339.000       0.5164
 340.000       0.4360
 341.000       0.4444
 342.000       0.4515
 343.000       0.4602
 344.000       0.3825
 345.000       0.3821
 346.000       0.4363
 347.000       0.3699
 348.000       0.3507
 349.000       0.4221
 350.000       0.4644
 351.000       0.4594
 352.000       0.4962
 353.000       0.5594
 354.000       0.8364
 355.000       0.8837
 356.000       1.0337
 357.000       0.6908
 358.000       0.5273
 359.000       0.6441
 360.000       0.5854
 361.000       0.4829
 362.000       0.4644
 363.000       0.4986
 364.000       0.4698
 365.000       0.4388
 366.000       0.4717
 367.000       0.4755
 368.000       0.4177
 369.000       0.4807
 370.000       0.5489
 371.000       0.5692
 372.000       0.5811
 373.000       0.7640
 374.000       1.0012
 375.000       1.5443
 376.000       3.5764
