#Res             RMSF
   1.000       3.5645
   2.000       2.3881
   3.000       0.7131
   4.000       0.5800
   5.000       0.5544
   6.000       0.4751
   7.000       0.4896
   8.000       0.4817
   9.000       0.4457
  10.000       0.4158
  11.000       0.4618
  12.000       0.4868
  13.000       0.4368
  14.000       0.4110
  15.000       0.5043
  16.000       0.4946
  17.000       0.4551
  18.000       0.4956
  19.000       0.5889
  20.000       0.6224
  21.000       0.7492
  22.000       0.6519
  23.000       0.5674
  24.000       0.5167
  25.000       0.4641
  26.000       0.5622
  27.000       0.5064
  28.000       0.5032
  29.000       0.5256
  30.000       0.4425
  31.000       0.4443
  32.000       0.5062
  33.000       0.5013
  34.000       0.3866
  35.000       0.5175
  36.000       0.5747
  37.000       0.4991
  38.000       0.4980
  39.000       0.6474
  40.000       0.7786
  41.000       0.6717
  42.000       0.7110
  43.000       0.8340
  44.000       0.9879
  45.000       0.6588
  46.000       0.6962
  47.000       0.6108
  48.000       0.6169
  49.000       0.6361
  50.000       0.5658
  51.000       0.4452
  52.000       0.3854
  53.000       0.4132
  54.000       0.3889
  55.000       0.3379
  56.000       0.3419
  57.000       0.4378
  58.000       0.4050
  59.000       0.3918
  60.000       0.4144
  61.000       0.4368
  62.000       0.4159
  63.000       0.3899
  64.000       0.3833
  65.000       0.4649
  66.000       0.3687
  67.000       0.3098
  68.000       0.3687
  69.000       0.3382
  70.000       0.3028
  71.000       0.3348
  72.000       0.3998
  73.000       0.3620
  74.000       0.3833
  75.000       0.4345
  76.000       0.4435
  77.000       0.4960
  78.000       0.5775
  79.000       0.4499
  80.000       0.5167
  81.000       0.3931
  82.000       0.3295
  83.000       0.4196
  84.000       0.4772
  85.000       0.4489
  86.000       0.3580
  87.000       0.4369
  88.000       0.4911
  89.000       0.4297
  90.000       0.4415
  91.000       0.5679
  92.000       0.6124
  93.000       0.5670
  94.000       0.6510
  95.000       0.7647
  96.000       0.7296
  97.000       1.1493
