#Res             RMSF
 377.000       3.4033
 378.000       3.1903
 379.000       1.8590
 380.000       1.0364
 381.000       0.6439
 382.000       0.6693
 383.000       0.5895
 384.000       0.6124
 385.000       0.6075
 386.000       0.5733
 387.000       0.5042
 388.000       0.5265
 389.000       0.5926
 390.000       0.5029
 391.000       0.4502
 392.000       0.5724
 393.000       0.5654
 394.000       0.5318
 395.000       0.5579
 396.000       0.6575
 397.000       0.7325
 398.000       0.8216
 399.000       0.7541
 400.000       0.5860
 401.000       0.4994
 402.000       0.4984
 403.000       0.6399
 404.000       0.5791
 405.000       0.6028
 406.000       0.5999
 407.000       0.4419
 408.000       0.4271
 409.000       0.4885
 410.000       0.4562
 411.000       0.3945
 412.000       0.4424
 413.000       0.5263
 414.000       0.5556
 415.000       0.5610
 416.000       0.6879
 417.000       0.8956
 418.000       0.7978
 419.000       0.7580
 420.000       0.7663
 421.000       0.9376
 422.000       0.6473
 423.000       0.6126
 424.000       0.6254
 425.000       0.6627
 426.000       0.7367
 427.000       0.6134
 428.000       0.5040
 429.000       0.4404
 430.000       0.5306
 431.000       0.5629
 432.000       0.4691
 433.000       0.3976
 434.000       0.4818
 435.000       0.4843
 436.000       0.4111
 437.000       0.4157
 438.000       0.4813
 439.000       0.4620
 440.000       0.4044
 441.000       0.3937
 442.000       0.4789
 443.000       0.3891
 444.000       0.3487
 445.000       0.4194
 446.000       0.4468
 447.000       0.3631
 448.000       0.3823
 449.000       0.4454
 450.000       0.3987
 451.000       0.4376
 452.000       0.4896
 453.000       0.4641
 454.000       0.5173
 455.000       0.6100
 456.000       0.5037
 457.000       0.5344
 458.000       0.4325
 459.000       0.3842
 460.000       0.4332
 461.000       0.4521
 462.000       0.4478
 463.000       0.3716
 464.000       0.4381
 465.000       0.5238
 466.000       0.4708
 467.000       0.5065
 468.000       0.5724
 469.000       0.6396
 470.000       0.6560
 471.000       0.8158
 472.000       0.9367
 473.000       0.9688
 474.000       1.1478
 475.000       2.5099
