#Res             RMSF
  98.000       1.1098
  99.000       0.7030
 100.000       0.6639
 101.000       0.6596
 102.000       0.4907
 103.000       0.4477
 104.000       0.4140
 105.000       0.3627
 106.000       0.3802
 107.000       0.3528
 108.000       0.3346
 109.000       0.3580
 110.000       0.3566
 111.000       0.3362
 112.000       0.3717
 113.000       0.4160
 114.000       0.4483
 115.000       0.4684
 116.000       0.4113
 117.000       0.4685
 118.000       0.4079
 119.000       0.3832
 120.000       0.4097
 121.000       0.5154
 122.000       0.4978
 123.000       0.4325
 124.000       0.4620
 125.000       0.5839
 126.000       0.5566
 127.000       0.4349
 128.000       0.5039
 129.000       0.5624
 130.000       0.5196
 131.000       0.4769
 132.000       0.4482
 133.000       0.4867
 134.000       0.4545
 135.000       0.4274
 136.000       0.4494
 137.000       0.4537
 138.000       0.3736
 139.000       0.3464
 140.000       0.3792
 141.000       0.3290
 142.000       0.3016
 143.000       0.2998
 144.000       0.3242
 145.000       0.3175
 146.000       0.3260
 147.000       0.4344
 148.000       0.4630
 149.000       0.4768
 150.000       0.5451
 151.000       0.4771
 152.000       0.6401
 153.000       0.4392
 154.000       0.3642
 155.000       0.4238
 156.000       0.4251
 157.000       0.4263
 158.000       0.3650
 159.000       0.3805
 160.000       0.4097
 161.000       0.3891
 162.000       0.3679
 163.000       0.4333
 164.000       0.4811
 165.000       0.6707
 166.000       0.8857
 167.000       0.9257
 168.000       0.8323
 169.000       0.6558
 170.000       0.5383
 171.000       0.5814
 172.000       0.7076
 173.000       0.6680
 174.000       1.3636
 175.000       2.4753
