#Res             RMSF
 176.000       3.2175
 177.000       1.8243
 178.000       1.1948
 179.000       0.7813
 180.000       0.6222
 181.000       0.7325
 182.000       0.6878
 183.000       0.5445
 184.000       0.6230
 185.000       0.5036
 186.000       0.5021
 187.000       0.4319
 188.000       0.5078
 189.000       0.4446
 190.000       0.6130
 191.000       0.5122
 192.000       0.4268
 193.000       0.4649
 194.000       0.5639
 195.000       0.6138
 196.000       0.5296
 197.000       0.6711
 198.000       0.8815
 199.000       0.9859
 200.000       1.1126
 201.000       0.6425
 202.000       0.6705
 203.000       0.7511
 204.000       0.6034
 205.000       0.5158
 206.000       0.5209
 207.000       0.6083
 208.000       0.4869
 209.000       0.4050
 210.000       0.3898
 211.000       0.4081
 212.000       0.4332
 213.000       0.4309
 214.000       0.3882
 215.000       0.4310
 216.000       0.4834
 217.000       0.4514
 218.000       0.4362
 219.000       0.5107
 220.000       0.5484
 221.000       0.5084
 222.000       0.5568
 223.000       0.6305
 224.000       0.4985
 225.000       0.4741
 226.000       0.5294
 227.000       0.4893
 228.000       0.4679
 229.000       0.5406
 230.000       0.6164
 231.000       0.6095
 232.000       0.5712
 233.000       0.7883
 234.000       0.8815
 235.000       0.8455
 236.000       0.8997
 237.000       0.6711
 238.000       0.7151
 239.000       0.5390
 240.000       0.4250
 241.000       0.4299
 242.000       0.4153
 243.000       0.4310
 244.000       0.3930
 245.000       0.4353
 246.000       0.4511
 247.000       0.4984
 248.000       0.5770
 249.000       0.6960
 250.000       0.7661
 251.000       1.0819
 252.000       1.1755
 253.000       1.5211
 254.000       1.4979
 255.000       1.2270
 256.000       1.1935
 257.000       1.3611
 258.000       1.3006
 259.000       1.1750
 260.000       2.2457
 261.000       1.5983
 262.000       0.7025
 263.000       0.6026
 264.000       0.5416
 265.000       0.5407
 266.000       0.5189
 267.000       0.5483
 268.000       0.6967
 269.000       0.6484
 270.000       0.7537
 271.000       0.7709
 272.000       0.8181
 273.000       0.8259
 274.000       0.8470
 275.000       1.0073
 276.000       0.9795
 277.000       0.8857
 278.000       1.0312
 279.000       1.3912
 280.000       2.1133
