#Res             RMSF
 176.000       1.8965
 177.000       1.3831
 178.000       0.8402
 179.000       0.5676
 180.000       0.4960
 181.000       0.7023
 182.000       0.7399
 183.000       0.5855
 184.000       0.6475
 185.000       0.4623
 186.000       0.5000
 187.000       0.4119
 188.000       0.4530
 189.000       0.4144
 190.000       0.5326
 191.000       0.4780
 192.000       0.3882
 193.000       0.3871
 194.000       0.4881
 195.000       0.5145
 196.000       0.4763
 197.000       0.5638
 198.000       0.7027
 199.000       0.6816
 200.000       0.8001
 201.000       0.5888
 202.000       0.6038
 203.000       0.6713
 204.000       0.5633
 205.000       0.5119
 206.000       0.5067
 207.000       0.5855
 208.000       0.4869
 209.000       0.4171
 210.000       0.3676
 211.000       0.3962
 212.000       0.4431
 213.000       0.4061
 214.000       0.3934
 215.000       0.4274
 216.000       0.4742
 217.000       0.4558
 218.000       0.4472
 219.000       0.5104
 220.000       0.5376
 221.000       0.4829
 222.000       0.4840
 223.000       0.5174
 224.000       0.4392
 225.000       0.4473
 226.000       0.5058
 227.000       0.5096
 228.000       0.4183
 229.000       0.5461
 230.000       0.6617
 231.000       0.6358
 232.000       0.5740
 233.000       0.7845
 234.000       0.8852
 235.000       0.8051
 236.000       0.8772
 237.000       0.6655
 238.000       0.7580
 239.000       0.5874
 240.000       0.4408
 241.000       0.4610
 242.000       0.4754
 243.000       0.5102
 244.000       0.4116
 245.000       0.4338
 246.000       0.5096
 247.000       0.5176
 248.000       0.5260
 249.000       0.6600
 250.000       0.8348
 251.000       0.9494
 252.000       0.9783
 253.000       0.9744
 254.000       1.0670
 255.000       1.1612
 256.000       1.2270
 257.000       1.1644
 258.000       1.1696
 259.000       1.0399
 260.000       1.0725
 261.000       1.0439
 262.000       0.8129
 263.000       0.6925
 264.000       0.5526
 265.000       0.6689
 266.000       0.8953
 267.000       0.9804
 268.000       1.2525
 269.000       0.9816
 270.000       0.9087
 271.000       0.9374
 272.000       0.9478
 273.000       0.9038
 274.000       0.9113
 275.000       1.0151
 276.000       0.9691
 277.000       0.8889
 278.000       1.0618
 279.000       1.4715
 280.000       2.1268
