#Res             RMSF
 662.000       1.5607
 663.000       0.7193
 664.000       0.7907
 665.000       0.5509
 666.000       0.4055
 667.000       0.4256
 668.000       0.4449
 669.000       0.4217
 670.000       0.4078
 671.000       0.4217
 672.000       0.4633
 673.000       0.4281
 674.000       0.4575
 675.000       0.5951
 676.000       0.6761
 677.000       0.6331
 678.000       0.6224
 679.000       0.7250
 680.000       0.8496
 681.000       0.6207
 682.000       0.5775
 683.000       0.5104
 684.000       0.6046
 685.000       0.6536
 686.000       0.6998
 687.000       0.4897
 688.000       0.4436
 689.000       0.5142
 690.000       0.4839
 691.000       0.4385
 692.000       0.4053
 693.000       0.4375
 694.000       0.4222
 695.000       0.3843
 696.000       0.4118
 697.000       0.4115
 698.000       0.3879
 699.000       0.3406
 700.000       0.3819
 701.000       0.3645
 702.000       0.3362
 703.000       0.3736
 704.000       0.4294
 705.000       0.3828
 706.000       0.3505
 707.000       0.3941
 708.000       0.4020
 709.000       0.3888
 710.000       0.4286
 711.000       0.4695
 712.000       0.5492
 713.000       0.6527
 714.000       0.6641
 715.000       0.5639
 716.000       0.5797
 717.000       0.4997
 718.000       0.3997
 719.000       0.4328
 720.000       0.4478
 721.000       0.4229
 722.000       0.3617
 723.000       0.3633
 724.000       0.3965
 725.000       0.3635
 726.000       0.3486
 727.000       0.4252
 728.000       0.4862
 729.000       0.4508
 730.000       0.4495
 731.000       0.4786
 732.000       0.7158
 733.000       0.8389
 734.000       0.9331
 735.000       0.6336
 736.000       0.4990
 737.000       0.6350
 738.000       0.5367
 739.000       0.4207
 740.000       0.4319
 741.000       0.4732
 742.000       0.4372
 743.000       0.4115
 744.000       0.4698
 745.000       0.4798
 746.000       0.4219
 747.000       0.4424
 748.000       0.5356
 749.000       0.5506
 750.000       0.5199
 751.000       0.7210
 752.000       1.8664
 753.000       3.3393
