#Res             RMSF
 476.000       3.4328
 477.000       1.7640
 478.000       1.1945
 479.000       0.9235
 480.000       0.6336
 481.000       0.6081
 482.000       0.8886
 483.000       0.9614
 484.000       0.7013
 485.000       0.6017
 486.000       0.5146
 487.000       0.5570
 488.000       0.5563
 489.000       0.3816
 490.000       0.4002
 491.000       0.4706
 492.000       0.3982
 493.000       0.3581
 494.000       0.4535
 495.000       0.4940
 496.000       0.4977
 497.000       0.5605
 498.000       0.4627
 499.000       0.5431
 500.000       0.4586
 501.000       0.3985
 502.000       0.4163
 503.000       0.5130
 504.000       0.4664
 505.000       0.3606
 506.000       0.4205
 507.000       0.5188
 508.000       0.4546
 509.000       0.3843
 510.000       0.4351
 511.000       0.4976
 512.000       0.4510
 513.000       0.4304
 514.000       0.4703
 515.000       0.4994
 516.000       0.4423
 517.000       0.4581
 518.000       0.5048
 519.000       0.5243
 520.000       0.3799
 521.000       0.3591
 522.000       0.4111
 523.000       0.3373
 524.000       0.3326
 525.000       0.3687
 526.000       0.3673
 527.000       0.3939
 528.000       0.4136
 529.000       0.5190
 530.000       0.5723
 531.000       0.5835
 532.000       0.6389
 533.000       0.5236
 534.000       0.6791
 535.000       0.4854
 536.000       0.4389
 537.000       0.4794
 538.000       0.5216
 539.000       0.4944
 540.000       0.4068
 541.000       0.4220
 542.000       0.4640
 543.000       0.4089
 544.000       0.3556
 545.000       0.4135
 546.000       0.4727
 547.000       0.6181
 548.000       0.9849
 549.000       0.9835
 550.000       0.6019
 551.000       0.8006
 552.000       0.6211
 553.000       0.6692
 554.000       0.9587
 555.000       0.9369
 556.000       2.3121
 557.000       4.3918
