#Res             RMSF
  98.000       1.1068
  99.000       0.9808
 100.000       0.9039
 101.000       0.7132
 102.000       0.4833
 103.000       0.4669
 104.000       0.4405
 105.000       0.4030
 106.000       0.4826
 107.000       0.3768
 108.000       0.3140
 109.000       0.4086
 110.000       0.3884
 111.000       0.3396
 112.000       0.4109
 113.000       0.4732
 114.000       0.4832
 115.000       0.5273
 116.000       0.4435
 117.000       0.4662
 118.000       0.4470
 119.000       0.4167
 120.000       0.4589
 121.000       0.5227
 122.000       0.5400
 123.000       0.4392
 124.000       0.4447
 125.000       0.5803
 126.000       0.4831
 127.000       0.3936
 128.000       0.4907
 129.000       0.5216
 130.000       0.4986
 131.000       0.4780
 132.000       0.4708
 133.000       0.5056
 134.000       0.4722
 135.000       0.4443
 136.000       0.4332
 137.000       0.4839
 138.000       0.3724
 139.000       0.3601
 140.000       0.4056
 141.000       0.3434
 142.000       0.2999
 143.000       0.3110
 144.000       0.3301
 145.000       0.3264
 146.000       0.3260
 147.000       0.4318
 148.000       0.4920
 149.000       0.4991
 150.000       0.5447
 151.000       0.5874
 152.000       0.7397
 153.000       0.5079
 154.000       0.3775
 155.000       0.3861
 156.000       0.3912
 157.000       0.4152
 158.000       0.3372
 159.000       0.3590
 160.000       0.3864
 161.000       0.3917
 162.000       0.3611
 163.000       0.4391
 164.000       0.4943
 165.000       0.6292
 166.000       0.7868
 167.000       0.9620
 168.000       0.8548
 169.000       0.6274
 170.000       0.5312
 171.000       0.6305
 172.000       0.7759
 173.000       0.6005
 174.000       1.0888
 175.000       2.1391
