#Res             RMSF
   1.000       2.4032
   2.000       1.4919
   3.000       0.8624
   4.000       0.5539
   5.000       0.5352
   6.000       0.5292
   7.000       0.5166
   8.000       0.4887
   9.000       0.4656
  10.000       0.4327
  11.000       0.4961
  12.000       0.5191
  13.000       0.4195
  14.000       0.3819
  15.000       0.5046
  16.000       0.4554
  17.000       0.4260
  18.000       0.4765
  19.000       0.5580
  20.000       0.5980
  21.000       0.7279
  22.000       0.6273
  23.000       0.5009
  24.000       0.3853
  25.000       0.3842
  26.000       0.4647
  27.000       0.4424
  28.000       0.4524
  29.000       0.4591
  30.000       0.3900
  31.000       0.4124
  32.000       0.4312
  33.000       0.4113
  34.000       0.3405
  35.000       0.3721
  36.000       0.4391
  37.000       0.4152
  38.000       0.4064
  39.000       0.5011
  40.000       0.6792
  41.000       0.6403
  42.000       0.6437
  43.000       0.6850
  44.000       0.8906
  45.000       0.5572
  46.000       0.5454
  47.000       0.5258
  48.000       0.5504
  49.000       0.5996
  50.000       0.5532
  51.000       0.4527
  52.000       0.3896
  53.000       0.4325
  54.000       0.4256
  55.000       0.3405
  56.000       0.3296
  57.000       0.3994
  58.000       0.3902
  59.000       0.3707
  60.000       0.3436
  61.000       0.4040
  62.000       0.4367
  63.000       0.3943
  64.000       0.3610
  65.000       0.4292
  66.000       0.3400
  67.000       0.3274
  68.000       0.3867
  69.000       0.3589
  70.000       0.3173
  71.000       0.3648
  72.000       0.4336
  73.000       0.3862
  74.000       0.3868
  75.000       0.4921
  76.000       0.4921
  77.000       0.4995
  78.000       0.5821
  79.000       0.4613
  80.000       0.4926
  81.000       0.4183
  82.000       0.3296
  83.000       0.4066
  84.000       0.4668
  85.000       0.4451
  86.000       0.3526
  87.000       0.4143
  88.000       0.4683
  89.000       0.4244
  90.000       0.4138
  91.000       0.5048
  92.000       0.5545
  93.000       0.5304
  94.000       0.5560
  95.000       0.6545
  96.000       0.7123
  97.000       1.1615
