#Res             RMSF
 281.000       4.4057
 282.000       2.7541
 283.000       2.3144
 284.000       1.3650
 285.000       1.1758
 286.000       0.9771
 287.000       0.6093
 288.000       0.5048
 289.000       0.5876
 290.000       0.6639
 291.000       0.5923
 292.000       0.5468
 293.000       0.5216
 294.000       0.5535
 295.000       0.4803
 296.000       0.4744
 297.000       0.6263
 298.000       0.7427
 299.000       0.7249
 300.000       0.6510
 301.000       0.9456
 302.000       0.8740
 303.000       0.6985
 304.000       0.6289
 305.000       0.5113
 306.000       0.5584
 307.000       0.6587
 308.000       0.7048
 309.000       0.5352
 310.000       0.5179
 311.000       0.5913
 312.000       0.5527
 313.000       0.4410
 314.000       0.4377
 315.000       0.5143
 316.000       0.5013
 317.000       0.4331
 318.000       0.4700
 319.000       0.4612
 320.000       0.4194
 321.000       0.3671
 322.000       0.4314
 323.000       0.4228
 324.000       0.3827
 325.000       0.4345
 326.000       0.4618
 327.000       0.4254
 328.000       0.3979
 329.000       0.4339
 330.000       0.5075
 331.000       0.4876
 332.000       0.4894
 333.000       0.5863
 334.000       0.6326
 335.000       0.6718
 336.000       0.7035
 337.000       0.6346
 338.000       0.6294
 339.000       0.5494
 340.000       0.4685
 341.000       0.4648
 342.000       0.4710
 343.000       0.4725
 344.000       0.4081
 345.000       0.3980
 346.000       0.4420
 347.000       0.3898
 348.000       0.3813
 349.000       0.4146
 350.000       0.4611
 351.000       0.4827
 352.000       0.5336
 353.000       0.6631
 354.000       0.9500
 355.000       0.9801
 356.000       1.1789
 357.000       0.7652
 358.000       0.5667
 359.000       0.7137
 360.000       0.6105
 361.000       0.5219
 362.000       0.5151
 363.000       0.5685
 364.000       0.5354
 365.000       0.4805
 366.000       0.5423
 367.000       0.5997
 368.000       0.5188
 369.000       0.6013
 370.000       0.7324
 371.000       0.7130
 372.000       0.6672
 373.000       0.9614
 374.000       1.8923
 375.000       3.3726
 376.000       5.4852
