#Res             RMSF
 176.000       3.0684
 177.000       1.8841
 178.000       1.1974
 179.000       0.7005
 180.000       0.5618
 181.000       0.7561
 182.000       0.7302
 183.000       0.5864
 184.000       0.6657
 185.000       0.4915
 186.000       0.5052
 187.000       0.4292
 188.000       0.4832
 189.000       0.4363
 190.000       0.5956
 191.000       0.5233
 192.000       0.4271
 193.000       0.4399
 194.000       0.5489
 195.000       0.5834
 196.000       0.5240
 197.000       0.6486
 198.000       0.8457
 199.000       0.8901
 200.000       1.1013
 201.000       0.6406
 202.000       0.6464
 203.000       0.7184
 204.000       0.5880
 205.000       0.5169
 206.000       0.5205
 207.000       0.6055
 208.000       0.4998
 209.000       0.4253
 210.000       0.4091
 211.000       0.4260
 212.000       0.4445
 213.000       0.4287
 214.000       0.4117
 215.000       0.4413
 216.000       0.4905
 217.000       0.4720
 218.000       0.4711
 219.000       0.5186
 220.000       0.5622
 221.000       0.5419
 222.000       0.5284
 223.000       0.5829
 224.000       0.4837
 225.000       0.4703
 226.000       0.5257
 227.000       0.5127
 228.000       0.4505
 229.000       0.5503
 230.000       0.6503
 231.000       0.6341
 232.000       0.5839
 233.000       0.7946
 234.000       0.8904
 235.000       0.8378
 236.000       0.9004
 237.000       0.6774
 238.000       0.7464
 239.000       0.5815
 240.000       0.4543
 241.000       0.4709
 242.000       0.4775
 243.000       0.5015
 244.000       0.4232
 245.000       0.4535
 246.000       0.5038
 247.000       0.5322
 248.000       0.5688
 249.000       0.6972
 250.000       0.8300
 251.000       1.0339
 252.000       1.1535
 253.000       1.3677
 254.000       1.3193
 255.000       1.2205
 256.000       1.2999
 257.000       1.3169
 258.000       1.2704
 259.000       1.1790
 260.000       1.8957
 261.000       1.4663
 262.000       0.8340
 263.000       0.6634
 264.000       0.5754
 265.000       0.6538
 266.000       0.7839
 267.000       0.8501
 268.000       1.0703
 269.000       0.8861
 270.000       0.9256
 271.000       0.9562
 272.000       0.9731
 273.000       0.9324
 274.000       0.9417
 275.000       1.0897
 276.000       1.0345
 277.000       0.9370
 278.000       1.1294
 279.000       1.5260
 280.000       2.2267
