#Res             RMSF
 662.000       2.2263
 663.000       1.0575
 664.000       1.4398
 665.000       0.6975
 666.000       0.5157
 667.000       0.5898
 668.000       0.6179
 669.000       0.5906
 670.000       0.5603
 671.000       0.5284
 672.000       0.5498
 673.000       0.5117
 674.000       0.5357
 675.000       0.6684
 676.000       0.8133
 677.000       0.7030
 678.000       0.7936
 679.000       0.8603
 680.000       0.9236
 681.000       0.6126
 682.000       0.6340
 683.000       0.5570
 684.000       0.6178
 685.000       0.6726
 686.000       0.7280
 687.000       0.5706
 688.000       0.5099
 689.000       0.5864
 690.000       0.5656
 691.000       0.4722
 692.000       0.4554
 693.000       0.5690
 694.000       0.5200
 695.000       0.4257
 696.000       0.4545
 697.000       0.5149
 698.000       0.4838
 699.000       0.4033
 700.000       0.5129
 701.000       0.5039
 702.000       0.3928
 703.000       0.4257
 704.000       0.4618
 705.000       0.4138
 706.000       0.4153
 707.000       0.4877
 708.000       0.4705
 709.000       0.4264
 710.000       0.4641
 711.000       0.5521
 712.000       0.6933
 713.000       0.7600
 714.000       0.7128
 715.000       0.6203
 716.000       0.6183
 717.000       0.5487
 718.000       0.4646
 719.000       0.4888
 720.000       0.5227
 721.000       0.5293
 722.000       0.4292
 723.000       0.4407
 724.000       0.4924
 725.000       0.4764
 726.000       0.4239
 727.000       0.4623
 728.000       0.5206
 729.000       0.5794
 730.000       0.5765
 731.000       0.6875
 732.000       1.0556
 733.000       1.1406
 734.000       1.2617
 735.000       0.8778
 736.000       0.5622
 737.000       0.6678
 738.000       0.5635
 739.000       0.4503
 740.000       0.4191
 741.000       0.4551
 742.000       0.4470
 743.000       0.4418
 744.000       0.4754
 745.000       0.4720
 746.000       0.4252
 747.000       0.4974
 748.000       0.5699
 749.000       0.5584
 750.000       0.5827
 751.000       0.8820
 752.000       1.8919
 753.000       3.4575
