#Res             RMSF
  98.000       1.1387
  99.000       0.8774
 100.000       0.7973
 101.000       0.6944
 102.000       0.4882
 103.000       0.4618
 104.000       0.4278
 105.000       0.3884
 106.000       0.4413
 107.000       0.3674
 108.000       0.3330
 109.000       0.4036
 110.000       0.3784
 111.000       0.3457
 112.000       0.4114
 113.000       0.4673
 114.000       0.4849
 115.000       0.5187
 116.000       0.4470
 117.000       0.4886
 118.000       0.4414
 119.000       0.4188
 120.000       0.4513
 121.000       0.5218
 122.000       0.5306
 123.000       0.4408
 124.000       0.4553
 125.000       0.5950
 126.000       0.5355
 127.000       0.4192
 128.000       0.5102
 129.000       0.5559
 130.000       0.5132
 131.000       0.4787
 132.000       0.4586
 133.000       0.4956
 134.000       0.4636
 135.000       0.4438
 136.000       0.4472
 137.000       0.4709
 138.000       0.3743
 139.000       0.3517
 140.000       0.3888
 141.000       0.3320
 142.000       0.3019
 143.000       0.3056
 144.000       0.3290
 145.000       0.3243
 146.000       0.3299
 147.000       0.4420
 148.000       0.4875
 149.000       0.4943
 150.000       0.5607
 151.000       0.5323
 152.000       0.6958
 153.000       0.4741
 154.000       0.3754
 155.000       0.4071
 156.000       0.4089
 157.000       0.4225
 158.000       0.3532
 159.000       0.3712
 160.000       0.4004
 161.000       0.3868
 162.000       0.3611
 163.000       0.4386
 164.000       0.4899
 165.000       0.6575
 166.000       0.8683
 167.000       0.9706
 168.000       0.8518
 169.000       0.6566
 170.000       0.5535
 171.000       0.6771
 172.000       0.8185
 173.000       0.6842
 174.000       1.3311
 175.000       2.3750
