#Res             RMSF
 176.000       1.8321
 177.000       1.3733
 178.000       0.8267
 179.000       0.5567
 180.000       0.4872
 181.000       0.6915
 182.000       0.7394
 183.000       0.5903
 184.000       0.6590
 185.000       0.4660
 186.000       0.5082
 187.000       0.4145
 188.000       0.4490
 189.000       0.4066
 190.000       0.5211
 191.000       0.4697
 192.000       0.3837
 193.000       0.3787
 194.000       0.4735
 195.000       0.4768
 196.000       0.4570
 197.000       0.5342
 198.000       0.6557
 199.000       0.6472
 200.000       0.6389
 201.000       0.5731
 202.000       0.5895
 203.000       0.6507
 204.000       0.5490
 205.000       0.5070
 206.000       0.5030
 207.000       0.5775
 208.000       0.4916
 209.000       0.4175
 210.000       0.3690
 211.000       0.4016
 212.000       0.4490
 213.000       0.4100
 214.000       0.3980
 215.000       0.4291
 216.000       0.4778
 217.000       0.4607
 218.000       0.4474
 219.000       0.5082
 220.000       0.5295
 221.000       0.4547
 222.000       0.4661
 223.000       0.5023
 224.000       0.4310
 225.000       0.4386
 226.000       0.5089
 227.000       0.5208
 228.000       0.4137
 229.000       0.5449
 230.000       0.6720
 231.000       0.6413
 232.000       0.5803
 233.000       0.7885
 234.000       0.8888
 235.000       0.8045
 236.000       0.8732
 237.000       0.6684
 238.000       0.7653
 239.000       0.5887
 240.000       0.4420
 241.000       0.4637
 242.000       0.4823
 243.000       0.5191
 244.000       0.4086
 245.000       0.4349
 246.000       0.5183
 247.000       0.5227
 248.000       0.5266
 249.000       0.6697
 250.000       0.8667
 251.000       0.9592
 252.000       0.9544
 253.000       0.9632
 254.000       1.0399
 255.000       1.1609
 256.000       1.2503
 257.000       1.1704
 258.000       1.1611
 259.000       1.0383
 260.000       0.9465
 261.000       1.0039
 262.000       0.8286
 263.000       0.6998
 264.000       0.5517
 265.000       0.6841
 266.000       0.9355
 267.000       1.0252
 268.000       1.3171
 269.000       1.0114
 270.000       0.9165
 271.000       0.9495
 272.000       0.9724
 273.000       0.9240
 274.000       0.9078
 275.000       0.9899
 276.000       0.9482
 277.000       0.8854
 278.000       1.0552
 279.000       1.4807
 280.000       2.1602
