#Res             RMSF
 377.000       2.9519
 378.000       2.1141
 379.000       1.4286
 380.000       0.8676
 381.000       0.5877
 382.000       0.5961
 383.000       0.5593
 384.000       0.5803
 385.000       0.5705
 386.000       0.5580
 387.000       0.5015
 388.000       0.5322
 389.000       0.6017
 390.000       0.4757
 391.000       0.4047
 392.000       0.5354
 393.000       0.4901
 394.000       0.4465
 395.000       0.4833
 396.000       0.5980
 397.000       0.6461
 398.000       0.7476
 399.000       0.7005
 400.000       0.5712
 401.000       0.4797
 402.000       0.4892
 403.000       0.6047
 404.000       0.5582
 405.000       0.5628
 406.000       0.5484
 407.000       0.4288
 408.000       0.4413
 409.000       0.4686
 410.000       0.4249
 411.000       0.3941
 412.000       0.4445
 413.000       0.5089
 414.000       0.5444
 415.000       0.5642
 416.000       0.7471
 417.000       0.9258
 418.000       0.8141
 419.000       0.7603
 420.000       0.7995
 421.000       1.0065
 422.000       0.6691
 423.000       0.6146
 424.000       0.6154
 425.000       0.6454
 426.000       0.7456
 427.000       0.6059
 428.000       0.4925
 429.000       0.4544
 430.000       0.5301
 431.000       0.5546
 432.000       0.4815
 433.000       0.4369
 434.000       0.4980
 435.000       0.4929
 436.000       0.4255
 437.000       0.4507
 438.000       0.4776
 439.000       0.4648
 440.000       0.4112
 441.000       0.3801
 442.000       0.4574
 443.000       0.3774
 444.000       0.3302
 445.000       0.4020
 446.000       0.4152
 447.000       0.3464
 448.000       0.3724
 449.000       0.4368
 450.000       0.3888
 451.000       0.4346
 452.000       0.4861
 453.000       0.4479
 454.000       0.5273
 455.000       0.6180
 456.000       0.4952
 457.000       0.5023
 458.000       0.4021
 459.000       0.3760
 460.000       0.4063
 461.000       0.4238
 462.000       0.4316
 463.000       0.3696
 464.000       0.4454
 465.000       0.5527
 466.000       0.4765
 467.000       0.4996
 468.000       0.5421
 469.000       0.6218
 470.000       0.6080
 471.000       0.8264
 472.000       0.9463
 473.000       1.0326
 474.000       1.2886
 475.000       3.0788
