#Res             RMSF
 476.000       2.9431
 477.000       1.5731
 478.000       1.0948
 479.000       0.9164
 480.000       0.6317
 481.000       0.6135
 482.000       0.8615
 483.000       0.9134
 484.000       0.6891
 485.000       0.5895
 486.000       0.5106
 487.000       0.5205
 488.000       0.5187
 489.000       0.3760
 490.000       0.3822
 491.000       0.4433
 492.000       0.3829
 493.000       0.3479
 494.000       0.4285
 495.000       0.4614
 496.000       0.4665
 497.000       0.5182
 498.000       0.4371
 499.000       0.5069
 500.000       0.4484
 501.000       0.4131
 502.000       0.4444
 503.000       0.5354
 504.000       0.5063
 505.000       0.3876
 506.000       0.4531
 507.000       0.5663
 508.000       0.4979
 509.000       0.4399
 510.000       0.5156
 511.000       0.5196
 512.000       0.4526
 513.000       0.4372
 514.000       0.4771
 515.000       0.5005
 516.000       0.4508
 517.000       0.4481
 518.000       0.4970
 519.000       0.5134
 520.000       0.3897
 521.000       0.3509
 522.000       0.4023
 523.000       0.3533
 524.000       0.3429
 525.000       0.3562
 526.000       0.3694
 527.000       0.3943
 528.000       0.4071
 529.000       0.5266
 530.000       0.5719
 531.000       0.5826
 532.000       0.6486
 533.000       0.5235
 534.000       0.6758
 535.000       0.4894
 536.000       0.4273
 537.000       0.4821
 538.000       0.5306
 539.000       0.5139
 540.000       0.4117
 541.000       0.4351
 542.000       0.4743
 543.000       0.4407
 544.000       0.3776
 545.000       0.4504
 546.000       0.5051
 547.000       0.7111
 548.000       1.0197
 549.000       0.9976
 550.000       0.7463
 551.000       0.8864
 552.000       0.6427
 553.000       0.6611
 554.000       0.9009
 555.000       0.9896
 556.000       2.2714
 557.000       4.2307
