#Res             RMSF
 558.000       1.5502
 559.000       1.0252
 560.000       0.7239
 561.000       0.5969
 562.000       0.7682
 563.000       0.7932
 564.000       0.6177
 565.000       0.6746
 566.000       0.5126
 567.000       0.5598
 568.000       0.4597
 569.000       0.5808
 570.000       0.4606
 571.000       0.6232
 572.000       0.6117
 573.000       0.4786
 574.000       0.4961
 575.000       0.6188
 576.000       0.5979
 577.000       0.5206
 578.000       0.7323
 579.000       0.8850
 580.000       0.8938
 581.000       0.9371
 582.000       0.7213
 583.000       0.8108
 584.000       0.8119
 585.000       0.6605
 586.000       0.5786
 587.000       0.6350
 588.000       0.7093
 589.000       0.5761
 590.000       0.4922
 591.000       0.4330
 592.000       0.4497
 593.000       0.4736
 594.000       0.4521
 595.000       0.4035
 596.000       0.4292
 597.000       0.4572
 598.000       0.4382
 599.000       0.4078
 600.000       0.4612
 601.000       0.5123
 602.000       0.4968
 603.000       0.5495
 604.000       0.6539
 605.000       0.5804
 606.000       0.5309
 607.000       0.6839
 608.000       0.7250
 609.000       0.5966
 610.000       0.5825
 611.000       0.7562
 612.000       0.7982
 613.000       0.6609
 614.000       0.8402
 615.000       1.0612
 616.000       0.9915
 617.000       0.9475
 618.000       0.7800
 619.000       0.8391
 620.000       0.6653
 621.000       0.5880
 622.000       0.7948
 623.000       0.9218
 624.000       0.9642
 625.000       0.7924
 626.000       0.8258
 627.000       1.1455
 628.000       1.1800
 629.000       1.0113
 630.000       1.2382
 631.000       1.4771
 632.000       1.5089
 633.000       1.3837
 634.000       1.6693
 635.000       1.5054
 636.000       1.3158
 637.000       1.6128
 638.000       1.9163
 639.000       1.4663
 640.000       1.1846
 641.000       2.0559
 642.000       0.9965
 643.000       0.8507
 644.000       0.8314
 645.000       1.0447
 646.000       1.4543
 647.000       1.7756
 648.000       1.7307
 649.000       1.4073
 650.000       1.8469
 651.000       1.6166
 652.000       1.1171
 653.000       1.1600
 654.000       1.1166
 655.000       1.1327
 656.000       1.1898
 657.000       1.1405
 658.000       1.0654
 659.000       1.1818
 660.000       1.5839
 661.000       2.3141
