#Res             RMSF
 558.000       1.5784
 559.000       1.0893
 560.000       0.7659
 561.000       0.6124
 562.000       0.7572
 563.000       0.7781
 564.000       0.5903
 565.000       0.6546
 566.000       0.5065
 567.000       0.5691
 568.000       0.4839
 569.000       0.6221
 570.000       0.5038
 571.000       0.7072
 572.000       0.7257
 573.000       0.5228
 574.000       0.5513
 575.000       0.7418
 576.000       0.6851
 577.000       0.5491
 578.000       0.8206
 579.000       0.9880
 580.000       0.9816
 581.000       1.1190
 582.000       0.7920
 583.000       0.8941
 584.000       0.8892
 585.000       0.7200
 586.000       0.6380
 587.000       0.6764
 588.000       0.7196
 589.000       0.6105
 590.000       0.5187
 591.000       0.4523
 592.000       0.4837
 593.000       0.5041
 594.000       0.4739
 595.000       0.4141
 596.000       0.4234
 597.000       0.4682
 598.000       0.4547
 599.000       0.4142
 600.000       0.4640
 601.000       0.5295
 602.000       0.5192
 603.000       0.5631
 604.000       0.6672
 605.000       0.5795
 606.000       0.5373
 607.000       0.6163
 608.000       0.6283
 609.000       0.5386
 610.000       0.5590
 611.000       0.7058
 612.000       0.7224
 613.000       0.6350
 614.000       0.8559
 615.000       1.0195
 616.000       0.9176
 617.000       0.9729
 618.000       0.7837
 619.000       0.7999
 620.000       0.5970
 621.000       0.5455
 622.000       0.6704
 623.000       0.7410
 624.000       0.7048
 625.000       0.6409
 626.000       0.7089
 627.000       0.8266
 628.000       0.8278
 629.000       0.9006
 630.000       1.1847
 631.000       1.2910
 632.000       1.3139
 633.000       1.2354
 634.000       1.6517
 635.000       1.3393
 636.000       1.4115
 637.000       1.8430
 638.000       2.0815
 639.000       1.4390
 640.000       1.1418
 641.000       2.2634
 642.000       0.9120
 643.000       0.9166
 644.000       0.8991
 645.000       1.1284
 646.000       1.5521
 647.000       1.9091
 648.000       1.9000
 649.000       1.4317
 650.000       1.9731
 651.000       1.5516
 652.000       1.0441
 653.000       1.0721
 654.000       1.0836
 655.000       1.1008
 656.000       1.1698
 657.000       1.1678
 658.000       1.0844
 659.000       1.1742
 660.000       1.5601
 661.000       2.3458
