#Res             RMSF
 558.000       1.1578
 559.000       0.7761
 560.000       0.5935
 561.000       0.5225
 562.000       0.6953
 563.000       0.7167
 564.000       0.5865
 565.000       0.6249
 566.000       0.4733
 567.000       0.5129
 568.000       0.4163
 569.000       0.4470
 570.000       0.4037
 571.000       0.4973
 572.000       0.4559
 573.000       0.4073
 574.000       0.4024
 575.000       0.4413
 576.000       0.4707
 577.000       0.4819
 578.000       0.5999
 579.000       0.7359
 580.000       0.8302
 581.000       0.7176
 582.000       0.6148
 583.000       0.7000
 584.000       0.7092
 585.000       0.5801
 586.000       0.4941
 587.000       0.5614
 588.000       0.6769
 589.000       0.5373
 590.000       0.4463
 591.000       0.3925
 592.000       0.4118
 593.000       0.4315
 594.000       0.4162
 595.000       0.3806
 596.000       0.4163
 597.000       0.4299
 598.000       0.4150
 599.000       0.3940
 600.000       0.4403
 601.000       0.4742
 602.000       0.4633
 603.000       0.5164
 604.000       0.5894
 605.000       0.5196
 606.000       0.4956
 607.000       0.6397
 608.000       0.6229
 609.000       0.5242
 610.000       0.5359
 611.000       0.6301
 612.000       0.6619
 613.000       0.5939
 614.000       0.7348
 615.000       0.8969
 616.000       0.8817
 617.000       0.8711
 618.000       0.7338
 619.000       0.8284
 620.000       0.6484
 621.000       0.5537
 622.000       0.7066
 623.000       0.7375
 624.000       0.8319
 625.000       0.7144
 626.000       0.6942
 627.000       0.9351
 628.000       1.0234
 629.000       0.8877
 630.000       1.0096
 631.000       1.2806
 632.000       1.4066
 633.000       1.3183
 634.000       1.5551
 635.000       1.5826
 636.000       1.1458
 637.000       0.9912
 638.000       1.2584
 639.000       1.1426
 640.000       0.9429
 641.000       1.2760
 642.000       1.0113
 643.000       0.6600
 644.000       0.6311
 645.000       0.7214
 646.000       0.8364
 647.000       0.9088
 648.000       0.9194
 649.000       0.9381
 650.000       0.9266
 651.000       1.0304
 652.000       0.9498
 653.000       1.0386
 654.000       1.0182
 655.000       1.1115
 656.000       1.1377
 657.000       1.0647
 658.000       0.9424
 659.000       1.0683
 660.000       1.5621
 661.000       2.2935
