#Res             RMSF
 662.000       2.4959
 663.000       0.9764
 664.000       1.3424
 665.000       0.6263
 666.000       0.4698
 667.000       0.5149
 668.000       0.5370
 669.000       0.5182
 670.000       0.4939
 671.000       0.4766
 672.000       0.5038
 673.000       0.4694
 674.000       0.4946
 675.000       0.6297
 676.000       0.7438
 677.000       0.6962
 678.000       0.7161
 679.000       0.7994
 680.000       0.8838
 681.000       0.6269
 682.000       0.6106
 683.000       0.5400
 684.000       0.6345
 685.000       0.7042
 686.000       0.7681
 687.000       0.5599
 688.000       0.4925
 689.000       0.5718
 690.000       0.5365
 691.000       0.4559
 692.000       0.4341
 693.000       0.5238
 694.000       0.5020
 695.000       0.4190
 696.000       0.4409
 697.000       0.4793
 698.000       0.4544
 699.000       0.3807
 700.000       0.4542
 701.000       0.4466
 702.000       0.3839
 703.000       0.4105
 704.000       0.4487
 705.000       0.4022
 706.000       0.4020
 707.000       0.4585
 708.000       0.4390
 709.000       0.4154
 710.000       0.4605
 711.000       0.5249
 712.000       0.6313
 713.000       0.7143
 714.000       0.6886
 715.000       0.5925
 716.000       0.6007
 717.000       0.5206
 718.000       0.4307
 719.000       0.4610
 720.000       0.4904
 721.000       0.4854
 722.000       0.4077
 723.000       0.4132
 724.000       0.4491
 725.000       0.4259
 726.000       0.3975
 727.000       0.4467
 728.000       0.5109
 729.000       0.5299
 730.000       0.5331
 731.000       0.6073
 732.000       0.9203
 733.000       0.9977
 734.000       1.1272
 735.000       0.7805
 736.000       0.5398
 737.000       0.6561
 738.000       0.5553
 739.000       0.4385
 740.000       0.4300
 741.000       0.4665
 742.000       0.4420
 743.000       0.4269
 744.000       0.4740
 745.000       0.4763
 746.000       0.4257
 747.000       0.4749
 748.000       0.5581
 749.000       0.5590
 750.000       0.5553
 751.000       0.8099
 752.000       1.8957
 753.000       3.4376
