#Res             RMSF
   1.000       3.1449
   2.000       2.0549
   3.000       0.8536
   4.000       0.5748
   5.000       0.5538
   6.000       0.5186
   7.000       0.5112
   8.000       0.4925
   9.000       0.4618
  10.000       0.4326
  11.000       0.4864
  12.000       0.5128
  13.000       0.4357
  14.000       0.4039
  15.000       0.5190
  16.000       0.4833
  17.000       0.4563
  18.000       0.5043
  19.000       0.5953
  20.000       0.6355
  21.000       0.7701
  22.000       0.6591
  23.000       0.5516
  24.000       0.4578
  25.000       0.4395
  26.000       0.5508
  27.000       0.4916
  28.000       0.4782
  29.000       0.4981
  30.000       0.4245
  31.000       0.4342
  32.000       0.4745
  33.000       0.4602
  34.000       0.3709
  35.000       0.4668
  36.000       0.5260
  37.000       0.4630
  38.000       0.4652
  39.000       0.5876
  40.000       0.7327
  41.000       0.6653
  42.000       0.6950
  43.000       0.7656
  44.000       0.9364
  45.000       0.6151
  46.000       0.6484
  47.000       0.5741
  48.000       0.5790
  49.000       0.6151
  50.000       0.5656
  51.000       0.4543
  52.000       0.3917
  53.000       0.4290
  54.000       0.4152
  55.000       0.3431
  56.000       0.3387
  57.000       0.4293
  58.000       0.4000
  59.000       0.3822
  60.000       0.3859
  61.000       0.4267
  62.000       0.4310
  63.000       0.3953
  64.000       0.3742
  65.000       0.4471
  66.000       0.3567
  67.000       0.3225
  68.000       0.3797
  69.000       0.3510
  70.000       0.3133
  71.000       0.3545
  72.000       0.4243
  73.000       0.3793
  74.000       0.3873
  75.000       0.4711
  76.000       0.4830
  77.000       0.5061
  78.000       0.5795
  79.000       0.4524
  80.000       0.4990
  81.000       0.4089
  82.000       0.3351
  83.000       0.4207
  84.000       0.4824
  85.000       0.4584
  86.000       0.3594
  87.000       0.4288
  88.000       0.4841
  89.000       0.4281
  90.000       0.4284
  91.000       0.5418
  92.000       0.5884
  93.000       0.5480
  94.000       0.6002
  95.000       0.7027
  96.000       0.7326
  97.000       1.2442
