#Res             RMSF
 558.000       1.0034
 559.000       0.6734
 560.000       0.5567
 561.000       0.4973
 562.000       0.6701
 563.000       0.6927
 564.000       0.5742
 565.000       0.6263
 566.000       0.4783
 567.000       0.5112
 568.000       0.4063
 569.000       0.4235
 570.000       0.3985
 571.000       0.4887
 572.000       0.4290
 573.000       0.4040
 574.000       0.4018
 575.000       0.4259
 576.000       0.4546
 577.000       0.4691
 578.000       0.5605
 579.000       0.6907
 580.000       0.7727
 581.000       0.6964
 582.000       0.6090
 583.000       0.6917
 584.000       0.6958
 585.000       0.5695
 586.000       0.4821
 587.000       0.5556
 588.000       0.6769
 589.000       0.5252
 590.000       0.4408
 591.000       0.3889
 592.000       0.3981
 593.000       0.4241
 594.000       0.4141
 595.000       0.3781
 596.000       0.4216
 597.000       0.4417
 598.000       0.4201
 599.000       0.3996
 600.000       0.4458
 601.000       0.4774
 602.000       0.4679
 603.000       0.5146
 604.000       0.5857
 605.000       0.5071
 606.000       0.4973
 607.000       0.6294
 608.000       0.5821
 609.000       0.4830
 610.000       0.5126
 611.000       0.5651
 612.000       0.6010
 613.000       0.5501
 614.000       0.6833
 615.000       0.8335
 616.000       0.8489
 617.000       0.8507
 618.000       0.7391
 619.000       0.8419
 620.000       0.6532
 621.000       0.5496
 622.000       0.6691
 623.000       0.6598
 624.000       0.7352
 625.000       0.6569
 626.000       0.6519
 627.000       0.8205
 628.000       0.8375
 629.000       0.7825
 630.000       0.9912
 631.000       1.2168
 632.000       1.2800
 633.000       1.3058
 634.000       1.5950
 635.000       1.6451
 636.000       1.1571
 637.000       0.9900
 638.000       1.2564
 639.000       1.1453
 640.000       0.9331
 641.000       1.2229
 642.000       1.0296
 643.000       0.6568
 644.000       0.6246
 645.000       0.6875
 646.000       0.7823
 647.000       0.8418
 648.000       0.8524
 649.000       0.8839
 650.000       0.7963
 651.000       0.7887
 652.000       0.8602
 653.000       0.9478
 654.000       0.9933
 655.000       1.1041
 656.000       1.1353
 657.000       1.0586
 658.000       0.9168
 659.000       1.0423
 660.000       1.4609
 661.000       2.2161
