0 2
1 2
2 2
3 1
4 2
5 2
6 2
7 2
8 2
9 2
10 2
11 2
12 2
13 2
14 1
15 2
16 3
17 3
18 3
19 2
20 2
21 2
22 2
23 2
24 2
25 2
26 2
27 2
28 2
29 3
30 2
31 0
32 2
33 0
34 1
35 2
36 2
37 2
38 1
39 1
40 2
41 2
42 2
43 1
44 2
45 2
46 2
47 2
48 2
49 2
50 2
51 2
52 2
53 2
54 2
55 2
56 1
57 2
58 1
59 2
60 1
61 2
62 2
63 2
64 2
65 2
66 2
67 2
68 2
69 1
70 2
71 2
72 2
73 2
74 1
75 2
76 2
77 2
78 2
79 2
80 2
81 2
82 2
83 1
84 2
85 2
86 1
87 2
88 2
89 3
90 1
91 1
92 2
93 1
94 2
95 2
96 1
97 2
98 1
99 2
100 2
101 2
102 2
103 2
104 2
105 2
106 2
107 2
108 2
109 2
110 3
111 2
112 2
113 2
114 2
115 1
116 2
117 2
118 1
119 2
120 2
121 2
122 2
123 1
124 1
125 2
126 1
127 2
128 1
129 2
130 2
131 2
132 2
133 2
134 3
135 2
136 2
137 2
138 1
139 2
140 2
141 2
142 3
143 1
144 2
145 2
146 2
147 2
148 1
149 2
150 3
151 2
152 2
153 2
154 2
155 2
156 2
157 2
158 2
159 2
160 1
161 2
162 2
163 1
164 1
165 2
166 1
167 2
168 3
169 2
170 2
171 1
172 1
173 2
174 1
175 1
176 2
177 2
178 2
179 2
180 2
181 2
182 2
183 2
184 2
185 2
186 2
187 2
188 2
189 2
190 2
191 2
192 2
193 2
194 2
195 2
196 1
197 2
198 2
199 2
200 1
201 2
202 2
203 1
204 2
205 2
206 2
207 2
208 2
209 2
210 2
211 2
212 2
213 1
214 2
215 1
216 1
217 2
218 2
219 2
220 2
221 3
222 2
223 2
224 2
225 2
226 1
227 2
228 2
229 2
230 2
231 1
232 3
233 1
234 2
235 2
236 2
237 4
238 2
239 2
240 1
241 2
242 2
243 1
244 3
245 2
246 2
247 1
248 3
249 2
250 2
251 1
252 2
253 2
254 1
255 2
256 2
257 2
258 2
259 2
260 3
261 1
262 1
263 2
264 2
265 1
266 2
267 2
268 2
269 2
270 2
271 2
272 1
273 2
274 2
275 2
276 1
277 1
278 2
279 2
280 1
281 2
282 2
283 2
284 1
285 1
286 3
287 2
288 2
289 2
290 2
291 2
292 2
293 1
294 2
295 2
296 0
297 1
298 1
299 2
300 2
301 2
302 1
303 1
304 2
305 2
306 2
307 1
308 2
309 2
310 2
311 2
312 1
313 2
314 2
315 2
316 1
317 2
318 2
319 2
320 2
321 2
322 2
323 2
324 4
325 2
326 2
327 2
328 3
329 2
330 2
331 2
332 3
333 2
334 2
335 2
336 2
337 1
338 3
339 1
340 2
341 2
342 2
343 2
344 2
345 2
346 2
347 2
348 2
349 2
350 2
351 1
352 1
353 2
354 2
355 2
356 2
357 2
358 2
359 2
360 2
361 3
362 3
363 1
364 2
365 2
366 2
367 2
368 2
369 1
370 1
371 1
372 2
373 2
374 2
375 1
376 2
377 2
378 2
379 2
380 2
381 2
382 2
383 2
384 2
385 1
386 3
387 3
388 2
389 1
390 1
391 1
392 2
393 1
394 2
395 2
396 2
397 2
398 2
399 2
400 2
