#Frame      end1_rmsd
       1       0.0000
       2       1.9080
       3       1.5962
       4       2.3623
       5       2.0771
       6       2.5418
       7       2.5852
       8       1.9785
       9       2.2942
      10       1.9015
      11       1.8048
      12       3.1799
      13       1.8576
      14       2.0956
      15       1.8624
      16       2.9164
      17       1.6656
      18       2.1912
      19       3.0293
      20       3.7491
      21       3.2026
      22       2.4028
      23       3.7865
      24       3.4575
      25       2.8091
      26       2.4453
      27       2.0791
      28       1.9415
      29       1.6727
      30       3.0581
      31       1.9973
      32       1.6171
      33       1.9478
      34       1.4345
      35       1.9704
      36       3.3056
      37       1.9853
      38       2.1283
      39       2.5189
      40       2.9829
      41       2.3897
      42       3.1283
      43       3.8088
      44       3.5251
      45       3.8128
      46       2.4689
      47       3.1049
      48       2.0237
      49       2.0397
      50       2.2335
      51       2.5184
      52       2.5105
      53       3.0175
      54       3.4533
      55       2.2934
      56       2.1348
      57       1.4120
      58       2.1869
      59       1.6761
      60       1.9005
      61       3.2824
      62       3.5609
      63       3.2939
      64       2.6463
      65       3.0237
      66       2.6561
      67       2.4824
      68       2.4933
      69       1.8375
      70       2.2726
      71       2.1776
      72       3.3978
      73       3.1887
      74       3.2712
      75       4.7517
      76       5.6527
      77       2.8178
      78       3.0606
      79       3.4107
      80       2.5475
      81       3.3251
      82       3.0998
      83       2.2208
      84       3.7975
      85       2.0164
      86       2.3385
      87       3.0553
      88       2.1009
      89       3.0705
      90       3.4766
      91       3.0596
      92       2.7957
      93       2.5511
      94       3.1414
      95       3.1474
      96       2.9389
      97       2.3107
      98       3.2101
      99       2.8203
     100       2.0684
     101       2.1065
     102       2.3182
     103       2.8248
     104       2.2713
     105       2.5183
     106       2.4352
     107       2.4838
     108       3.7199
     109       3.1507
     110       3.1511
     111       2.8860
     112       2.7515
     113       2.2462
     114       3.9009
     115       2.4752
     116       2.6675
     117       2.5344
     118       2.9737
     119       2.0685
     120       2.0329
     121       1.8272
     122       1.7181
     123       1.9677
     124       2.2895
     125       2.0928
     126       1.9102
     127       1.9975
     128       1.7272
     129       2.0227
     130       2.9496
     131       4.1865
     132       2.5617
     133       2.5904
     134       1.7335
     135       3.1605
     136       3.1060
     137       3.3779
     138       3.1912
     139       3.8840
     140       3.7402
     141       3.2166
     142       2.3678
     143       1.5029
     144       2.5937
     145       2.4661
     146       2.2601
     147       1.9165
     148       2.3593
     149       2.4640
     150       1.9581
     151       1.8809
     152       2.2238
     153       1.8067
     154       2.4952
     155       1.5155
     156       3.0171
     157       2.3378
     158       4.2549
     159       2.8856
     160       2.4571
     161       2.4121
     162       2.0971
     163       2.7799
     164       2.1982
     165       2.5732
     166       2.1209
     167       2.4034
     168       2.5056
     169       3.9128
     170       3.1259
     171       2.2576
     172       3.0497
     173       2.5128
     174       2.3923
     175       2.3044
     176       3.0370
     177       2.1839
     178       2.8216
     179       2.5774
     180       2.7586
     181       2.9982
     182       2.3942
     183       3.4083
     184       3.6172
     185       2.6656
     186       2.9693
     187       2.4956
     188       3.2757
     189       2.5534
     190       3.2045
     191       3.2677
     192       2.7147
     193       2.9029
     194       3.5536
     195       2.5197
     196       3.6306
     197       2.7901
     198       4.6089
     199       2.2832
     200       2.3186
     201       2.3127
     202       2.9639
     203       2.7467
     204       3.9968
     205       4.3284
     206       4.1539
     207       2.3601
     208       2.9448
     209       2.2226
     210       2.3844
     211       2.2108
     212       2.0592
     213       2.0857
     214       2.2356
     215       2.7455
     216       2.4694
     217       2.7965
     218       3.0404
     219       3.0585
     220       4.8742
     221       2.9756
     222       2.6606
     223       3.9267
     224       3.5860
     225       3.6649
     226       3.1964
     227       2.3504
     228       2.3740
     229       2.7322
     230       2.0226
     231       1.9978
     232       3.0988
     233       2.6729
     234       3.5310
     235       2.8881
     236       3.7911
     237       3.9280
     238       2.9137
     239       2.4170
     240       4.4435
     241       3.8926
     242       3.5049
     243       4.5186
     244       4.6840
     245       3.1336
     246       4.0666
     247       4.1576
     248       3.5099
     249       3.8002
     250       3.3959
     251       2.9179
     252       2.9777
     253       4.3118
     254       4.6741
     255       4.5110
     256       4.3575
     257       4.7884
     258       4.0937
     259       5.2038
     260       5.1623
     261       4.8551
     262       5.1184
     263       4.9657
     264       3.3828
     265       4.2847
     266       3.6137
     267       4.5138
     268       2.0717
     269       2.8000
     270       2.4942
     271       4.8406
     272       3.4447
     273       4.8986
     274       4.0581
     275       3.4945
     276       2.4312
     277       2.6227
     278       2.0603
     279       3.2796
     280       2.4987
     281       2.4798
     282       1.7886
     283       2.9576
     284       3.2089
     285       2.1848
     286       2.8365
     287       3.0088
     288       2.5508
     289       3.1175
     290       3.2801
     291       2.3777
     292       2.4015
     293       3.2411
     294       3.1484
     295       3.6389
     296       4.0045
     297       2.5525
     298       2.9221
     299       1.9485
     300       3.0978
     301       2.6923
     302       3.2450
     303       2.0322
     304       3.9340
     305       2.9015
     306       1.5551
     307       2.0724
     308       2.5702
     309       1.8191
     310       1.7323
     311       2.6210
     312       2.4906
     313       2.5173
     314       1.5427
     315       2.8905
     316       2.9859
     317       2.4503
     318       2.1972
     319       2.7912
     320       2.7555
     321       2.7538
     322       2.5398
     323       2.0011
     324       3.0374
     325       2.4786
     326       2.6697
     327       1.8278
     328       2.7461
     329       3.3807
     330       1.9943
     331       1.5714
     332       2.7950
     333       2.2613
     334       2.3731
     335       2.7811
     336       3.7627
     337       2.7817
     338       2.6458
     339       2.8799
     340       3.6391
     341       3.9145
     342       1.9883
     343       2.3096
     344       1.7116
     345       1.8711
     346       2.3483
     347       3.2199
     348       2.5091
     349       3.0173
     350       2.7870
     351       2.3502
     352       2.5961
     353       3.6443
     354       2.5389
     355       3.0800
     356       2.1960
     357       2.4108
     358       2.6716
     359       3.4335
     360       4.0866
     361       3.0204
     362       2.7490
     363       3.5726
     364       3.5767
     365       3.3966
     366       2.7041
     367       3.9855
     368       2.3332
     369       3.1636
     370       3.9438
     371       3.5221
     372       2.6139
     373       3.2312
     374       3.6688
     375       3.4861
     376       2.6547
     377       2.8912
     378       3.8498
     379       3.6717
     380       2.3808
     381       2.2986
     382       2.9262
     383       3.3506
     384       3.4534
     385       3.7596
     386       4.1842
     387       4.2164
     388       3.1253
     389       2.6978
     390       2.2104
     391       3.2086
     392       3.3824
     393       2.9584
     394       3.9957
     395       3.5570
     396       3.3306
     397       3.5257
     398       2.5428
     399       3.6876
     400       3.1702
