#Frame      end2_rmsd
       1       0.0000
       2       1.7974
       3       2.0697
       4       1.8002
       5       2.8464
       6       2.1257
       7       1.7480
       8       1.4195
       9       3.0652
      10       1.8436
      11       2.6877
      12       3.7530
      13       2.1128
      14       2.4805
      15       1.8026
      16       3.2602
      17       2.6049
      18       5.0946
      19       4.1645
      20       4.6645
      21       5.3076
      22       5.9142
      23       5.3467
      24       7.6309
      25       6.2533
      26       7.6789
      27       7.9630
      28       5.6901
      29       6.8820
      30       4.7677
      31       8.1449
      32       7.9459
      33       7.1105
      34       3.7812
      35       4.1288
      36       4.0190
      37       3.6133
      38       3.3736
      39       2.8141
      40       3.5958
      41       3.2723
      42       4.0067
      43       5.2431
      44       4.9419
      45       4.5938
      46       5.8262
      47       5.7580
      48       4.7257
      49       6.0663
      50       6.7630
      51       5.3088
      52       5.9145
      53       5.6327
      54       4.0955
      55       6.7612
      56       6.8939
      57       6.3784
      58       6.3536
      59       7.7777
      60       7.2194
      61       4.6578
      62       4.8508
      63       8.9662
      64      10.1429
      65       8.8134
      66       5.6021
      67       5.0470
      68       5.1059
      69       6.9354
      70       6.2209
      71       6.8179
      72       7.1733
      73       7.1356
      74       8.3376
      75       8.3407
      76      10.1430
      77       8.3543
      78       8.1196
      79       8.7008
      80       9.3663
      81       6.2483
      82       6.9815
      83       6.8111
      84      10.9029
      85      12.4644
      86      10.4622
      87       8.6257
      88       8.0702
      89       7.4160
      90       6.7449
      91       6.8236
      92       5.9959
      93       8.9292
      94       8.4298
      95       7.4455
      96       4.2384
      97       5.1781
      98       5.3496
      99       4.9500
     100       6.8654
     101       8.0738
     102       7.0313
     103       6.6549
     104       7.0133
     105       6.6525
     106       6.2825
     107       4.8538
     108       6.4692
     109       5.5443
     110       5.2134
     111       5.3712
     112       4.8684
     113       5.7633
     114       6.4982
     115       5.9752
     116       5.5367
     117       5.8365
     118       5.9862
     119       4.9253
     120       4.3440
     121       4.7812
     122       5.0251
     123       5.3840
     124       5.7068
     125       5.9803
     126       4.9574
     127       6.0815
     128       5.1837
     129       5.9980
     130       4.0030
     131       4.9987
     132       5.4846
     133       8.0367
     134      10.1777
     135       8.1558
     136       8.2820
     137       7.7313
     138       7.6195
     139       7.7377
     140       7.8799
     141       7.9101
     142       7.1134
     143       9.0360
     144       7.7075
     145       8.7609
     146       6.0250
     147       7.4261
     148       8.0425
     149       7.4002
     150       8.7449
     151       8.7953
     152       9.2769
     153       8.9485
     154       8.3635
     155       9.0708
     156       8.8396
     157       9.3241
     158       9.1129
     159       9.0745
     160      10.4673
     161      12.1153
     162       9.8090
     163      11.8123
     164      11.4151
     165      13.3444
     166      13.8740
     167      12.4410
     168      13.8917
     169      13.8863
     170      14.7258
     171      13.6214
     172      13.7969
     173      13.8011
     174      13.1291
     175      14.8658
     176      13.6372
     177      13.9189
     178       9.8324
     179      11.6786
     180      11.1590
     181      11.7532
     182      10.4324
     183      10.4015
     184       9.7163
     185      13.1572
     186      12.1579
     187      10.1701
     188      10.3132
     189      13.1562
     190      12.8126
     191       9.6585
     192      10.4128
     193      11.0530
     194       9.5767
     195       8.8612
     196      10.8461
     197       9.4168
     198       9.8576
     199      10.0266
     200       8.3503
     201       6.0533
     202       5.4352
     203       4.6673
     204       5.4872
     205       5.3575
     206       6.6960
     207       9.4887
     208       6.8226
     209       7.0143
     210       4.5553
     211       7.2425
     212       5.4830
     213       6.7801
     214       4.7383
     215       5.0581
     216       7.4599
     217       7.6808
     218       6.6573
     219       8.3655
     220       5.8369
     221       5.2008
     222       7.0058
     223       5.9412
     224       3.8647
     225       6.7612
     226       6.5843
     227       6.4615
     228       5.4417
     229       4.7867
     230       5.2223
     231       5.1000
     232       5.1709
     233       5.0056
     234       6.6271
     235       8.1793
     236       5.7654
     237       6.2593
     238       4.8098
     239       4.1072
     240       4.9980
     241       4.2329
     242       4.6791
     243       4.7389
     244       5.1465
     245       6.7916
     246       4.5254
     247       6.1138
     248       5.5741
     249       5.1831
     250       5.0459
     251       4.2970
     252       7.2287
     253       5.5212
     254       5.1850
     255       5.7312
     256       6.0039
     257       7.2046
     258       6.8430
     259       5.1343
     260       4.3882
     261       4.7962
     262       4.9785
     263       4.1428
     264       4.9893
     265       5.2166
     266       7.3208
     267       7.8500
     268       4.8121
     269       5.9594
     270       4.7278
     271       3.3168
     272       3.0901
     273       4.0704
     274       4.8526
     275       7.7000
     276       5.3178
     277       5.7464
     278       5.0186
     279       7.4348
     280       5.5529
     281       5.8666
     282       4.6908
     283       4.1582
     284       3.2933
     285       3.9852
     286       4.3766
     287       4.0533
     288       3.1606
     289       3.2150
     290       3.3989
     291       2.8546
     292       3.1933
     293       4.6898
     294       4.6866
     295       5.0026
     296       2.7958
     297       3.2170
     298       5.1106
     299       4.3494
     300       5.5964
     301       5.4500
     302       6.6529
     303       6.1175
     304       3.9694
     305       2.5388
     306       3.2877
     307       3.4869
     308       4.2533
     309       4.2881
     310       4.7440
     311       4.9478
     312       5.5342
     313       5.5898
     314       7.0977
     315       5.7546
     316       6.0993
     317       4.4599
     318       5.0390
     319       7.1637
     320       6.4523
     321       4.8973
     322       3.9460
     323       6.4185
     324       5.5007
     325       4.2808
     326       2.0370
     327       2.2356
     328       2.8675
     329       4.2761
     330       3.4336
     331       3.8572
     332       4.1230
     333       4.0441
     334       2.7208
     335       4.2191
     336       3.6955
     337       4.2002
     338       2.9932
     339       3.6679
     340       3.9739
     341       4.2580
     342       4.9444
     343       4.2335
     344       5.2413
     345       5.4372
     346       3.2883
     347       5.6719
     348       3.7189
     349       3.5575
     350       5.0314
     351       4.1589
     352       5.3947
     353       5.0841
     354       6.8211
     355       6.7468
     356       5.5349
     357       3.7640
     358       4.8402
     359       5.7211
     360       4.2275
     361       5.2638
     362       5.2875
     363       4.4636
     364       4.8169
     365       4.4487
     366       4.6547
     367       4.0169
     368       3.9427
     369       3.1405
     370       3.6157
     371       3.4817
     372       3.8877
     373       4.8163
     374       3.4426
     375       3.8830
     376       4.6144
     377       2.6356
     378       3.4375
     379       2.4937
     380       2.7342
     381       3.3572
     382       3.9802
     383       3.8536
     384       3.6219
     385       5.0364
     386       5.7616
     387       4.3900
     388       3.2436
     389       3.6958
     390       4.1768
     391       4.0985
     392       5.2934
     393       4.2229
     394       4.7597
     395       4.8454
     396       6.5925
     397       4.8651
     398       6.9774
     399       6.6600
     400       6.3122
