#Frame      end1_rmsd
       1       0.0000
       2       2.7229
       3       2.1118
       4       2.6669
       5       3.0200
       6       2.8808
       7       3.9249
       8       3.6282
       9       2.5156
      10       3.1022
      11       3.6225
      12       3.3452
      13       3.1281
      14       3.3284
      15       3.5343
      16       3.2597
      17       3.3403
      18       2.0340
      19       2.6067
      20       3.3672
      21       3.3689
      22       3.0744
      23       3.7960
      24       3.5575
      25       3.0592
      26       3.0871
      27       3.1025
      28       2.8153
      29       3.9742
      30       4.1061
      31       3.8845
      32       2.3901
      33       2.7993
      34       3.1470
      35       3.2932
      36       2.9716
      37       3.6264
      38       3.2384
      39       4.5052
      40       4.2326
      41       4.0422
      42       4.4933
      43       4.6012
      44       3.9536
      45       3.2041
      46       4.3177
      47       2.9813
      48       4.0699
      49       2.9735
      50       3.8799
      51       2.4254
      52       2.3017
      53       2.0563
      54       3.0847
      55       3.5403
      56       3.3533
      57       2.5805
      58       3.1036
      59       3.2029
      60       4.1347
      61       2.1985
      62       2.8614
      63       2.6979
      64       2.5528
      65       3.0470
      66       4.3559
      67       4.2927
      68       3.7011
      69       3.0547
      70       2.1869
      71       3.5969
      72       3.7398
      73       2.9397
      74       2.3958
      75       3.9003
      76       3.2206
      77       3.5240
      78       3.2631
      79       4.1055
      80       4.0367
      81       3.0081
      82       4.0146
      83       2.7947
      84       2.2941
      85       3.1916
      86       3.0324
      87       2.9035
      88       3.7035
      89       3.0814
      90       3.7507
      91       3.5643
      92       3.0669
      93       2.8342
      94       2.1127
      95       2.6290
      96       3.7700
      97       3.2012
      98       3.0300
      99       4.1482
     100       4.0632
     101       3.5129
     102       4.0486
     103       3.4822
     104       3.8796
     105       4.4792
     106       3.4749
     107       2.2695
     108       3.3882
     109       2.7127
     110       4.1135
     111       3.5884
     112       2.9548
     113       2.7054
     114       2.8790
     115       2.4249
     116       3.8564
     117       3.6626
     118       2.9980
     119       2.9105
     120       3.3282
     121       2.8490
     122       4.4966
     123       3.8580
     124       3.5269
     125       3.9174
     126       2.4067
     127       3.5877
     128       3.9670
     129       2.1063
     130       3.3097
     131       2.9203
     132       2.9842
     133       4.0162
     134       2.8071
     135       2.8230
     136       3.1853
     137       2.7776
     138       3.4159
     139       3.1083
     140       3.3667
     141       3.1213
     142       3.1899
     143       3.4440
     144       3.4496
     145       4.4688
     146       3.7338
     147       3.4404
     148       4.4336
     149       3.5573
     150       3.4375
     151       4.7046
     152       5.8953
     153       4.7338
     154       4.8087
     155       6.1809
     156       4.2094
     157       5.9179
     158       5.5844
     159       3.2536
     160       4.0979
     161       4.3523
     162       4.3023
     163       4.8825
     164       4.1341
     165       4.0759
     166       4.9096
     167       3.5294
     168       4.2401
     169       4.3787
     170       4.4431
     171       4.4710
     172       3.7686
     173       3.7049
     174       3.1686
     175       4.5424
     176       3.9143
     177       5.1971
     178       2.4095
     179       3.0301
     180       3.2358
     181       3.9152
     182       3.1077
     183       2.7297
     184       3.5608
     185       2.0623
     186       3.4035
     187       4.1924
     188       3.1768
     189       2.8461
     190       2.6891
     191       3.4343
     192       3.2124
     193       4.6182
     194       4.4399
     195       3.9496
     196       3.3140
     197       3.4699
     198       2.8857
     199       2.0467
     200       3.5661
     201       4.3606
     202       4.6306
     203       3.2939
     204       2.4996
     205       3.1990
     206       2.7908
     207       2.3662
     208       1.8957
     209       2.3135
     210       4.3162
     211       3.3516
     212       3.0755
     213       3.7724
     214       2.2157
     215       2.4924
     216       3.4543
     217       3.5192
     218       3.8910
     219       3.8255
     220       2.4617
     221       3.4899
     222       3.8382
     223       3.9672
     224       3.7547
     225       3.5842
     226       3.9493
     227       3.1174
     228       2.9181
     229       3.1096
     230       4.5894
     231       3.4991
     232       3.6042
     233       3.4551
     234       3.2765
     235       3.5769
     236       3.0209
     237       3.4242
     238       2.7917
     239       2.9845
     240       4.1740
     241       3.2468
     242       3.2468
     243       2.4820
     244       2.2849
     245       3.3816
     246       2.3658
     247       3.1171
     248       2.6830
     249       3.7980
     250       4.1810
     251       4.5994
     252       3.4980
     253       2.4448
     254       2.9266
     255       3.2344
     256       2.9158
     257       4.2664
     258       3.0061
     259       3.9408
     260       4.2861
     261       4.4440
     262       3.8815
     263       3.3021
     264       2.2395
     265       3.3745
     266       3.9395
     267       4.2532
     268       3.3928
     269       3.1119
     270       2.4111
     271       2.6204
     272       3.6920
     273       3.4804
     274       3.6925
     275       3.6278
     276       3.8609
     277       3.2283
     278       3.6982
     279       3.2354
     280       4.7758
     281       4.2121
     282       3.2708
     283       3.1698
     284       3.5776
     285       3.1187
     286       2.7107
     287       3.0703
     288       3.0765
     289       3.1565
     290       2.6770
     291       3.3107
     292       3.5954
     293       3.5427
     294       2.5893
     295       2.5248
     296       3.2386
     297       3.5537
     298       3.5932
     299       4.6587
     300       3.7705
     301       4.0216
     302       3.3897
     303       2.4413
     304       2.2485
     305       3.0603
     306       4.8120
     307       4.5528
     308       3.6307
     309       3.5264
     310       3.4815
     311       3.4355
     312       3.2909
     313       2.7129
     314       2.3616
     315       2.9464
     316       3.0196
     317       2.6122
     318       4.0562
     319       3.3218
     320       3.9954
     321       3.5714
     322       2.6949
     323       3.0850
     324       3.1592
     325       3.3720
     326       2.6315
     327       3.4282
     328       3.6979
     329       3.9067
     330       3.3952
     331       3.3028
     332       3.1999
     333       3.2911
     334       3.4598
     335       3.1073
     336       2.7286
     337       2.0037
     338       4.0023
     339       3.3104
     340       3.5474
     341       3.6876
     342       3.9742
     343       4.1776
     344       2.7722
     345       4.9995
     346       4.8365
     347       3.0896
     348       3.8598
     349       3.5163
     350       2.7231
     351       3.5796
     352       2.9478
     353       3.1720
     354       2.6035
     355       3.1817
     356       3.0394
     357       3.0447
     358       2.7174
     359       2.2227
     360       3.2672
     361       2.4114
     362       2.8281
     363       2.9687
     364       2.6043
     365       3.4809
     366       2.8608
     367       4.4858
     368       3.9088
     369       4.8821
     370       5.0053
     371       4.9282
     372       3.6174
     373       2.8298
     374       2.8833
     375       4.0181
     376       4.3638
     377       2.8142
     378       4.9312
     379       3.7366
     380       4.3964
     381       2.8606
     382       3.7000
     383       3.3743
     384       2.6745
     385       4.7525
     386       3.7573
     387       3.0099
     388       4.2575
     389       2.7450
     390       2.7239
     391       2.9174
     392       2.1193
     393       2.7531
     394       3.1248
     395       2.7516
     396       2.8220
     397       3.1439
     398       2.8243
     399       2.6313
     400       3.6627
