#Frame      end2_rmsd
       1       0.0000
       2       2.6360
       3       2.3022
       4       1.6709
       5       1.9649
       6       3.4793
       7       2.3768
       8       2.5864
       9       2.7825
      10       1.9776
      11       1.9218
      12       1.4973
      13       2.7295
      14       2.5339
      15       2.7895
      16       2.2031
      17       2.5120
      18       2.2260
      19       2.6505
      20       2.5919
      21       2.4411
      22       2.1751
      23       3.4229
      24       3.0500
      25       3.5014
      26       3.7479
      27       4.2327
      28       3.8640
      29       3.4999
      30       4.2832
      31       3.6704
      32       3.1971
      33       4.4685
      34       3.9291
      35       3.7222
      36       3.9380
      37       3.3569
      38       4.7392
      39       4.0272
      40       3.2948
      41       3.7500
      42       4.0870
      43       3.3788
      44       3.8446
      45       3.5668
      46       2.9300
      47       3.4232
      48       3.4644
      49       3.8271
      50       3.3111
      51       2.7948
      52       3.3509
      53       3.9021
      54       3.0416
      55       3.7674
      56       3.3271
      57       3.6144
      58       3.5238
      59       3.4629
      60       3.7357
      61       3.6337
      62       3.4310
      63       3.0756
      64       3.8077
      65       3.6824
      66       3.4776
      67       3.4234
      68       3.1426
      69       3.1731
      70       3.5470
      71       5.7828
      72       4.3093
      73       4.0215
      74       5.5599
      75       4.5638
      76       4.2795
      77       5.1061
      78       5.3939
      79       5.9854
      80       4.4331
      81       4.3787
      82       5.6122
      83       6.1221
      84       4.2511
      85       3.5678
      86       4.4328
      87       4.3018
      88       3.6991
      89       3.8553
      90       6.1945
      91       5.4155
      92       4.6502
      93       5.2506
      94       5.9263
      95       7.6479
      96       5.6597
      97       5.8986
      98       7.3687
      99       7.2897
     100       6.7724
     101       6.7349
     102       8.8270
     103       7.1054
     104       8.6350
     105       6.7697
     106       6.6496
     107       4.1508
     108       4.9978
     109       4.5822
     110       7.0680
     111       5.4434
     112       6.2863
     113       7.6394
     114       7.2571
     115       8.8630
     116       6.6286
     117       7.1764
     118       6.7898
     119       7.9585
     120       8.7515
     121       8.6562
     122       7.8319
     123       7.2211
     124       8.8245
     125       7.2470
     126       7.2807
     127       9.3229
     128       7.4639
     129       7.1455
     130       8.2493
     131       6.8959
     132       8.5611
     133       6.4565
     134       8.2958
     135       6.4117
     136       8.2264
     137       8.1259
     138       6.7347
     139       8.0663
     140       8.2711
     141       8.0173
     142       6.0741
     143       6.2828
     144       6.4070
     145       6.5918
     146       8.5650
     147       7.2515
     148       6.3680
     149       7.6120
     150       8.4947
     151       6.6205
     152       6.1159
     153       7.5517
     154       6.7630
     155       6.7933
     156       5.6135
     157       7.5289
     158       6.9250
     159       5.8558
     160       7.3122
     161       6.1205
     162       6.1504
     163       8.0211
     164       7.0756
     165       7.8019
     166       6.3502
     167       5.6488
     168       5.9376
     169       6.0889
     170       6.8779
     171       6.7513
     172       6.6929
     173       8.5655
     174       6.8217
     175       5.4626
     176       4.7446
     177       4.6209
     178       5.4744
     179       5.3053
     180       5.7933
     181       5.2982
     182       5.0389
     183       5.5986
     184       6.7744
     185       5.9245
     186       6.1883
     187       5.6307
     188       5.3282
     189       6.5514
     190       7.2446
     191       8.7987
     192       7.5037
     193       5.2622
     194       7.6390
     195       5.0919
     196       7.1293
     197       7.7438
     198       5.0146
     199       4.6033
     200       4.0912
     201       4.3370
     202       5.6134
     203       5.2121
     204       6.7844
     205       4.8422
     206       5.4961
     207       5.0362
     208       4.1597
     209       4.4494
     210       4.9076
     211       5.0444
     212       5.4720
     213       5.0248
     214       4.4256
     215       5.2567
     216       4.3757
     217       4.3261
     218       6.8096
     219       5.2129
     220       6.3186
     221       5.8482
     222       5.9513
     223       6.0051
     224       4.5731
     225       4.7412
     226       6.4185
     227       4.7831
     228       5.6944
     229       6.7993
     230       4.3157
     231       3.4429
     232       4.0041
     233       4.3782
     234       3.8564
     235       4.5992
     236       6.3625
     237       4.7206
     238       5.0717
     239       6.5217
     240       6.0487
     241       6.3134
     242       3.8464
     243       6.7184
     244       6.4334
     245       4.9119
     246       4.9674
     247       5.1728
     248       5.4497
     249       5.7575
     250       5.8686
     251       6.7169
     252       4.4827
     253       3.8093
     254       4.4561
     255       5.1645
     256       4.0933
     257       4.7486
     258       4.8181
     259       4.6094
     260       5.1203
     261       4.7637
     262       5.9055
     263       3.5738
     264       4.4639
     265       4.6180
     266       4.8089
     267       3.9453
     268       5.1636
     269       3.3229
     270       3.5355
     271       4.4181
     272       5.8506
     273       5.8595
     274       4.9453
     275       3.5726
     276       3.1568
     277       3.1983
     278       3.4671
     279       3.5434
     280       3.9299
     281       3.9692
     282       4.1649
     283       3.7953
     284       3.4705
     285       3.4857
     286       3.5542
     287       3.7339
     288       4.0237
     289       3.3233
     290       3.9917
     291       3.6700
     292       4.4321
     293       3.2755
     294       3.6641
     295       4.6104
     296       3.9751
     297       3.2000
     298       3.7750
     299       2.9795
     300       4.1916
     301       4.8699
     302       4.0278
     303       4.5331
     304       4.0965
     305       4.9949
     306       4.9455
     307       3.5079
     308       4.5004
     309       4.0624
     310       3.6488
     311       4.9617
     312       4.1729
     313       4.7219
     314       5.2278
     315       3.3227
     316       2.9917
     317       3.7462
     318       2.7671
     319       3.8674
     320       3.6565
     321       3.2854
     322       3.1132
     323       3.3837
     324       4.0446
     325       4.0577
     326       3.1653
     327       4.2140
     328       3.5151
     329       3.8666
     330       5.6402
     331       5.9624
     332       6.5923
     333       5.0479
     334       6.0806
     335       5.1998
     336       5.7956
     337       5.7168
     338       6.6689
     339       6.6871
     340       6.0832
     341       5.8038
     342       5.3704
     343       6.2362
     344       5.2106
     345       5.3437
     346       5.5755
     347       5.4168
     348       5.1447
     349       5.5156
     350       5.3840
     351       7.1669
     352       5.1346
     353       4.4444
     354       5.9059
     355       5.7530
     356       3.4927
     357       4.5957
     358       5.7443
     359       5.4545
     360       4.5140
     361       4.7906
     362       5.2263
     363       5.3229
     364       6.6168
     365       5.7389
     366       7.2627
     367       7.3920
     368       7.0590
     369       9.2464
     370      11.3183
     371       9.9270
     372       7.8847
     373      10.3053
     374       8.6176
     375       6.2043
     376       9.7386
     377      11.4583
     378      10.9824
     379      10.1240
     380       9.8572
     381      11.2834
     382       8.9373
     383       7.7480
     384       8.1688
     385       6.4199
     386       8.6880
     387       9.2132
     388       9.0187
     389       7.7264
     390       9.0209
     391       9.7012
     392       9.5526
     393       9.1323
     394       7.6504
     395       7.1022
     396       8.3107
     397       8.3479
     398       6.9584
     399       6.1306
     400       5.0534
