#Res             RMSF
 281.000       3.8444
 282.000       3.3602
 283.000       2.6945
 284.000       2.0406
 285.000       1.7254
 286.000       1.2623
 287.000       0.8299
 288.000       0.6772
 289.000       0.6154
 290.000       0.6496
 291.000       0.5966
 292.000       0.5461
 293.000       0.5702
 294.000       0.5616
 295.000       0.4951
 296.000       0.5270
 297.000       0.6172
 298.000       0.6818
 299.000       0.6815
 300.000       0.6976
 301.000       0.8826
 302.000       0.8949
 303.000       0.7863
 304.000       0.7296
 305.000       0.6350
 306.000       0.7538
 307.000       0.8931
 308.000       0.9101
 309.000       0.7092
 310.000       0.7920
 311.000       0.8526
 312.000       1.0827
 313.000       1.1916
 314.000       0.8081
 315.000       0.7245
 316.000       1.6585
 317.000       2.5074
 318.000       2.0613
 319.000       1.2477
 320.000       1.1451
 321.000       0.7896
 322.000       0.7888
 323.000       0.6292
 324.000       0.4860
 325.000       0.5045
 326.000       0.5959
 327.000       0.4582
 328.000       0.4458
 329.000       0.5378
 330.000       0.5255
 331.000       0.4588
 332.000       0.5249
 333.000       0.6359
 334.000       0.6358
 335.000       0.7131
 336.000       0.7586
 337.000       0.7207
 338.000       0.6825
 339.000       0.6001
 340.000       0.4941
 341.000       0.5222
 342.000       0.5148
 343.000       0.4805
 344.000       0.4478
 345.000       0.4468
 346.000       0.4714
 347.000       0.4304
 348.000       0.4408
 349.000       0.4843
 350.000       0.5025
 351.000       0.5012
 352.000       0.5284
 353.000       0.5666
 354.000       0.7223
 355.000       0.8317
 356.000       1.0584
 357.000       0.6825
 358.000       0.5163
 359.000       0.5720
 360.000       0.5317
 361.000       0.4898
 362.000       0.4654
 363.000       0.5110
 364.000       0.5039
 365.000       0.4881
 366.000       0.5395
 367.000       0.5601
 368.000       0.5063
 369.000       0.5771
 370.000       0.7115
 371.000       0.7025
 372.000       0.6555
 373.000       0.8190
 374.000       1.3493
 375.000       2.4189
 376.000       3.6449
