#Res             RMSF
 281.000       4.2332
 282.000       3.2500
 283.000       2.7518
 284.000       2.4392
 285.000       1.9397
 286.000       1.2063
 287.000       0.6784
 288.000       0.5955
 289.000       0.5743
 290.000       0.6042
 291.000       0.5389
 292.000       0.4459
 293.000       0.4655
 294.000       0.5021
 295.000       0.4247
 296.000       0.4291
 297.000       0.5367
 298.000       0.6047
 299.000       0.5539
 300.000       0.5581
 301.000       0.7775
 302.000       0.7233
 303.000       0.6051
 304.000       0.5788
 305.000       0.5239
 306.000       0.5963
 307.000       0.6355
 308.000       0.7031
 309.000       0.5744
 310.000       0.5179
 311.000       0.5927
 312.000       0.5471
 313.000       0.5648
 314.000       0.6121
 315.000       0.6261
 316.000       0.5842
 317.000       0.5873
 318.000       0.6211
 319.000       0.7140
 320.000       0.6370
 321.000       0.4928
 322.000       0.5493
 323.000       0.4955
 324.000       0.4488
 325.000       0.4902
 326.000       0.5350
 327.000       0.4380
 328.000       0.4434
 329.000       0.5043
 330.000       0.4886
 331.000       0.4248
 332.000       0.4696
 333.000       0.5505
 334.000       0.5942
 335.000       0.6553
 336.000       0.6792
 337.000       0.6714
 338.000       0.6700
 339.000       0.6386
 340.000       0.5204
 341.000       0.5527
 342.000       0.5106
 343.000       0.4618
 344.000       0.4507
 345.000       0.4554
 346.000       0.4398
 347.000       0.4028
 348.000       0.4300
 349.000       0.4544
 350.000       0.4840
 351.000       0.4818
 352.000       0.5053
 353.000       0.5273
 354.000       0.7002
 355.000       0.8112
 356.000       0.9627
 357.000       0.6139
 358.000       0.4729
 359.000       0.5721
 360.000       0.4983
 361.000       0.4172
 362.000       0.4103
 363.000       0.4759
 364.000       0.4547
 365.000       0.4380
 366.000       0.4897
 367.000       0.5055
 368.000       0.4444
 369.000       0.5340
 370.000       0.6697
 371.000       0.6167
 372.000       0.6202
 373.000       0.7850
 374.000       0.9293
 375.000       1.1078
 376.000       2.2067
