#Res             RMSF
 377.000       3.2554
 378.000       2.1308
 379.000       1.8077
 380.000       1.0111
 381.000       0.6446
 382.000       0.5518
 383.000       0.5564
 384.000       0.5430
 385.000       0.5123
 386.000       0.4813
 387.000       0.4590
 388.000       0.4866
 389.000       0.5337
 390.000       0.4765
 391.000       0.3933
 392.000       0.4714
 393.000       0.5278
 394.000       0.4901
 395.000       0.4843
 396.000       0.5783
 397.000       0.5872
 398.000       0.5356
 399.000       0.5252
 400.000       0.4531
 401.000       0.4206
 402.000       0.4292
 403.000       0.5015
 404.000       0.4744
 405.000       0.5076
 406.000       0.5109
 407.000       0.3978
 408.000       0.4373
 409.000       0.4938
 410.000       0.4426
 411.000       0.3958
 412.000       0.4419
 413.000       0.4949
 414.000       0.4886
 415.000       0.4655
 416.000       0.5329
 417.000       0.6982
 418.000       0.6994
 419.000       0.6926
 420.000       0.7489
 421.000       0.9242
 422.000       0.5827
 423.000       0.5530
 424.000       0.5392
 425.000       0.6478
 426.000       0.8845
 427.000       0.5671
 428.000       0.4756
 429.000       0.3896
 430.000       0.4579
 431.000       0.5323
 432.000       0.4781
 433.000       0.3530
 434.000       0.4151
 435.000       0.4880
 436.000       0.4219
 437.000       0.3863
 438.000       0.4199
 439.000       0.3941
 440.000       0.3729
 441.000       0.3628
 442.000       0.4197
 443.000       0.3626
 444.000       0.3505
 445.000       0.3989
 446.000       0.4425
 447.000       0.4007
 448.000       0.4107
 449.000       0.4963
 450.000       0.4906
 451.000       0.5025
 452.000       0.5985
 453.000       0.6043
 454.000       0.6150
 455.000       0.6654
 456.000       0.5843
 457.000       0.5438
 458.000       0.4795
 459.000       0.4171
 460.000       0.5020
 461.000       0.5345
 462.000       0.5381
 463.000       0.4666
 464.000       0.4627
 465.000       0.4748
 466.000       0.4742
 467.000       0.5829
 468.000       0.4928
 469.000       0.5912
 470.000       0.8204
 471.000       1.0257
 472.000       1.1446
 473.000       1.0560
 474.000       1.1732
 475.000       1.9555
