#Res             RMSF
 176.000       1.1619
 177.000       0.9533
 178.000       0.7156
 179.000       0.5257
 180.000       0.4651
 181.000       0.6401
 182.000       0.6325
 183.000       0.5215
 184.000       0.5913
 185.000       0.4451
 186.000       0.4660
 187.000       0.4039
 188.000       0.4617
 189.000       0.4009
 190.000       0.5627
 191.000       0.5220
 192.000       0.3939
 193.000       0.4116
 194.000       0.4857
 195.000       0.4581
 196.000       0.4337
 197.000       0.5566
 198.000       0.6123
 199.000       0.5533
 200.000       0.5433
 201.000       0.4867
 202.000       0.5032
 203.000       0.5397
 204.000       0.4982
 205.000       0.4826
 206.000       0.5174
 207.000       0.6381
 208.000       0.4955
 209.000       0.3981
 210.000       0.3639
 211.000       0.3627
 212.000       0.3861
 213.000       0.3798
 214.000       0.3671
 215.000       0.3846
 216.000       0.4121
 217.000       0.4132
 218.000       0.3809
 219.000       0.4242
 220.000       0.4535
 221.000       0.4195
 222.000       0.4558
 223.000       0.4955
 224.000       0.4204
 225.000       0.4274
 226.000       0.4783
 227.000       0.4858
 228.000       0.3991
 229.000       0.4739
 230.000       0.5905
 231.000       0.5700
 232.000       0.5262
 233.000       0.6830
 234.000       0.7850
 235.000       0.7644
 236.000       0.8490
 237.000       0.6331
 238.000       0.6372
 239.000       0.4952
 240.000       0.3848
 241.000       0.4143
 242.000       0.4039
 243.000       0.4114
 244.000       0.4567
 245.000       0.4643
 246.000       0.4562
 247.000       0.4950
 248.000       0.4641
 249.000       0.5367
 250.000       0.5498
 251.000       0.9283
 252.000       0.9478
 253.000       1.0430
 254.000       1.3082
 255.000       0.9923
 256.000       1.0439
 257.000       0.8886
 258.000       0.8722
 259.000       1.0000
 260.000       1.2563
 261.000       0.8955
 262.000       0.5633
 263.000       0.4920
 264.000       0.5141
 265.000       0.5860
 266.000       0.5751
 267.000       0.5873
 268.000       0.5721
 269.000       0.5613
 270.000       0.5499
 271.000       0.6355
 272.000       0.8072
 273.000       0.7836
 274.000       0.8186
 275.000       0.9783
 276.000       0.9378
 277.000       0.8515
 278.000       1.0221
 279.000       1.3658
 280.000       2.0379
