#Res             RMSF
 558.000       0.8383
 559.000       0.6160
 560.000       0.5270
 561.000       0.4602
 562.000       0.5881
 563.000       0.6299
 564.000       0.5393
 565.000       0.5907
 566.000       0.4690
 567.000       0.4957
 568.000       0.4124
 569.000       0.4413
 570.000       0.3969
 571.000       0.4727
 572.000       0.4510
 573.000       0.3743
 574.000       0.3676
 575.000       0.4766
 576.000       0.5279
 577.000       0.4677
 578.000       0.6173
 579.000       0.7717
 580.000       0.7321
 581.000       0.6175
 582.000       0.6712
 583.000       0.7692
 584.000       0.8291
 585.000       0.6119
 586.000       0.5482
 587.000       0.9430
 588.000       0.7971
 589.000       0.5182
 590.000       0.4178
 591.000       0.3573
 592.000       0.3738
 593.000       0.3837
 594.000       0.3817
 595.000       0.3572
 596.000       0.3719
 597.000       0.4011
 598.000       0.3952
 599.000       0.3781
 600.000       0.3984
 601.000       0.4156
 602.000       0.4141
 603.000       0.4553
 604.000       0.4844
 605.000       0.4491
 606.000       0.4397
 607.000       0.5153
 608.000       0.4903
 609.000       0.4199
 610.000       0.4612
 611.000       0.5421
 612.000       0.5397
 613.000       0.4635
 614.000       0.6494
 615.000       0.7843
 616.000       0.7639
 617.000       0.7800
 618.000       0.5978
 619.000       0.6518
 620.000       0.4941
 621.000       0.3741
 622.000       0.3906
 623.000       0.4037
 624.000       0.4089
 625.000       0.3989
 626.000       0.4370
 627.000       0.5070
 628.000       0.5542
 629.000       0.6134
 630.000       0.7647
 631.000       1.0186
 632.000       1.1689
 633.000       0.9307
 634.000       0.9307
 635.000       0.7545
 636.000       0.7608
 637.000       0.9714
 638.000       0.9589
 639.000       0.8402
 640.000       0.8317
 641.000       1.6108
 642.000       1.4608
 643.000       0.7296
 644.000       0.5559
 645.000       0.4455
 646.000       0.4675
 647.000       0.4915
 648.000       0.5478
 649.000       0.6320
 650.000       0.5915
 651.000       0.6541
 652.000       0.6948
 653.000       0.7312
 654.000       0.7301
 655.000       0.7934
 656.000       0.8814
 657.000       0.8212
 658.000       0.7364
 659.000       0.8605
 660.000       1.1948
 661.000       1.8902
