#Res             RMSF
 558.000       1.2951
 559.000       0.8807
 560.000       0.6447
 561.000       0.5469
 562.000       0.6899
 563.000       0.7146
 564.000       0.5658
 565.000       0.6317
 566.000       0.5125
 567.000       0.5934
 568.000       0.4961
 569.000       0.5424
 570.000       0.4485
 571.000       0.5513
 572.000       0.5696
 573.000       0.4412
 574.000       0.4277
 575.000       0.5284
 576.000       0.5451
 577.000       0.5205
 578.000       0.6640
 579.000       0.7958
 580.000       0.7587
 581.000       0.6341
 582.000       0.6316
 583.000       0.7200
 584.000       0.7303
 585.000       0.6191
 586.000       0.5451
 587.000       1.1190
 588.000       0.9428
 589.000       0.5400
 590.000       0.4047
 591.000       0.3493
 592.000       0.3715
 593.000       0.3783
 594.000       0.3733
 595.000       0.3592
 596.000       0.3837
 597.000       0.4023
 598.000       0.3957
 599.000       0.3917
 600.000       0.4157
 601.000       0.4295
 602.000       0.4122
 603.000       0.4579
 604.000       0.5045
 605.000       0.4487
 606.000       0.4539
 607.000       0.5255
 608.000       0.4895
 609.000       0.4400
 610.000       0.5082
 611.000       0.6090
 612.000       0.6037
 613.000       0.5435
 614.000       0.7452
 615.000       0.8703
 616.000       0.8353
 617.000       0.8762
 618.000       0.6886
 619.000       0.7103
 620.000       0.5536
 621.000       0.3939
 622.000       0.3987
 623.000       0.4142
 624.000       0.4320
 625.000       0.4189
 626.000       0.4422
 627.000       0.5322
 628.000       0.6140
 629.000       0.6492
 630.000       0.8119
 631.000       1.0242
 632.000       1.2004
 633.000       1.2698
 634.000       1.3247
 635.000       1.1621
 636.000       1.0544
 637.000       1.1968
 638.000       1.1317
 639.000       0.9323
 640.000       0.8315
 641.000       1.4433
 642.000       1.2519
 643.000       0.6511
 644.000       0.5337
 645.000       0.4749
 646.000       0.4951
 647.000       0.4995
 648.000       0.5508
 649.000       0.6529
 650.000       0.6755
 651.000       0.8004
 652.000       0.7516
 653.000       0.8063
 654.000       0.7808
 655.000       0.8091
 656.000       0.9176
 657.000       0.8803
 658.000       0.8085
 659.000       0.9343
 660.000       1.2959
 661.000       2.0056
