#Res             RMSF
   1.000       3.7292
   2.000       1.9874
   3.000       1.0227
   4.000       0.6531
   5.000       0.6160
   6.000       0.5097
   7.000       0.4702
   8.000       0.5057
   9.000       0.4801
  10.000       0.4428
  11.000       0.4769
  12.000       0.5101
  13.000       0.4247
  14.000       0.3859
  15.000       0.4587
  16.000       0.4763
  17.000       0.4420
  18.000       0.4457
  19.000       0.5448
  20.000       0.5720
  21.000       0.5499
  22.000       0.5453
  23.000       0.4802
  24.000       0.4160
  25.000       0.4344
  26.000       0.4250
  27.000       0.4458
  28.000       0.4721
  29.000       0.4479
  30.000       0.3917
  31.000       0.4539
  32.000       0.4803
  33.000       0.4449
  34.000       0.3867
  35.000       0.4345
  36.000       0.5231
  37.000       0.4915
  38.000       0.4880
  39.000       0.6247
  40.000       0.8056
  41.000       0.6924
  42.000       0.6419
  43.000       0.7258
  44.000       0.9007
  45.000       0.4843
  46.000       0.4977
  47.000       0.5001
  48.000       0.5405
  49.000       0.5771
  50.000       0.5135
  51.000       0.4081
  52.000       0.3659
  53.000       0.4029
  54.000       0.4212
  55.000       0.3688
  56.000       0.3211
  57.000       0.3538
  58.000       0.3689
  59.000       0.3750
  60.000       0.3750
  61.000       0.4035
  62.000       0.4172
  63.000       0.3900
  64.000       0.3593
  65.000       0.4109
  66.000       0.3472
  67.000       0.3272
  68.000       0.3875
  69.000       0.3531
  70.000       0.3185
  71.000       0.3390
  72.000       0.4096
  73.000       0.3881
  74.000       0.4068
  75.000       0.4474
  76.000       0.4442
  77.000       0.4959
  78.000       0.5551
  79.000       0.4788
  80.000       0.4761
  81.000       0.3895
  82.000       0.3452
  83.000       0.4014
  84.000       0.4836
  85.000       0.4736
  86.000       0.3686
  87.000       0.4318
  88.000       0.5385
  89.000       0.4280
  90.000       0.4011
  91.000       0.4313
  92.000       0.4860
  93.000       0.4626
  94.000       0.5001
  95.000       0.6727
  96.000       0.8245
  97.000       0.8509
