#Res             RMSF
 377.000       3.3516
 378.000       2.2089
 379.000       1.7793
 380.000       0.9823
 381.000       0.6358
 382.000       0.6288
 383.000       0.6201
 384.000       0.6078
 385.000       0.5558
 386.000       0.5302
 387.000       0.5124
 388.000       0.4947
 389.000       0.5628
 390.000       0.5102
 391.000       0.4284
 392.000       0.5082
 393.000       0.5483
 394.000       0.5017
 395.000       0.4867
 396.000       0.5751
 397.000       0.6040
 398.000       0.5518
 399.000       0.5477
 400.000       0.4727
 401.000       0.4356
 402.000       0.4374
 403.000       0.5576
 404.000       0.5202
 405.000       0.5277
 406.000       0.5296
 407.000       0.4523
 408.000       0.4761
 409.000       0.5150
 410.000       0.4788
 411.000       0.4313
 412.000       0.4626
 413.000       0.5069
 414.000       0.4966
 415.000       0.4919
 416.000       0.5485
 417.000       0.7040
 418.000       0.7158
 419.000       0.7139
 420.000       0.7537
 421.000       0.8867
 422.000       0.5826
 423.000       0.5506
 424.000       0.5580
 425.000       0.6582
 426.000       0.8485
 427.000       0.5996
 428.000       0.5241
 429.000       0.4231
 430.000       0.4855
 431.000       0.5574
 432.000       0.5002
 433.000       0.3829
 434.000       0.4353
 435.000       0.4902
 436.000       0.4557
 437.000       0.4044
 438.000       0.4090
 439.000       0.4073
 440.000       0.4123
 441.000       0.3809
 442.000       0.4449
 443.000       0.3890
 444.000       0.3665
 445.000       0.4159
 446.000       0.4647
 447.000       0.4094
 448.000       0.4078
 449.000       0.5028
 450.000       0.4898
 451.000       0.4894
 452.000       0.5546
 453.000       0.5748
 454.000       0.6103
 455.000       0.6772
 456.000       0.5637
 457.000       0.5571
 458.000       0.4824
 459.000       0.4253
 460.000       0.5188
 461.000       0.5606
 462.000       0.5391
 463.000       0.4822
 464.000       0.5184
 465.000       0.5255
 466.000       0.4728
 467.000       0.5801
 468.000       0.6146
 469.000       0.6611
 470.000       0.7791
 471.000       1.0377
 472.000       1.3366
 473.000       1.5139
 474.000       2.6055
 475.000       4.7313
