#Res             RMSF
  98.000       1.1383
  99.000       0.6691
 100.000       0.7437
 101.000       0.8185
 102.000       0.5386
 103.000       0.5504
 104.000       0.4209
 105.000       0.4510
 106.000       0.4728
 107.000       0.3895
 108.000       0.3275
 109.000       0.3842
 110.000       0.3851
 111.000       0.3318
 112.000       0.3358
 113.000       0.3755
 114.000       0.4068
 115.000       0.4034
 116.000       0.3511
 117.000       0.4092
 118.000       0.3822
 119.000       0.3871
 120.000       0.4269
 121.000       0.4597
 122.000       0.4430
 123.000       0.3629
 124.000       0.3870
 125.000       0.4737
 126.000       0.4328
 127.000       0.3512
 128.000       0.3887
 129.000       0.4511
 130.000       0.4666
 131.000       0.4442
 132.000       0.4618
 133.000       0.5006
 134.000       0.4877
 135.000       0.5128
 136.000       0.5245
 137.000       0.4767
 138.000       0.4025
 139.000       0.3444
 140.000       0.3933
 141.000       0.3464
 142.000       0.3174
 143.000       0.3254
 144.000       0.3841
 145.000       0.3620
 146.000       0.3580
 147.000       0.4537
 148.000       0.5146
 149.000       0.5008
 150.000       0.5562
 151.000       0.4248
 152.000       0.5405
 153.000       0.4179
 154.000       0.3578
 155.000       0.4097
 156.000       0.4264
 157.000       0.4296
 158.000       0.3423
 159.000       0.3540
 160.000       0.3687
 161.000       0.3897
 162.000       0.4025
 163.000       0.4235
 164.000       0.5388
 165.000       0.7225
 166.000       0.8791
 167.000       0.9371
 168.000       0.6664
 169.000       0.5796
 170.000       0.4934
 171.000       0.4973
 172.000       0.6722
 173.000       0.9167
 174.000       1.9601
 175.000       2.6892
