#Res             RMSF
 476.000       6.2127
 477.000       3.6732
 478.000       2.8526
 479.000       1.0329
 480.000       0.6800
 481.000       0.6459
 482.000       0.7327
 483.000       0.8609
 484.000       0.6973
 485.000       0.6874
 486.000       0.6169
 487.000       0.5928
 488.000       0.6026
 489.000       0.4591
 490.000       0.4636
 491.000       0.5016
 492.000       0.4272
 493.000       0.3999
 494.000       0.4719
 495.000       0.4755
 496.000       0.4967
 497.000       0.5080
 498.000       0.4603
 499.000       0.5115
 500.000       0.4875
 501.000       0.4479
 502.000       0.5010
 503.000       0.5874
 504.000       0.5504
 505.000       0.4448
 506.000       0.4894
 507.000       0.5983
 508.000       0.5424
 509.000       0.4528
 510.000       0.4702
 511.000       0.5090
 512.000       0.5045
 513.000       0.4791
 514.000       0.5205
 515.000       0.5372
 516.000       0.5252
 517.000       0.5400
 518.000       0.5916
 519.000       0.5448
 520.000       0.4563
 521.000       0.4667
 522.000       0.5676
 523.000       0.4719
 524.000       0.4319
 525.000       0.4852
 526.000       0.5239
 527.000       0.4959
 528.000       0.4998
 529.000       0.6140
 530.000       0.6363
 531.000       0.6364
 532.000       0.7203
 533.000       0.6545
 534.000       0.8380
 535.000       0.6211
 536.000       0.5306
 537.000       0.5297
 538.000       0.5234
 539.000       0.5421
 540.000       0.4339
 541.000       0.4287
 542.000       0.5031
 543.000       0.5229
 544.000       0.4586
 545.000       0.4922
 546.000       0.6425
 547.000       0.9669
 548.000       1.0776
 549.000       1.1812
 550.000       0.9331
 551.000       0.5945
 552.000       0.5171
 553.000       0.5668
 554.000       0.9380
 555.000       1.0719
 556.000       2.2637
 557.000       3.9364
