#Res             RMSF
 662.000       4.4457
 663.000       3.1971
 664.000       1.4142
 665.000       0.5761
 666.000       0.5039
 667.000       0.4992
 668.000       0.5630
 669.000       0.5035
 670.000       0.4436
 671.000       0.4604
 672.000       0.5052
 673.000       0.4333
 674.000       0.4205
 675.000       0.5740
 676.000       0.6493
 677.000       0.5882
 678.000       0.5552
 679.000       0.7427
 680.000       0.8640
 681.000       0.6613
 682.000       0.6380
 683.000       0.5213
 684.000       0.5514
 685.000       0.5953
 686.000       0.6068
 687.000       0.4704
 688.000       0.4624
 689.000       0.5080
 690.000       0.4353
 691.000       0.3926
 692.000       0.4302
 693.000       0.4299
 694.000       0.4000
 695.000       0.4223
 696.000       0.4776
 697.000       0.4695
 698.000       0.4384
 699.000       0.3910
 700.000       0.4636
 701.000       0.4498
 702.000       0.3778
 703.000       0.4306
 704.000       0.4946
 705.000       0.4215
 706.000       0.3896
 707.000       0.4418
 708.000       0.4249
 709.000       0.4125
 710.000       0.4795
 711.000       0.5194
 712.000       0.5661
 713.000       0.6706
 714.000       0.7133
 715.000       0.6093
 716.000       0.6684
 717.000       0.5660
 718.000       0.5003
 719.000       0.4438
 720.000       0.4584
 721.000       0.4553
 722.000       0.3804
 723.000       0.3732
 724.000       0.4044
 725.000       0.3976
 726.000       0.3956
 727.000       0.4258
 728.000       0.4862
 729.000       0.5018
 730.000       0.5164
 731.000       0.5283
 732.000       0.6946
 733.000       0.8454
 734.000       0.9308
 735.000       0.6028
 736.000       0.5090
 737.000       0.6396
 738.000       0.5371
 739.000       0.4315
 740.000       0.4311
 741.000       0.4773
 742.000       0.4340
 743.000       0.4182
 744.000       0.4860
 745.000       0.5055
 746.000       0.4470
 747.000       0.5089
 748.000       0.5988
 749.000       0.6157
 750.000       0.5949
 751.000       0.8058
 752.000       1.5040
 753.000       3.0569
