#Res             RMSF
 662.000       4.4448
 663.000       3.1986
 664.000       1.4148
 665.000       0.5540
 666.000       0.5192
 667.000       0.5423
 668.000       0.6034
 669.000       0.5096
 670.000       0.4621
 671.000       0.4746
 672.000       0.5224
 673.000       0.4374
 674.000       0.4282
 675.000       0.5944
 676.000       0.6699
 677.000       0.5834
 678.000       0.5479
 679.000       0.6944
 680.000       0.7535
 681.000       0.6214
 682.000       0.6238
 683.000       0.5349
 684.000       0.5442
 685.000       0.5862
 686.000       0.5913
 687.000       0.4663
 688.000       0.4727
 689.000       0.5105
 690.000       0.4365
 691.000       0.4182
 692.000       0.4640
 693.000       0.4581
 694.000       0.4108
 695.000       0.4490
 696.000       0.5169
 697.000       0.5143
 698.000       0.4474
 699.000       0.3935
 700.000       0.4852
 701.000       0.4780
 702.000       0.3920
 703.000       0.4263
 704.000       0.4919
 705.000       0.4150
 706.000       0.3814
 707.000       0.4268
 708.000       0.4139
 709.000       0.3893
 710.000       0.4386
 711.000       0.4941
 712.000       0.5206
 713.000       0.5662
 714.000       0.6427
 715.000       0.5880
 716.000       0.6945
 717.000       0.5277
 718.000       0.4730
 719.000       0.4435
 720.000       0.4410
 721.000       0.4279
 722.000       0.3704
 723.000       0.3739
 724.000       0.3930
 725.000       0.3838
 726.000       0.3914
 727.000       0.4041
 728.000       0.4654
 729.000       0.4905
 730.000       0.5163
 731.000       0.5490
 732.000       0.6910
 733.000       0.8526
 734.000       0.8489
 735.000       0.5834
 736.000       0.5101
 737.000       0.6256
 738.000       0.5232
 739.000       0.4394
 740.000       0.4195
 741.000       0.4632
 742.000       0.4262
 743.000       0.4131
 744.000       0.4449
 745.000       0.4671
 746.000       0.4232
 747.000       0.4958
 748.000       0.5877
 749.000       0.5796
 750.000       0.5666
 751.000       0.7828
 752.000       1.6817
 753.000       3.3869
