#Res             RMSF
 377.000       3.4119
 378.000       2.2237
 379.000       1.7090
 380.000       0.9029
 381.000       0.5730
 382.000       0.6064
 383.000       0.6154
 384.000       0.6072
 385.000       0.5303
 386.000       0.5213
 387.000       0.5229
 388.000       0.4646
 389.000       0.5498
 390.000       0.5169
 391.000       0.4517
 392.000       0.5283
 393.000       0.5545
 394.000       0.4992
 395.000       0.4843
 396.000       0.5662
 397.000       0.6161
 398.000       0.5697
 399.000       0.5513
 400.000       0.4798
 401.000       0.4257
 402.000       0.4106
 403.000       0.4741
 404.000       0.4770
 405.000       0.4818
 406.000       0.4833
 407.000       0.4336
 408.000       0.4385
 409.000       0.4564
 410.000       0.4457
 411.000       0.4179
 412.000       0.4240
 413.000       0.4470
 414.000       0.4430
 415.000       0.4523
 416.000       0.4987
 417.000       0.6545
 418.000       0.6589
 419.000       0.6597
 420.000       0.6747
 421.000       0.7800
 422.000       0.5146
 423.000       0.5076
 424.000       0.5236
 425.000       0.6030
 426.000       0.7553
 427.000       0.5285
 428.000       0.4602
 429.000       0.4168
 430.000       0.4626
 431.000       0.4496
 432.000       0.3911
 433.000       0.3586
 434.000       0.3988
 435.000       0.4122
 436.000       0.4113
 437.000       0.3947
 438.000       0.3931
 439.000       0.3907
 440.000       0.3935
 441.000       0.3565
 442.000       0.4235
 443.000       0.3702
 444.000       0.3396
 445.000       0.3818
 446.000       0.4220
 447.000       0.3809
 448.000       0.3711
 449.000       0.4273
 450.000       0.4229
 451.000       0.4163
 452.000       0.4471
 453.000       0.4706
 454.000       0.5430
 455.000       0.6320
 456.000       0.5004
 457.000       0.5561
 458.000       0.4577
 459.000       0.4003
 460.000       0.4870
 461.000       0.4931
 462.000       0.4737
 463.000       0.4058
 464.000       0.4547
 465.000       0.4911
 466.000       0.4100
 467.000       0.4042
 468.000       0.5259
 469.000       0.5806
 470.000       0.6072
 471.000       0.6327
 472.000       1.0675
 473.000       1.2985
 474.000       2.2664
 475.000       4.0205
