#Res             RMSF
  98.000       0.9574
  99.000       0.6412
 100.000       0.6495
 101.000       0.6845
 102.000       0.4610
 103.000       0.5221
 104.000       0.4369
 105.000       0.4711
 106.000       0.5120
 107.000       0.4121
 108.000       0.3324
 109.000       0.4025
 110.000       0.3881
 111.000       0.3354
 112.000       0.3317
 113.000       0.3616
 114.000       0.4089
 115.000       0.4040
 116.000       0.3536
 117.000       0.4014
 118.000       0.3773
 119.000       0.3855
 120.000       0.4219
 121.000       0.4506
 122.000       0.4426
 123.000       0.3743
 124.000       0.3965
 125.000       0.4877
 126.000       0.4409
 127.000       0.3556
 128.000       0.3941
 129.000       0.4417
 130.000       0.4318
 131.000       0.4124
 132.000       0.4058
 133.000       0.4608
 134.000       0.4625
 135.000       0.5057
 136.000       0.5315
 137.000       0.4734
 138.000       0.4102
 139.000       0.3227
 140.000       0.3342
 141.000       0.3191
 142.000       0.3183
 143.000       0.3237
 144.000       0.3705
 145.000       0.3369
 146.000       0.3489
 147.000       0.4341
 148.000       0.4948
 149.000       0.4868
 150.000       0.5427
 151.000       0.4235
 152.000       0.5315
 153.000       0.4182
 154.000       0.3507
 155.000       0.4075
 156.000       0.4282
 157.000       0.4165
 158.000       0.3412
 159.000       0.3678
 160.000       0.3796
 161.000       0.3668
 162.000       0.4091
 163.000       0.4580
 164.000       0.5355
 165.000       0.6767
 166.000       0.9442
 167.000       1.0055
 168.000       0.6671
 169.000       0.5854
 170.000       0.4990
 171.000       0.5141
 172.000       0.6024
 173.000       0.7475
 174.000       1.5149
 175.000       2.8126
