#Res             RMSF
   1.000       2.6691
   2.000       1.7192
   3.000       1.0553
   4.000       0.5339
   5.000       0.4892
   6.000       0.4611
   7.000       0.4878
   8.000       0.4612
   9.000       0.4455
  10.000       0.4342
  11.000       0.4733
  12.000       0.5086
  13.000       0.4381
  14.000       0.3761
  15.000       0.4807
  16.000       0.4813
  17.000       0.4248
  18.000       0.4292
  19.000       0.5180
  20.000       0.5439
  21.000       0.5351
  22.000       0.5675
  23.000       0.5101
  24.000       0.4289
  25.000       0.4287
  26.000       0.4371
  27.000       0.4726
  28.000       0.4845
  29.000       0.4306
  30.000       0.3833
  31.000       0.4415
  32.000       0.4648
  33.000       0.4324
  34.000       0.3772
  35.000       0.4334
  36.000       0.5082
  37.000       0.4717
  38.000       0.4559
  39.000       0.5882
  40.000       0.7938
  41.000       0.6582
  42.000       0.6214
  43.000       0.6831
  44.000       0.8591
  45.000       0.4844
  46.000       0.4640
  47.000       0.4797
  48.000       0.5096
  49.000       0.5337
  50.000       0.4926
  51.000       0.4017
  52.000       0.3565
  53.000       0.4089
  54.000       0.3995
  55.000       0.3610
  56.000       0.3319
  57.000       0.3670
  58.000       0.4186
  59.000       0.4093
  60.000       0.3801
  61.000       0.3884
  62.000       0.4158
  63.000       0.4016
  64.000       0.3666
  65.000       0.4038
  66.000       0.3645
  67.000       0.3289
  68.000       0.4061
  69.000       0.4123
  70.000       0.3416
  71.000       0.3784
  72.000       0.4709
  73.000       0.4115
  74.000       0.3841
  75.000       0.4603
  76.000       0.4761
  77.000       0.4782
  78.000       0.5341
  79.000       0.4217
  80.000       0.4178
  81.000       0.3730
  82.000       0.3286
  83.000       0.3874
  84.000       0.4060
  85.000       0.4001
  86.000       0.3417
  87.000       0.3987
  88.000       0.4629
  89.000       0.3964
  90.000       0.4052
  91.000       0.4111
  92.000       0.4849
  93.000       0.5655
  94.000       0.6451
  95.000       0.7717
  96.000       0.8133
  97.000       0.9451
