#Res             RMSF
 176.000       1.1371
 177.000       0.9336
 178.000       0.7174
 179.000       0.6048
 180.000       0.5536
 181.000       0.6938
 182.000       0.6943
 183.000       0.5544
 184.000       0.6085
 185.000       0.4963
 186.000       0.5204
 187.000       0.4932
 188.000       0.5291
 189.000       0.4829
 190.000       0.5812
 191.000       0.5534
 192.000       0.4599
 193.000       0.4473
 194.000       0.5481
 195.000       0.5230
 196.000       0.4679
 197.000       0.6138
 198.000       0.8004
 199.000       0.8689
 200.000       0.6836
 201.000       0.5573
 202.000       0.5706
 203.000       0.6066
 204.000       0.5238
 205.000       0.5069
 206.000       0.5267
 207.000       0.6582
 208.000       0.5161
 209.000       0.4276
 210.000       0.4046
 211.000       0.4115
 212.000       0.4451
 213.000       0.4409
 214.000       0.4240
 215.000       0.4339
 216.000       0.4710
 217.000       0.4763
 218.000       0.4289
 219.000       0.4891
 220.000       0.5057
 221.000       0.4640
 222.000       0.5138
 223.000       0.5714
 224.000       0.5687
 225.000       0.5287
 226.000       0.6111
 227.000       0.6687
 228.000       0.4959
 229.000       0.5368
 230.000       0.6416
 231.000       0.6003
 232.000       0.5227
 233.000       0.6959
 234.000       0.8085
 235.000       0.7599
 236.000       0.8219
 237.000       0.6298
 238.000       0.6415
 239.000       0.4998
 240.000       0.4196
 241.000       0.4819
 242.000       0.5357
 243.000       0.4467
 244.000       0.4613
 245.000       0.5798
 246.000       0.5209
 247.000       0.5412
 248.000       0.6724
 249.000       0.8476
 250.000       1.3165
 251.000       1.7726
 252.000       1.5143
 253.000       1.2873
 254.000       1.2808
 255.000       1.0374
 256.000       1.0640
 257.000       0.9342
 258.000       0.9046
 259.000       1.1472
 260.000       1.3184
 261.000       1.2304
 262.000       0.8115
 263.000       0.6527
 264.000       0.5977
 265.000       0.6924
 266.000       0.6734
 267.000       0.6527
 268.000       0.6590
 269.000       0.5898
 270.000       0.6079
 271.000       0.6943
 272.000       0.8221
 273.000       0.8016
 274.000       0.8742
 275.000       0.9960
 276.000       1.0349
 277.000       0.9747
 278.000       1.0804
 279.000       1.4420
 280.000       2.1737
