#Res             RMSF
  98.000       1.1391
  99.000       0.6689
 100.000       0.7445
 101.000       0.8195
 102.000       0.5385
 103.000       0.5496
 104.000       0.4208
 105.000       0.4513
 106.000       0.4732
 107.000       0.3896
 108.000       0.3266
 109.000       0.3842
 110.000       0.3847
 111.000       0.3315
 112.000       0.3352
 113.000       0.3755
 114.000       0.4070
 115.000       0.4039
 116.000       0.3514
 117.000       0.4093
 118.000       0.3822
 119.000       0.3872
 120.000       0.4272
 121.000       0.4598
 122.000       0.4433
 123.000       0.3630
 124.000       0.3870
 125.000       0.4737
 126.000       0.4328
 127.000       0.3516
 128.000       0.3877
 129.000       0.4506
 130.000       0.4666
 131.000       0.4436
 132.000       0.4603
 133.000       0.4998
 134.000       0.4878
 135.000       0.5118
 136.000       0.5238
 137.000       0.4771
 138.000       0.4025
 139.000       0.3448
 140.000       0.3935
 141.000       0.3463
 142.000       0.3164
 143.000       0.3245
 144.000       0.3837
 145.000       0.3609
 146.000       0.3572
 147.000       0.4536
 148.000       0.5147
 149.000       0.5005
 150.000       0.5560
 151.000       0.4250
 152.000       0.5401
 153.000       0.4182
 154.000       0.3582
 155.000       0.4101
 156.000       0.4266
 157.000       0.4299
 158.000       0.3426
 159.000       0.3544
 160.000       0.3690
 161.000       0.3900
 162.000       0.4029
 163.000       0.4240
 164.000       0.5390
 165.000       0.7228
 166.000       0.8795
 167.000       0.9372
 168.000       0.6659
 169.000       0.5780
 170.000       0.4929
 171.000       0.4964
 172.000       0.6724
 173.000       0.9167
 174.000       1.9567
 175.000       2.6873
