#Res             RMSF
   1.000       3.2868
   2.000       1.8811
   3.000       1.0481
   4.000       0.6015
   5.000       0.5601
   6.000       0.4912
   7.000       0.4794
   8.000       0.4841
   9.000       0.4644
  10.000       0.4396
  11.000       0.4746
  12.000       0.5102
  13.000       0.4325
  14.000       0.3812
  15.000       0.4714
  16.000       0.4783
  17.000       0.4337
  18.000       0.4399
  19.000       0.5350
  20.000       0.5614
  21.000       0.5564
  22.000       0.5627
  23.000       0.5032
  24.000       0.4330
  25.000       0.4419
  26.000       0.4507
  27.000       0.4678
  28.000       0.4870
  29.000       0.4485
  30.000       0.3954
  31.000       0.4554
  32.000       0.4802
  33.000       0.4540
  34.000       0.3895
  35.000       0.4388
  36.000       0.5277
  37.000       0.4941
  38.000       0.4823
  39.000       0.6177
  40.000       0.8133
  41.000       0.6915
  42.000       0.6462
  43.000       0.7127
  44.000       0.8834
  45.000       0.4914
  46.000       0.4904
  47.000       0.5017
  48.000       0.5477
  49.000       0.5764
  50.000       0.5355
  51.000       0.4290
  52.000       0.3666
  53.000       0.4177
  54.000       0.4360
  55.000       0.3789
  56.000       0.3259
  57.000       0.3635
  58.000       0.3979
  59.000       0.3924
  60.000       0.3790
  61.000       0.3976
  62.000       0.4167
  63.000       0.3964
  64.000       0.3628
  65.000       0.4078
  66.000       0.3579
  67.000       0.3313
  68.000       0.4001
  69.000       0.3879
  70.000       0.3355
  71.000       0.3655
  72.000       0.4445
  73.000       0.4020
  74.000       0.3980
  75.000       0.4602
  76.000       0.4658
  77.000       0.4898
  78.000       0.5487
  79.000       0.4542
  80.000       0.4494
  81.000       0.3853
  82.000       0.3438
  83.000       0.4023
  84.000       0.4479
  85.000       0.4404
  86.000       0.3601
  87.000       0.4189
  88.000       0.5050
  89.000       0.4171
  90.000       0.4098
  91.000       0.4288
  92.000       0.5052
  93.000       0.5405
  94.000       0.6010
  95.000       0.7528
  96.000       0.8343
  97.000       0.9063
