#Res             RMSF
  98.000       1.2813
  99.000       0.6910
 100.000       0.8124
 101.000       0.8829
 102.000       0.5378
 103.000       0.4013
 104.000       0.4029
 105.000       0.3862
 106.000       0.3672
 107.000       0.3393
 108.000       0.3161
 109.000       0.3488
 110.000       0.3638
 111.000       0.3187
 112.000       0.3329
 113.000       0.3805
 114.000       0.3952
 115.000       0.3957
 116.000       0.3419
 117.000       0.4014
 118.000       0.3674
 119.000       0.3757
 120.000       0.4037
 121.000       0.4440
 122.000       0.4295
 123.000       0.3468
 124.000       0.3760
 125.000       0.4571
 126.000       0.4224
 127.000       0.3428
 128.000       0.3775
 129.000       0.4454
 130.000       0.4611
 131.000       0.4255
 132.000       0.4790
 133.000       0.5142
 134.000       0.4781
 135.000       0.4946
 136.000       0.5088
 137.000       0.4624
 138.000       0.3693
 139.000       0.3134
 140.000       0.3640
 141.000       0.3354
 142.000       0.2963
 143.000       0.3082
 144.000       0.3763
 145.000       0.3481
 146.000       0.3286
 147.000       0.4208
 148.000       0.4580
 149.000       0.4636
 150.000       0.5341
 151.000       0.4158
 152.000       0.5352
 153.000       0.4136
 154.000       0.3636
 155.000       0.4094
 156.000       0.4228
 157.000       0.4392
 158.000       0.3414
 159.000       0.3362
 160.000       0.3546
 161.000       0.4009
 162.000       0.3673
 163.000       0.3685
 164.000       0.4730
 165.000       0.6303
 166.000       0.6009
 167.000       0.6040
 168.000       0.5764
 169.000       0.4829
 170.000       0.4003
 171.000       0.3985
 172.000       0.5566
 173.000       0.7439
 174.000       2.0274
 175.000       2.1599
