#Res             RMSF
 558.000       1.4471
 559.000       0.9228
 560.000       0.6499
 561.000       0.5461
 562.000       0.6500
 563.000       0.6904
 564.000       0.5450
 565.000       0.5860
 566.000       0.4795
 567.000       0.5672
 568.000       0.4707
 569.000       0.5462
 570.000       0.4830
 571.000       0.5499
 572.000       0.4952
 573.000       0.4277
 574.000       0.4124
 575.000       0.5069
 576.000       0.5004
 577.000       0.5112
 578.000       0.6462
 579.000       0.7382
 580.000       0.7308
 581.000       0.6391
 582.000       0.5686
 583.000       0.6200
 584.000       0.5976
 585.000       0.5538
 586.000       0.5134
 587.000       1.1669
 588.000       1.0077
 589.000       0.5402
 590.000       0.3799
 591.000       0.3338
 592.000       0.3642
 593.000       0.3653
 594.000       0.3510
 595.000       0.3505
 596.000       0.3844
 597.000       0.3999
 598.000       0.3884
 599.000       0.3853
 600.000       0.4193
 601.000       0.4403
 602.000       0.4087
 603.000       0.4598
 604.000       0.5228
 605.000       0.4467
 606.000       0.4610
 607.000       0.5136
 608.000       0.4709
 609.000       0.4377
 610.000       0.5279
 611.000       0.6399
 612.000       0.6106
 613.000       0.5452
 614.000       0.7651
 615.000       0.8656
 616.000       0.7992
 617.000       0.8560
 618.000       0.6522
 619.000       0.6666
 620.000       0.5378
 621.000       0.3750
 622.000       0.3806
 623.000       0.3951
 624.000       0.4284
 625.000       0.4093
 626.000       0.4024
 627.000       0.4923
 628.000       0.6114
 629.000       0.6073
 630.000       0.6600
 631.000       0.7733
 632.000       1.0619
 633.000       1.2157
 634.000       1.2723
 635.000       1.1845
 636.000       1.0251
 637.000       1.1049
 638.000       1.0451
 639.000       0.8241
 640.000       0.6807
 641.000       1.1200
 642.000       0.7976
 643.000       0.5303
 644.000       0.4991
 645.000       0.4898
 646.000       0.5144
 647.000       0.4998
 648.000       0.5330
 649.000       0.6317
 650.000       0.6787
 651.000       0.8353
 652.000       0.7254
 653.000       0.7865
 654.000       0.7132
 655.000       0.7010
 656.000       0.8188
 657.000       0.7882
 658.000       0.6931
 659.000       0.8089
 660.000       1.2095
 661.000       1.9701
