#Res             RMSF
   1.000       3.2874
   2.000       1.8812
   3.000       1.0479
   4.000       0.6010
   5.000       0.5600
   6.000       0.4915
   7.000       0.4798
   8.000       0.4843
   9.000       0.4642
  10.000       0.4395
  11.000       0.4747
  12.000       0.5102
  13.000       0.4329
  14.000       0.3806
  15.000       0.4692
  16.000       0.4781
  17.000       0.4337
  18.000       0.4396
  19.000       0.5353
  20.000       0.5620
  21.000       0.5566
  22.000       0.5632
  23.000       0.5038
  24.000       0.4333
  25.000       0.4424
  26.000       0.4511
  27.000       0.4682
  28.000       0.4857
  29.000       0.4481
  30.000       0.3956
  31.000       0.4553
  32.000       0.4803
  33.000       0.4545
  34.000       0.3896
  35.000       0.4390
  36.000       0.5281
  37.000       0.4939
  38.000       0.4822
  39.000       0.6179
  40.000       0.8138
  41.000       0.6911
  42.000       0.6461
  43.000       0.7131
  44.000       0.8836
  45.000       0.4917
  46.000       0.4910
  47.000       0.5023
  48.000       0.5478
  49.000       0.5768
  50.000       0.5358
  51.000       0.4292
  52.000       0.3664
  53.000       0.4176
  54.000       0.4360
  55.000       0.3793
  56.000       0.3262
  57.000       0.3638
  58.000       0.3983
  59.000       0.3928
  60.000       0.3794
  61.000       0.3979
  62.000       0.4172
  63.000       0.3968
  64.000       0.3630
  65.000       0.4077
  66.000       0.3573
  67.000       0.3301
  68.000       0.3986
  69.000       0.3878
  70.000       0.3350
  71.000       0.3652
  72.000       0.4438
  73.000       0.4004
  74.000       0.3976
  75.000       0.4597
  76.000       0.4654
  77.000       0.4885
  78.000       0.5486
  79.000       0.4544
  80.000       0.4494
  81.000       0.3855
  82.000       0.3436
  83.000       0.4026
  84.000       0.4484
  85.000       0.4409
  86.000       0.3601
  87.000       0.4173
  88.000       0.5039
  89.000       0.4169
  90.000       0.4096
  91.000       0.4291
  92.000       0.5058
  93.000       0.5410
  94.000       0.6014
  95.000       0.7535
  96.000       0.8350
  97.000       0.9074
