#Res             RMSF
 176.000       1.0643
 177.000       0.8513
 178.000       0.6300
 179.000       0.5466
 180.000       0.4935
 181.000       0.5924
 182.000       0.6470
 183.000       0.5068
 184.000       0.5493
 185.000       0.4436
 186.000       0.4895
 187.000       0.4618
 188.000       0.5041
 189.000       0.4240
 190.000       0.5005
 191.000       0.4759
 192.000       0.4118
 193.000       0.3648
 194.000       0.4575
 195.000       0.4830
 196.000       0.4640
 197.000       0.5822
 198.000       0.8845
 199.000       0.9845
 200.000       0.7412
 201.000       0.5367
 202.000       0.5618
 203.000       0.6108
 204.000       0.5113
 205.000       0.4984
 206.000       0.5104
 207.000       0.6558
 208.000       0.4875
 209.000       0.3879
 210.000       0.3560
 211.000       0.3576
 212.000       0.3879
 213.000       0.3807
 214.000       0.3579
 215.000       0.3666
 216.000       0.4344
 217.000       0.4371
 218.000       0.3723
 219.000       0.4314
 220.000       0.4644
 221.000       0.4304
 222.000       0.4824
 223.000       0.5378
 224.000       0.5359
 225.000       0.4845
 226.000       0.6331
 227.000       0.6579
 228.000       0.4658
 229.000       0.5159
 230.000       0.6246
 231.000       0.5734
 232.000       0.4888
 233.000       0.6737
 234.000       0.8094
 235.000       0.7484
 236.000       0.7794
 237.000       0.6213
 238.000       0.6315
 239.000       0.4808
 240.000       0.3796
 241.000       0.4321
 242.000       0.4700
 243.000       0.4156
 244.000       0.4217
 245.000       0.4926
 246.000       0.4977
 247.000       0.5171
 248.000       0.5585
 249.000       0.6611
 250.000       0.8247
 251.000       1.1040
 252.000       0.9775
 253.000       0.7185
 254.000       0.7480
 255.000       0.6626
 256.000       0.6551
 257.000       0.7760
 258.000       0.6880
 259.000       0.8976
 260.000       1.0617
 261.000       0.9513
 262.000       0.9074
 263.000       0.6541
 264.000       0.5407
 265.000       0.5584
 266.000       0.5510
 267.000       0.5599
 268.000       0.6376
 269.000       0.5585
 270.000       0.5849
 271.000       0.6326
 272.000       0.7611
 273.000       0.6874
 274.000       0.7314
 275.000       0.8209
 276.000       0.8668
 277.000       0.7946
 278.000       0.8940
 279.000       1.2441
 280.000       2.0878
