#Res             RMSF
 476.000       3.8138
 477.000       1.7059
 478.000       0.9949
 479.000       0.7102
 480.000       0.5891
 481.000       0.5787
 482.000       0.6090
 483.000       0.6001
 484.000       0.5159
 485.000       0.4805
 486.000       0.4682
 487.000       0.4187
 488.000       0.4040
 489.000       0.3630
 490.000       0.3693
 491.000       0.3840
 492.000       0.3496
 493.000       0.3371
 494.000       0.3757
 495.000       0.3900
 496.000       0.4238
 497.000       0.4580
 498.000       0.3886
 499.000       0.4615
 500.000       0.4188
 501.000       0.4291
 502.000       0.4272
 503.000       0.5262
 504.000       0.4927
 505.000       0.4068
 506.000       0.4595
 507.000       0.5862
 508.000       0.5663
 509.000       0.4114
 510.000       0.4727
 511.000       0.5587
 512.000       0.4671
 513.000       0.4231
 514.000       0.4714
 515.000       0.4806
 516.000       0.4289
 517.000       0.4669
 518.000       0.5186
 519.000       0.4614
 520.000       0.3685
 521.000       0.3760
 522.000       0.4519
 523.000       0.3649
 524.000       0.3162
 525.000       0.3466
 526.000       0.3683
 527.000       0.3216
 528.000       0.3289
 529.000       0.4568
 530.000       0.4953
 531.000       0.5134
 532.000       0.6106
 533.000       0.4863
 534.000       0.7024
 535.000       0.4588
 536.000       0.3839
 537.000       0.3855
 538.000       0.4066
 539.000       0.4090
 540.000       0.3211
 541.000       0.3319
 542.000       0.3502
 543.000       0.3600
 544.000       0.3536
 545.000       0.3793
 546.000       0.4318
 547.000       0.5274
 548.000       0.6303
 549.000       0.7646
 550.000       0.7239
 551.000       0.5872
 552.000       0.4630
 553.000       0.5307
 554.000       0.6449
 555.000       0.6491
 556.000       0.9808
 557.000       2.1061
