#Res             RMSF
 558.000       1.2958
 559.000       0.8817
 560.000       0.6450
 561.000       0.5470
 562.000       0.6907
 563.000       0.7153
 564.000       0.5661
 565.000       0.6320
 566.000       0.5128
 567.000       0.5938
 568.000       0.4963
 569.000       0.5414
 570.000       0.4481
 571.000       0.5510
 572.000       0.5698
 573.000       0.4411
 574.000       0.4267
 575.000       0.5277
 576.000       0.5446
 577.000       0.5203
 578.000       0.6648
 579.000       0.7965
 580.000       0.7595
 581.000       0.6348
 582.000       0.6323
 583.000       0.7208
 584.000       0.7309
 585.000       0.6196
 586.000       0.5456
 587.000       1.1171
 588.000       0.9418
 589.000       0.5405
 590.000       0.4048
 591.000       0.3497
 592.000       0.3717
 593.000       0.3785
 594.000       0.3736
 595.000       0.3595
 596.000       0.3841
 597.000       0.4025
 598.000       0.3957
 599.000       0.3911
 600.000       0.4159
 601.000       0.4298
 602.000       0.4123
 603.000       0.4581
 604.000       0.5049
 605.000       0.4485
 606.000       0.4538
 607.000       0.5257
 608.000       0.4897
 609.000       0.4403
 610.000       0.5087
 611.000       0.6095
 612.000       0.6040
 613.000       0.5438
 614.000       0.7450
 615.000       0.8694
 616.000       0.8334
 617.000       0.8748
 618.000       0.6882
 619.000       0.7106
 620.000       0.5533
 621.000       0.3939
 622.000       0.3988
 623.000       0.4138
 624.000       0.4318
 625.000       0.4185
 626.000       0.4423
 627.000       0.5326
 628.000       0.6141
 629.000       0.6496
 630.000       0.8127
 631.000       1.0253
 632.000       1.2015
 633.000       1.2707
 634.000       1.3255
 635.000       1.1633
 636.000       1.0557
 637.000       1.1979
 638.000       1.1329
 639.000       0.9333
 640.000       0.8322
 641.000       1.4448
 642.000       1.2518
 643.000       0.6509
 644.000       0.5330
 645.000       0.4741
 646.000       0.4945
 647.000       0.4990
 648.000       0.5504
 649.000       0.6526
 650.000       0.6756
 651.000       0.8011
 652.000       0.7522
 653.000       0.8062
 654.000       0.7815
 655.000       0.8093
 656.000       0.9178
 657.000       0.8812
 658.000       0.8091
 659.000       0.9337
 660.000       1.2952
 661.000       2.0030
