#Res             RMSF
 281.000       3.1575
 282.000       2.8575
 283.000       2.1381
 284.000       1.4820
 285.000       1.4311
 286.000       1.1683
 287.000       0.8872
 288.000       0.5944
 289.000       0.4885
 290.000       0.6005
 291.000       0.5125
 292.000       0.4669
 293.000       0.4974
 294.000       0.5148
 295.000       0.4920
 296.000       0.4873
 297.000       0.5978
 298.000       0.7046
 299.000       0.7310
 300.000       0.7535
 301.000       0.9319
 302.000       0.9390
 303.000       0.7649
 304.000       0.7010
 305.000       0.5789
 306.000       0.6710
 307.000       0.8014
 308.000       0.8145
 309.000       0.6314
 310.000       0.7139
 311.000       0.7890
 312.000       0.9235
 313.000       0.9194
 314.000       0.6437
 315.000       0.6817
 316.000       1.2856
 317.000       1.8423
 318.000       1.5249
 319.000       0.8850
 320.000       0.7420
 321.000       0.6315
 322.000       0.6483
 323.000       0.5696
 324.000       0.4689
 325.000       0.4943
 326.000       0.5903
 327.000       0.4738
 328.000       0.4604
 329.000       0.5415
 330.000       0.5376
 331.000       0.4650
 332.000       0.5220
 333.000       0.6473
 334.000       0.6377
 335.000       0.6831
 336.000       0.7171
 337.000       0.6802
 338.000       0.6559
 339.000       0.5511
 340.000       0.4728
 341.000       0.4801
 342.000       0.5056
 343.000       0.4897
 344.000       0.4471
 345.000       0.4380
 346.000       0.4585
 347.000       0.4230
 348.000       0.4444
 349.000       0.4893
 350.000       0.5024
 351.000       0.4877
 352.000       0.4932
 353.000       0.5105
 354.000       0.5598
 355.000       0.7382
 356.000       1.0958
 357.000       0.6706
 358.000       0.5343
 359.000       0.5532
 360.000       0.5519
 361.000       0.5225
 362.000       0.4786
 363.000       0.4960
 364.000       0.4872
 365.000       0.4670
 366.000       0.5156
 367.000       0.5364
 368.000       0.4578
 369.000       0.5428
 370.000       0.6196
 371.000       0.6161
 372.000       0.5986
 373.000       0.7850
 374.000       1.5986
 375.000       3.1342
 376.000       4.4465
