#Res             RMSF
 662.000       2.0099
 663.000       1.1533
 664.000       0.6500
 665.000       0.5604
 666.000       0.4313
 667.000       0.3951
 668.000       0.4720
 669.000       0.4601
 670.000       0.4019
 671.000       0.4129
 672.000       0.4607
 673.000       0.4168
 674.000       0.3989
 675.000       0.5407
 676.000       0.6253
 677.000       0.5721
 678.000       0.5290
 679.000       0.7703
 680.000       0.8603
 681.000       0.6181
 682.000       0.5645
 683.000       0.4230
 684.000       0.4477
 685.000       0.5080
 686.000       0.4957
 687.000       0.3795
 688.000       0.3801
 689.000       0.4354
 690.000       0.3763
 691.000       0.3183
 692.000       0.3389
 693.000       0.3496
 694.000       0.3520
 695.000       0.3346
 696.000       0.3576
 697.000       0.3763
 698.000       0.4006
 699.000       0.3628
 700.000       0.4173
 701.000       0.4048
 702.000       0.3579
 703.000       0.4219
 704.000       0.4853
 705.000       0.4074
 706.000       0.3320
 707.000       0.3795
 708.000       0.3852
 709.000       0.3528
 710.000       0.4047
 711.000       0.4735
 712.000       0.5428
 713.000       0.6797
 714.000       0.6808
 715.000       0.5530
 716.000       0.5476
 717.000       0.5227
 718.000       0.4385
 719.000       0.4333
 720.000       0.4665
 721.000       0.4588
 722.000       0.3686
 723.000       0.3627
 724.000       0.4087
 725.000       0.3877
 726.000       0.3670
 727.000       0.4148
 728.000       0.4690
 729.000       0.4704
 730.000       0.4727
 731.000       0.4847
 732.000       0.6716
 733.000       0.8079
 734.000       0.9904
 735.000       0.6037
 736.000       0.4887
 737.000       0.6373
 738.000       0.5343
 739.000       0.4127
 740.000       0.4230
 741.000       0.4607
 742.000       0.4219
 743.000       0.4150
 744.000       0.5025
 745.000       0.4891
 746.000       0.4259
 747.000       0.4885
 748.000       0.5503
 749.000       0.5551
 750.000       0.5424
 751.000       0.7723
 752.000       1.2282
 753.000       2.6045
