#Res             RMSF
 476.000       5.5173
 477.000       3.2148
 478.000       2.3092
 479.000       0.9314
 480.000       0.6891
 481.000       0.6521
 482.000       0.7604
 483.000       0.8930
 484.000       0.7057
 485.000       0.6462
 486.000       0.5723
 487.000       0.5255
 488.000       0.5358
 489.000       0.4093
 490.000       0.4175
 491.000       0.4544
 492.000       0.4014
 493.000       0.3870
 494.000       0.4455
 495.000       0.4550
 496.000       0.4780
 497.000       0.5095
 498.000       0.4562
 499.000       0.5147
 500.000       0.4727
 501.000       0.4435
 502.000       0.4761
 503.000       0.5702
 504.000       0.5551
 505.000       0.4399
 506.000       0.4873
 507.000       0.6086
 508.000       0.5689
 509.000       0.4388
 510.000       0.4731
 511.000       0.5419
 512.000       0.5044
 513.000       0.4776
 514.000       0.5208
 515.000       0.5374
 516.000       0.5295
 517.000       0.5377
 518.000       0.5731
 519.000       0.5367
 520.000       0.4532
 521.000       0.4531
 522.000       0.5414
 523.000       0.4498
 524.000       0.4179
 525.000       0.4683
 526.000       0.5194
 527.000       0.5051
 528.000       0.5001
 529.000       0.6272
 530.000       0.7040
 531.000       0.7163
 532.000       0.8002
 533.000       0.6769
 534.000       0.8245
 535.000       0.6059
 536.000       0.5033
 537.000       0.5053
 538.000       0.5086
 539.000       0.5352
 540.000       0.4390
 541.000       0.4277
 542.000       0.4851
 543.000       0.5178
 544.000       0.4503
 545.000       0.4671
 546.000       0.6112
 547.000       0.8690
 548.000       1.0000
 549.000       1.1195
 550.000       0.9382
 551.000       0.6042
 552.000       0.4871
 553.000       0.6727
 554.000       1.1866
 555.000       1.4127
 556.000       3.2167
 557.000       4.4250
