0 5
1 2
2 4
3 5
4 4
5 4
6 4
7 3
8 4
9 4
10 3
11 6
12 4
13 2
14 4
15 5
16 4
17 1
18 5
19 3
20 4
21 6
22 2
23 5
24 5
25 3
26 5
27 5
28 5
29 3
30 2
31 4
32 4
33 1
34 5
35 5
36 2
37 1
38 4
39 4
40 4
41 4
42 4
43 2
44 3
45 4
46 4
47 4
48 5
49 3
50 5
51 4
52 3
53 4
54 3
55 6
56 4
57 3
58 3
59 3
60 3
61 2
62 3
63 4
64 3
65 3
66 4
67 5
68 6
69 5
70 5
71 2
72 4
73 6
74 5
75 5
76 3
77 4
78 4
79 4
80 4
81 3
82 4
83 5
84 4
85 3
86 3
87 3
88 4
89 5
90 2
91 3
92 5
93 5
94 2
95 6
96 3
97 4
98 4
99 5
100 5
101 4
102 5
103 5
104 3
105 4
106 4
107 5
108 3
109 4
110 3
111 4
112 6
113 3
114 4
115 3
116 3
117 2
118 3
119 3
120 4
121 2
122 5
123 3
124 4
125 5
126 3
127 2
128 3
129 5
130 3
131 2
132 5
133 5
134 5
135 3
136 4
137 5
138 5
139 2
140 5
141 3
142 4
143 4
144 4
145 2
146 3
147 4
148 3
149 4
150 3
151 4
152 4
153 6
154 4
155 6
156 4
157 5
158 1
159 3
160 2
161 3
162 3
163 4
164 5
165 4
166 4
167 3
168 3
169 3
170 3
171 2
172 3
173 4
174 2
175 4
176 3
177 4
178 5
179 4
180 2
181 3
182 4
183 3
184 4
185 5
186 4
187 1
188 3
189 4
190 4
191 3
192 5
193 5
194 4
195 2
196 2
197 3
198 3
199 4
200 4
201 5
202 4
203 4
204 5
205 5
206 3
207 3
208 5
209 4
210 5
211 3
212 2
213 4
214 5
215 4
216 4
217 3
218 3
219 3
220 4
221 5
222 5
223 3
224 3
225 4
226 4
227 3
228 5
229 5
230 3
231 3
232 5
233 4
234 3
235 4
236 6
237 4
238 2
239 2
240 2
241 3
242 3
243 2
244 3
245 4
246 5
247 6
248 4
249 4
250 3
251 3
252 4
253 2
254 5
255 4
256 2
257 2
258 2
259 2
260 4
261 4
262 5
263 5
264 4
265 4
266 4
267 4
268 5
269 4
270 2
271 4
272 4
273 5
274 5
275 3
276 2
277 3
278 4
279 3
280 3
281 5
282 3
283 4
284 3
285 3
286 4
287 4
288 3
289 3
290 3
291 3
292 3
293 5
294 5
295 4
296 3
297 3
298 3
299 4
300 4
301 3
302 4
303 3
304 2
305 3
306 4
307 4
308 5
309 3
310 2
311 3
312 3
313 4
314 3
315 3
316 2
317 3
318 4
319 2
320 3
321 3
322 4
323 4
324 5
325 2
326 2
327 4
328 3
329 4
330 2
331 4
332 4
333 1
334 3
335 5
336 4
337 3
338 2
339 4
340 4
341 3
342 4
343 3
344 3
345 6
346 3
347 4
348 5
349 6
350 5
351 4
352 5
353 4
354 3
355 3
356 3
357 3
358 4
359 5
360 4
361 3
362 5
363 4
364 4
365 5
366 5
367 4
368 4
369 3
370 5
371 5
372 4
373 1
374 5
375 4
376 3
377 4
378 4
379 5
380 4
381 4
382 2
383 5
384 5
385 3
386 2
387 4
388 3
389 4
390 3
391 4
392 4
393 3
394 4
395 5
396 2
397 5
398 3
399 2
400 3
