0 2
1 1
2 1
3 1
4 2
5 2
6 1
7 2
8 2
9 2
10 2
11 2
12 2
13 2
14 2
15 2
16 1
17 2
18 2
19 2
20 2
21 2
22 2
23 2
24 1
25 1
26 2
27 2
28 2
29 2
30 1
31 2
32 2
33 2
34 2
35 2
36 1
37 2
38 2
39 1
40 1
41 2
42 2
43 2
44 2
45 2
46 2
47 2
48 2
49 2
50 0
51 2
52 2
53 2
54 1
55 1
56 2
57 2
58 1
59 2
60 2
61 2
62 2
63 2
64 1
65 2
66 1
67 2
68 2
69 2
70 2
71 2
72 2
73 1
74 2
75 2
76 1
77 2
78 1
79 2
80 2
81 1
82 2
83 2
84 1
85 2
86 2
87 2
88 1
89 2
90 1
91 2
92 2
93 1
94 2
95 1
96 2
97 1
98 2
99 2
100 2
101 1
102 2
103 2
104 2
105 1
106 1
107 2
108 3
109 1
110 3
111 2
112 2
113 2
114 2
115 1
116 1
117 2
118 2
119 1
120 2
121 1
122 1
123 3
124 1
125 2
126 2
127 2
128 1
129 1
130 2
131 2
132 1
133 1
134 1
135 1
136 0
137 2
138 2
139 2
140 1
141 2
142 1
143 2
144 2
145 2
146 1
147 2
148 1
149 1
150 2
151 2
152 2
153 1
154 1
155 2
156 2
157 2
158 3
159 2
160 1
161 1
162 2
163 2
164 2
165 2
166 1
167 2
168 2
169 1
170 2
171 2
172 1
173 2
174 1
175 1
176 2
177 1
178 1
179 2
180 2
181 1
182 2
183 1
184 1
185 2
186 2
187 2
188 2
189 2
190 2
191 1
192 1
193 2
194 1
195 2
196 2
197 2
198 2
199 2
200 2
201 2
202 2
203 2
204 2
205 2
206 2
207 2
208 1
209 2
210 1
211 2
212 2
213 2
214 2
215 2
216 2
217 1
218 2
219 2
220 1
221 2
222 2
223 2
224 2
225 1
226 2
227 2
228 3
229 2
230 2
231 1
232 2
233 2
234 2
235 2
236 2
237 2
238 1
239 2
240 1
241 1
242 0
243 2
244 2
245 2
246 1
247 2
248 1
249 2
250 2
251 2
252 2
253 2
254 2
255 2
256 3
257 1
258 1
259 2
260 1
261 1
262 1
263 2
264 1
265 2
266 2
267 2
268 1
269 2
270 1
271 2
272 3
273 2
274 2
275 1
276 2
277 2
278 2
279 2
280 1
281 2
282 2
283 1
284 3
285 2
286 1
287 3
288 2
289 3
290 2
291 1
292 3
293 2
294 2
295 2
296 2
297 2
298 1
299 1
300 1
301 2
302 0
303 2
304 2
305 2
306 1
307 1
308 2
309 2
310 2
311 2
312 2
313 1
314 2
315 1
316 1
317 1
318 2
319 1
320 1
321 1
322 3
323 2
324 1
325 2
326 1
327 2
328 2
329 2
330 2
331 2
332 2
333 2
334 1
335 2
336 2
337 2
338 2
339 1
340 2
341 2
342 1
343 1
344 1
345 1
346 2
347 2
348 1
349 2
350 1
351 1
352 1
353 2
354 2
355 1
356 1
357 2
358 2
359 2
360 1
361 1
362 2
363 2
364 0
365 2
366 1
367 1
368 2
369 2
370 2
371 2
372 2
373 1
374 2
375 1
376 2
377 2
378 1
379 1
380 2
381 1
382 2
383 1
384 2
385 2
386 2
387 1
388 2
389 2
390 1
391 2
392 2
393 1
394 1
395 2
396 1
397 2
398 2
399 1
400 1
