#Frame           gap4
       1      23.8782
       2      24.2474
       3      25.2014
       4      24.6523
       5      25.5655
       6      23.7521
       7      23.8963
       8      26.1908
       9      26.5567
      10      24.8806
      11      24.6675
      12      24.2320
      13      26.3820
      14      23.9055
      15      23.2241
      16      24.6312
      17      24.7304
      18      25.1879
      19      23.7003
      20      24.9723
      21      24.8770
      22      25.2271
      23      24.8165
      24      25.9191
      25      24.5786
      26      25.2152
      27      25.7971
      28      25.7985
      29      26.4150
      30      23.9622
      31      24.3819
      32      26.1150
      33      25.9186
      34      24.2044
      35      25.8795
      36      24.6238
      37      24.5105
      38      24.2927
      39      23.8766
      40      23.4814
      41      24.9484
      42      24.5001
      43      26.1179
      44      25.6163
      45      26.3744
      46      26.3585
      47      23.8923
      48      24.6543
      49      25.5512
      50      25.6436
      51      25.8684
      52      25.9003
      53      25.2474
      54      25.9689
      55      25.4503
      56      25.4457
      57      25.9946
      58      26.0925
      59      27.3339
      60      25.5942
      61      26.5490
      62      25.4216
      63      26.2202
      64      25.5599
      65      26.5498
      66      25.4578
      67      26.2889
      68      25.4369
      69      26.8827
      70      25.4995
      71      27.0628
      72      24.3906
      73      25.4584
      74      25.0536
      75      27.1032
      76      26.2718
      77      26.9729
      78      27.6076
      79      26.5886
      80      26.6760
      81      26.1683
      82      26.4683
      83      24.9253
      84      26.4334
      85      24.4386
      86      25.2433
      87      23.0727
      88      23.3662
      89      23.6438
      90      23.0313
      91      23.6401
      92      25.3450
      93      23.1334
      94      23.3233
      95      24.2074
      96      24.2881
      97      23.8209
      98      23.4714
      99      23.2931
     100      24.0437
     101      22.9754
     102      22.2397
     103      22.7850
     104      22.7660
     105      23.1620
     106      23.7025
     107      24.3039
     108      25.9330
     109      24.9481
     110      24.7145
     111      24.3947
     112      24.2769
     113      21.2902
     114      25.4933
     115      24.6504
     116      23.2367
     117      24.5481
     118      23.8895
     119      23.2120
     120      24.1130
     121      24.5548
     122      24.5641
     123      24.2418
     124      25.7068
     125      24.7975
     126      25.9535
     127      24.2383
     128      25.0416
     129      26.1329
     130      24.5454
     131      27.0600
     132      25.2082
     133      24.5822
     134      25.9378
     135      25.0059
     136      23.6390
     137      23.6461
     138      23.1980
     139      26.1652
     140      25.0486
     141      25.2753
     142      24.5946
     143      24.5975
     144      23.7044
     145      24.6967
     146      25.4906
     147      25.6781
     148      25.3144
     149      25.2941
     150      24.6561
     151      24.1522
     152      26.3390
     153      24.0178
     154      25.7882
     155      26.2584
     156      25.9639
     157      26.1999
     158      25.0014
     159      24.0050
     160      25.4991
     161      25.1780
     162      26.0638
     163      25.9153
     164      24.7930
     165      25.9943
     166      24.1933
     167      24.3596
     168      22.4033
     169      23.6490
     170      24.4181
     171      24.6490
     172      24.2630
     173      25.8177
     174      27.3078
     175      24.8871
     176      24.2701
     177      24.9135
     178      26.0370
     179      24.2031
     180      25.8923
     181      26.3031
     182      27.0131
     183      26.8799
     184      25.6867
     185      26.2244
     186      26.2530
     187      26.3833
     188      26.4177
     189      26.2615
     190      25.0812
     191      25.3888
     192      26.3645
     193      24.8899
     194      24.6091
     195      25.1447
     196      24.6677
     197      25.4810
     198      24.2117
     199      25.2096
     200      25.2470
     201      27.2235
     202      27.7097
     203      26.8949
     204      25.7023
     205      24.9255
     206      25.5062
     207      25.3358
     208      24.2888
     209      26.4357
     210      26.6176
     211      25.2272
     212      25.8546
     213      26.2305
     214      26.1354
     215      26.5534
     216      25.5711
     217      25.8438
     218      26.7559
     219      26.3219
     220      26.3628
     221      25.3982
     222      25.9469
     223      24.8102
     224      25.1236
     225      27.0546
     226      25.8098
     227      25.8722
     228      26.2253
     229      25.6503
     230      28.3230
     231      25.7020
     232      26.6211
     233      25.9664
     234      26.3238
     235      24.5048
     236      26.2586
     237      25.4877
     238      26.5226
     239      25.4136
     240      25.1605
     241      25.7128
     242      25.1432
     243      24.8112
     244      25.6490
     245      24.5304
     246      24.3227
     247      25.6881
     248      26.6538
     249      27.6484
     250      27.6387
     251      25.8878
     252      25.2536
     253      25.4261
     254      26.5866
     255      26.6008
     256      28.7169
     257      26.0694
     258      24.9459
     259      25.3347
     260      27.7503
     261      25.7965
     262      25.6647
     263      25.7140
     264      26.4058
     265      26.2385
     266      25.9713
     267      26.8008
     268      27.0190
     269      27.5189
     270      27.7398
     271      27.7398
     272      25.2228
     273      26.3451
     274      24.4841
     275      25.8546
     276      26.0693
     277      27.7718
     278      26.8609
     279      25.6171
     280      26.4242
     281      25.9064
     282      27.4806
     283      26.7830
     284      25.7151
     285      26.5573
     286      24.9480
     287      26.2222
     288      26.1485
     289      25.4345
     290      25.2405
     291      25.2652
     292      25.8223
     293      25.8789
     294      26.4411
     295      27.2873
     296      26.0342
     297      25.4447
     298      27.6200
     299      26.1329
     300      26.9490
     301      27.5744
     302      27.9412
     303      26.5735
     304      27.3565
     305      27.9732
     306      26.6421
     307      26.3937
     308      26.4062
     309      26.9403
     310      26.2912
     311      25.6577
     312      26.2978
     313      27.4302
     314      26.8330
     315      27.5892
     316      26.6258
     317      27.6228
     318      26.9709
     319      26.4567
     320      26.1655
     321      25.2373
     322      25.3446
     323      25.6306
     324      25.2787
     325      25.7161
     326      28.1239
     327      28.0319
     328      25.6352
     329      26.8259
     330      27.6184
     331      26.0366
     332      26.1520
     333      27.4664
     334      24.6780
     335      26.3910
     336      24.4386
     337      25.2674
     338      29.5031
     339      27.6258
     340      25.3371
     341      26.1200
     342      25.1981
     343      26.8757
     344      27.6707
     345      26.3148
     346      26.6453
     347      26.9216
     348      27.6263
     349      26.5864
     350      26.7354
     351      26.0795
     352      26.7949
     353      27.6159
     354      26.0049
     355      24.5078
     356      27.5495
     357      25.9037
     358      27.0399
     359      26.1931
     360      26.7041
     361      24.5741
     362      25.5525
     363      28.0112
     364      26.8524
     365      25.9537
     366      24.7546
     367      25.2533
     368      25.7396
     369      24.8774
     370      25.0572
     371      24.4840
     372      24.8734
     373      25.3554
     374      25.4467
     375      23.9207
     376      24.6670
     377      25.3293
     378      25.4249
     379      25.8338
     380      25.4116
     381      25.5487
     382      26.1639
     383      27.1879
     384      26.0997
     385      27.3414
     386      27.0980
     387      26.5280
     388      27.0828
     389      27.7811
     390      28.0249
     391      25.9070
     392      25.4748
     393      27.6539
     394      26.6253
     395      27.3415
     396      29.0754
     397      28.5838
     398      27.4806
     399      27.5796
     400      27.5210
