#Frame           gap7
       1      23.8186
       2      23.6583
       3      24.4028
       4      24.0765
       5      24.4142
       6      25.3648
       7      24.2716
       8      24.6345
       9      24.5916
      10      24.0987
      11      24.3721
      12      23.8309
      13      23.0493
      14      25.4449
      15      24.0572
      16      24.0833
      17      24.3974
      18      24.1432
      19      24.2892
      20      24.5704
      21      25.0238
      22      23.9525
      23      23.2265
      24      23.4283
      25      23.8476
      26      23.4768
      27      23.7231
      28      22.7438
      29      22.6175
      30      24.2156
      31      24.0631
      32      24.6888
      33      25.4895
      34      25.3112
      35      25.9604
      36      24.8190
      37      25.4768
      38      24.8004
      39      23.8086
      40      24.1003
      41      25.3955
      42      24.4949
      43      24.2909
      44      25.9774
      45      25.4118
      46      25.0962
      47      24.3124
      48      24.6738
      49      23.8182
      50      23.7830
      51      24.0495
      52      25.1737
      53      24.1755
      54      23.8466
      55      24.4404
      56      23.6721
      57      23.4017
      58      23.3501
      59      23.1865
      60      23.3706
      61      22.8902
      62      24.0108
      63      23.9946
      64      24.0801
      65      23.7405
      66      23.7111
      67      23.4629
      68      23.4953
      69      24.3124
      70      24.4034
      71      23.5824
      72      23.2603
      73      23.2681
      74      23.8838
      75      23.8245
      76      24.1169
      77      23.6312
      78      23.6566
      79      23.5631
      80      23.8980
      81      24.2829
      82      23.4941
      83      23.5625
      84      24.3228
      85      23.7385
      86      23.3334
      87      23.7237
      88      24.2056
      89      23.6412
      90      23.8706
      91      23.8420
      92      24.3038
      93      23.9009
      94      24.1509
      95      24.0111
      96      24.3797
      97      24.0200
      98      24.4144
      99      24.4471
     100      25.2868
     101      24.3024
     102      24.9168
     103      24.3056
     104      24.4740
     105      24.4421
     106      24.0311
     107      24.2198
     108      24.5271
     109      24.2354
     110      24.7470
     111      24.2900
     112      24.1222
     113      24.7787
     114      25.1099
     115      24.4974
     116      23.6894
     117      23.7660
     118      23.5365
     119      23.3707
     120      23.9319
     121      24.0948
     122      23.9678
     123      23.3854
     124      23.1138
     125      23.8502
     126      23.7396
     127      23.1659
     128      23.8016
     129      23.4904
     130      23.3892
     131      23.9117
     132      23.2568
     133      23.8083
     134      24.3145
     135      23.7401
     136      23.7695
     137      23.3593
     138      22.2915
     139      23.1045
     140      22.4884
     141      23.0127
     142      22.4753
     143      24.0947
     144      23.1233
     145      22.6935
     146      21.9363
     147      21.9322
     148      22.9694
     149      22.6294
     150      22.8787
     151      22.7103
     152      23.2380
     153      22.7486
     154      23.5168
     155      22.5559
     156      22.9016
     157      22.9254
     158      22.7111
     159      22.6263
     160      22.6077
     161      22.4628
     162      22.0965
     163      22.8903
     164      23.1761
     165      23.1952
     166      23.5258
     167      22.7473
     168      23.6373
     169      23.4705
     170      23.4358
     171      23.3512
     172      23.3624
     173      24.4509
     174      23.2952
     175      23.8610
     176      23.2332
     177      23.3955
     178      23.1421
     179      23.6459
     180      22.5354
     181      22.9325
     182      23.4560
     183      22.6357
     184      22.5806
     185      22.6271
     186      22.2883
     187      22.3423
     188      22.2287
     189      21.6407
     190      22.9748
     191      21.8344
     192      21.8421
     193      21.7413
     194      22.1507
     195      23.5233
     196      23.1676
     197      23.2712
     198      23.4661
     199      23.4246
     200      24.4833
     201      23.3057
     202      23.6891
     203      23.8755
     204      23.6493
     205      23.2608
     206      24.2409
     207      22.9447
     208      22.9654
     209      23.7327
     210      23.7905
     211      23.4915
     212      24.0316
     213      23.1760
     214      23.3309
     215      23.0672
     216      23.4262
     217      23.1068
     218      23.4416
     219      23.2370
     220      22.8423
     221      23.8164
     222      23.1609
     223      23.4632
     224      23.6464
     225      23.1650
     226      22.8864
     227      23.6183
     228      22.9768
     229      23.3176
     230      23.2909
     231      23.7854
     232      23.7010
     233      23.4833
     234      22.4434
     235      23.9997
     236      23.7185
     237      23.4725
     238      23.6303
     239      23.8910
     240      23.4860
     241      22.4160
     242      23.2672
     243      23.4800
     244      23.0247
     245      23.8610
     246      24.1558
     247      23.2374
     248      23.5555
     249      23.6769
     250      22.6893
     251      23.8018
     252      21.8553
     253      21.9090
     254      22.0968
     255      22.4962
     256      22.1303
     257      22.3045
     258      21.8022
     259      22.1016
     260      22.1434
     261      21.9957
     262      21.9124
     263      22.1235
     264      21.5325
     265      21.4627
     266      21.3693
     267      22.3980
     268      22.2785
     269      22.3666
     270      21.8529
     271      21.6672
     272      21.9803
     273      21.7756
     274      21.8465
     275      21.7202
     276      22.1715
     277      21.9188
     278      21.8907
     279      21.8985
     280      21.4288
     281      21.9347
     282      22.3233
     283      21.8722
     284      22.1573
     285      21.7297
     286      22.0011
     287      22.0099
     288      22.2387
     289      22.1342
     290      22.0486
     291      22.3904
     292      21.8448
     293      22.3881
     294      22.6357
     295      22.1850
     296      22.7971
     297      21.5358
     298      22.4141
     299      22.5404
     300      22.3917
     301      22.2496
     302      21.9652
     303      21.3557
     304      22.1496
     305      22.2163
     306      21.9157
     307      21.8939
     308      21.5068
     309      21.6066
     310      22.1712
     311      22.2192
     312      21.6221
     313      21.6099
     314      22.6135
     315      22.1843
     316      22.1086
     317      21.8160
     318      22.2410
     319      22.1873
     320      22.2256
     321      22.6417
     322      22.1580
     323      22.1426
     324      22.3134
     325      22.3195
     326      22.1793
     327      21.6612
     328      22.4543
     329      22.1834
     330      22.2588
     331      22.3700
     332      22.7203
     333      23.9877
     334      23.5381
     335      23.1550
     336      23.3809
     337      23.8517
     338      23.5758
     339      23.6412
     340      23.4897
     341      23.4408
     342      22.8339
     343      24.4005
     344      23.2406
     345      23.3821
     346      23.6022
     347      22.8846
     348      23.5378
     349      23.5926
     350      23.2432
     351      23.3491
     352      24.1821
     353      23.4949
     354      23.1401
     355      23.9061
     356      24.0956
     357      23.9122
     358      23.4514
     359      23.3773
     360      24.2071
     361      24.0961
     362      24.5606
     363      23.3321
     364      22.9556
     365      23.5953
     366      23.8352
     367      23.6033
     368      23.7721
     369      23.6159
     370      23.0722
     371      23.5036
     372      23.3624
     373      22.8250
     374      22.4917
     375      23.0044
     376      22.3751
     377      22.5822
     378      23.0048
     379      22.8776
     380      22.3521
     381      22.3548
     382      21.7306
     383      21.5587
     384      21.3201
     385      21.7450
     386      21.5960
     387      22.0699
     388      22.3357
     389      21.4664
     390      22.2153
     391      22.0017
     392      21.7968
     393      21.8586
     394      21.7829
     395      21.8531
     396      22.0472
     397      22.3903
     398      22.3267
     399      21.8301
     400      22.0450
