#Frame      end1_rmsd
       1       0.0000
       2       2.3853
       3       2.0803
       4       2.1283
       5       1.7268
       6       1.7699
       7       2.0351
       8       2.5563
       9       2.6918
      10       4.9270
      11       3.4181
      12       3.1998
      13       5.3979
      14       4.3596
      15       3.8876
      16       3.0194
      17       3.8234
      18       4.1865
      19       3.8047
      20       2.8978
      21       4.4950
      22       5.0545
      23       5.3074
      24       4.3442
      25       5.0353
      26       4.7133
      27       3.9860
      28       4.2842
      29       4.0338
      30       3.0079
      31       4.2287
      32       3.3917
      33       2.9961
      34       4.0035
      35       4.4181
      36       4.5626
      37       3.1829
      38       5.4329
      39       4.6771
      40       4.4074
      41       4.2473
      42       5.1074
      43       3.8009
      44       3.4439
      45       2.6227
      46       4.0397
      47       4.5370
      48       3.8337
      49       3.9636
      50       4.2547
      51       3.4339
      52       2.8172
      53       3.4471
      54       3.9508
      55       2.6263
      56       3.8680
      57       3.5410
      58       1.8567
      59       4.7769
      60       5.0190
      61       3.7382
      62       3.7183
      63       3.1992
      64       3.0165
      65       4.7833
      66       5.2959
      67       5.0895
      68       6.2936
      69       5.6230
      70       4.5883
      71       3.4814
      72       3.7767
      73       3.6451
      74       5.2840
      75       3.4463
      76       2.6133
      77       5.1166
      78       3.8707
      79       3.3711
      80       3.5775
      81       3.8424
      82       4.0943
      83       3.5961
      84       2.6379
      85       2.8030
      86       4.6277
      87       3.5094
      88       3.7326
      89       3.1055
      90       2.9637
      91       3.1578
      92       2.3691
      93       2.6524
      94       2.4574
      95       3.1869
      96       4.3358
      97       3.9248
      98       5.0414
      99       2.6694
     100       4.3452
     101       3.4394
     102       3.6559
     103       2.6779
     104       2.4859
     105       3.4345
     106       5.1846
     107       6.0387
     108       5.2967
     109       3.0933
     110       4.4369
     111       4.0022
     112       4.3535
     113       2.4402
     114       2.5164
     115       2.3573
     116       4.4259
     117       3.7816
     118       3.5510
     119       2.8250
     120       3.2053
     121       3.5385
     122       2.9711
     123       2.8329
     124       4.2835
     125       3.6550
     126       4.2315
     127       4.5923
     128       4.3564
     129       4.1022
     130       4.6963
     131       4.4085
     132       4.4877
     133       4.1142
     134       4.2385
     135       5.2309
     136       5.2857
     137       5.2969
     138       6.8235
     139       6.1057
     140       7.4131
     141       5.4913
     142       6.1123
     143       4.5087
     144       5.0260
     145       5.5849
     146       8.1777
     147       7.6468
     148       7.1486
     149       6.2516
     150       8.5151
     151       6.4565
     152       5.7506
     153       5.7426
     154       6.7491
     155       8.2563
     156       7.6470
     157       6.8482
     158       5.9681
     159       6.3774
     160       6.0951
     161       5.8828
     162       7.0644
     163       4.5390
     164       6.5377
     165       4.7857
     166       5.0291
     167       5.9510
     168       4.7475
     169       4.9950
     170       4.7206
     171       6.0100
     172       6.3296
     173       5.5643
     174       5.5028
     175       5.0852
     176       6.4809
     177       4.6582
     178       4.8821
     179       5.0539
     180       5.7537
     181       5.2834
     182       6.8183
     183       5.7721
     184       6.2129
     185       7.9055
     186       7.3332
     187       8.4569
     188       8.2300
     189       8.2271
     190       6.2985
     191       7.4605
     192       9.3780
     193       8.2780
     194       8.3580
     195       6.3622
     196       5.6019
     197       5.4474
     198       7.1384
     199       4.8964
     200       4.3284
     201       5.0049
     202       7.2681
     203       4.8299
     204       6.0257
     205       5.9281
     206       5.4822
     207       6.7905
     208       6.7986
     209       5.5453
     210       5.1036
     211       6.2769
     212       5.7855
     213       6.2043
     214       6.0940
     215       5.8112
     216       5.8722
     217       7.3555
     218       6.5390
     219       7.2289
     220       6.5297
     221       5.3458
     222       4.3111
     223       5.8706
     224       5.5561
     225       5.4775
     226       6.0920
     227       6.2673
     228       6.9584
     229       5.9167
     230       6.6843
     231       5.7917
     232       6.1532
     233       4.7818
     234       5.8686
     235       6.2158
     236       5.6179
     237       6.1252
     238       5.7238
     239       6.9391
     240       6.6921
     241       7.9063
     242       7.0900
     243       6.3751
     244       6.6553
     245       5.2415
     246       6.8359
     247       6.1563
     248       6.6356
     249       6.4880
     250       6.8628
     251       6.4671
     252       9.0642
     253       7.2213
     254       7.7453
     255       7.3068
     256       6.9723
     257       8.3318
     258      10.0885
     259       9.4454
     260       7.4307
     261       8.2906
     262       6.9750
     263       7.6002
     264       9.2713
     265       8.6946
     266       7.6424
     267       7.0643
     268       7.3669
     269       7.9442
     270       7.3565
     271       7.1638
     272       7.2960
     273       8.2607
     274       7.8734
     275       8.5096
     276       7.9987
     277       8.6761
     278       8.6790
     279       9.0919
     280       9.2894
     281       8.5063
     282       8.2296
     283       9.4742
     284       9.0033
     285      10.6685
     286      10.3665
     287       9.4124
     288      10.7289
     289       9.3047
     290       8.6112
     291       8.6204
     292       9.9499
     293       9.4912
     294       8.7592
     295       7.0327
     296       7.1934
     297       9.9585
     298       7.6334
     299       8.4890
     300       8.3411
     301       8.9271
     302      10.9643
     303      12.2350
     304       9.6325
     305       9.4725
     306       7.3692
     307       8.6840
     308       7.8274
     309       7.9619
     310       7.7698
     311      10.0101
     312       9.3814
     313      10.4175
     314       9.4993
     315      10.1951
     316      11.4260
     317       8.0791
     318       9.8281
     319       8.7591
     320      10.0359
     321       8.8337
     322       9.4232
     323       8.9239
     324       9.3870
     325       7.1090
     326       8.9631
     327       8.8545
     328       7.5419
     329      10.2440
     330       9.0969
     331       8.3461
     332       7.0020
     333       5.5702
     334       6.7694
     335       6.9516
     336       6.5478
     337       5.6215
     338       6.2678
     339       7.0011
     340       6.4453
     341       6.7746
     342       7.6643
     343       5.7928
     344       5.9652
     345       6.0273
     346       7.0328
     347       6.9673
     348       6.3405
     349       6.2079
     350       6.1219
     351       6.1518
     352       5.2712
     353       6.1751
     354       5.7903
     355       5.1473
     356       5.8137
     357       4.3868
     358       5.2598
     359       6.1015
     360       6.1678
     361       6.3476
     362       5.5505
     363       6.6476
     364       6.1229
     365       6.1220
     366       6.1692
     367       4.9532
     368       2.6333
     369       5.2793
     370       6.6333
     371       5.8542
     372       7.1045
     373       6.8733
     374       5.4663
     375       6.4076
     376       6.6781
     377       5.0817
     378       6.3164
     379       6.4926
     380       6.6967
     381       6.4069
     382       7.9735
     383       6.7979
     384       7.6725
     385       7.1440
     386       6.4415
     387       8.1552
     388       8.1138
     389       7.6531
     390       6.9877
     391       7.9409
     392       7.7833
     393       6.7650
     394       7.4027
     395       6.9784
     396       7.3841
     397       8.4285
     398       8.5627
     399       7.8175
     400       8.2348
