#Frame      end2_rmsd
       1       0.0000
       2       2.4409
       3       2.6986
       4       3.2299
       5       2.3857
       6       2.9824
       7       2.8296
       8       1.7492
       9       2.2498
      10       3.3203
      11       3.5058
      12       3.6440
      13       3.0809
      14       2.4594
      15       3.9787
      16       3.0094
      17       2.8756
      18       2.2747
      19       2.7287
      20       2.8275
      21       4.0589
      22       3.5864
      23       2.9768
      24       3.3259
      25       3.8825
      26       6.7264
      27       4.6961
      28       3.7450
      29       5.0793
      30       4.7227
      31       4.4348
      32       4.7238
      33       4.1023
      34       2.8549
      35       2.8295
      36       3.0621
      37       3.3240
      38       3.1815
      39       3.4771
      40       4.9042
      41       5.6850
      42       3.9195
      43       2.7399
      44       2.9739
      45       5.6928
      46       3.7947
      47       4.5795
      48       3.8521
      49       3.5253
      50       4.2493
      51       3.4828
      52       2.4273
      53       2.8621
      54       3.4710
      55       2.8644
      56       2.7207
      57       2.9878
      58       2.5758
      59       2.6422
      60       3.5714
      61       3.6221
      62       3.2356
      63       3.0772
      64       3.9768
      65       3.3095
      66       3.1159
      67       3.4797
      68       3.7397
      69       3.6782
      70       3.4306
      71       4.1015
      72       3.7728
      73       3.7340
      74       3.5963
      75       3.1101
      76       4.0958
      77       4.2321
      78       3.6690
      79       4.9616
      80       3.3387
      81       3.4097
      82       4.6496
      83       3.9290
      84       4.4055
      85       4.0546
      86       4.2347
      87       4.6807
      88       4.8127
      89       3.3814
      90       4.6273
      91       3.1521
      92       2.8636
      93       3.6446
      94       4.9551
      95       3.9902
      96       4.6165
      97       3.6063
      98       3.0057
      99       2.3430
     100       3.6155
     101       3.4811
     102       3.4054
     103       3.4129
     104       3.7176
     105       3.6920
     106       4.0309
     107       3.0931
     108       4.0404
     109       4.6866
     110       4.9677
     111       4.5193
     112       4.7113
     113       4.0798
     114       3.5971
     115       3.1480
     116       4.7057
     117       4.0259
     118       4.1183
     119       3.8968
     120       4.4977
     121       5.3642
     122       4.2554
     123       5.6358
     124       4.8354
     125       5.3910
     126       4.2684
     127       3.8213
     128       5.5643
     129       4.0400
     130       3.6888
     131       4.8921
     132       3.3437
     133       3.0737
     134       4.0145
     135       6.2137
     136       5.8076
     137       5.1929
     138       3.2072
     139       3.6994
     140       2.5425
     141       3.4377
     142       5.3028
     143       4.2135
     144       4.8014
     145       3.2669
     146       4.2791
     147       3.5456
     148       4.0522
     149       3.7217
     150       4.9666
     151       5.5755
     152       4.9178
     153       5.9409
     154       5.4859
     155       5.8165
     156       5.7400
     157       5.9565
     158       4.4931
     159       6.3622
     160       5.6017
     161       8.3404
     162      10.2074
     163      10.8612
     164       9.7844
     165       9.4447
     166       8.4613
     167       9.9949
     168       8.7614
     169       7.6851
     170       6.5594
     171       7.7182
     172       7.0468
     173       5.8837
     174       6.4052
     175       6.9844
     176       6.9516
     177       6.7200
     178       6.9043
     179       6.9581
     180       7.3061
     181       8.1303
     182       5.2713
     183       5.7606
     184       6.3106
     185       5.2073
     186       4.6677
     187       5.2604
     188       6.5841
     189       6.0426
     190       5.1845
     191       6.7379
     192       4.5596
     193       6.0202
     194       6.1693
     195       6.6152
     196       7.8630
     197       7.0013
     198       6.7423
     199       6.1490
     200       7.7551
     201       5.1712
     202       7.1564
     203       5.4501
     204       6.6435
     205       4.5580
     206       4.2665
     207       5.0866
     208       4.7644
     209       5.8127
     210       4.3776
     211       5.0583
     212       7.2204
     213       6.2022
     214       5.0399
     215       3.9789
     216       4.1401
     217       6.0488
     218       5.4690
     219       5.5698
     220       5.6691
     221       5.8594
     222       5.3623
     223       4.9580
     224       5.4885
     225       6.1095
     226       6.4865
     227       8.4975
     228       7.7309
     229       6.0593
     230       6.8158
     231       5.5412
     232       7.5072
     233       6.7061
     234       7.0198
     235       4.6249
     236       4.4085
     237       4.3779
     238       6.0271
     239       6.0203
     240       5.5452
     241       5.3064
     242       5.8398
     243       4.2620
     244       5.3471
     245       5.1999
     246       4.4794
     247       3.9186
     248       4.6153
     249       6.4707
     250       6.9561
     251       5.9664
     252       7.1162
     253       6.8720
     254       6.7917
     255       6.1561
     256       6.1913
     257       5.3549
     258       5.8884
     259       4.9661
     260       5.4681
     261       4.6426
     262       4.1389
     263       4.1685
     264       4.0661
     265       3.9242
     266       5.2288
     267       4.8873
     268       4.5246
     269       4.9565
     270       4.4630
     271       4.6442
     272       4.9774
     273       5.0466
     274       5.9082
     275       4.6639
     276       4.5419
     277       7.0587
     278       5.4742
     279       6.0111
     280       5.9151
     281       5.1834
     282       5.4283
     283       5.1382
     284       4.8845
     285       6.1230
     286       5.5796
     287       5.8058
     288       4.8377
     289       5.2283
     290       5.5558
     291       4.8689
     292       5.4486
     293       5.1368
     294       5.6371
     295       5.4153
     296       5.2245
     297       4.7741
     298       4.7679
     299       4.2699
     300       4.9992
     301       4.5203
     302       4.7069
     303       4.0907
     304       4.9430
     305       4.9221
     306       4.2875
     307       5.9191
     308       5.1863
     309       5.2008
     310       5.0556
     311       5.4338
     312       5.3259
     313       6.3817
     314       5.0185
     315       4.7389
     316       4.8793
     317       5.6676
     318       6.0664
     319       5.7978
     320       5.6403
     321       5.0095
     322       5.0603
     323       5.3430
     324       6.1120
     325       6.1642
     326       4.5258
     327       5.1327
     328       5.6161
     329       7.4509
     330       6.5078
     331       5.8100
     332       4.7583
     333       6.0194
     334       5.2211
     335       6.0037
     336       4.9608
     337       6.0558
     338       4.4971
     339       5.0318
     340       5.5831
     341       5.4301
     342       5.6524
     343       5.6936
     344       5.6176
     345       5.5084
     346       6.2994
     347       6.8723
     348       6.0315
     349       4.6682
     350       5.6678
     351       6.4504
     352       6.8718
     353       7.1038
     354       6.6941
     355       5.6381
     356       5.2154
     357       6.9398
     358       6.0823
     359       5.8639
     360       5.2713
     361       6.5558
     362       6.1303
     363       5.6734
     364       5.6774
     365       5.9713
     366       5.6692
     367       5.6661
     368       5.1428
     369       5.9294
     370       6.1236
     371       5.7886
     372       5.6845
     373       4.3717
     374       5.0034
     375       5.5832
     376       6.4414
     377       5.1122
     378       5.5181
     379       5.5579
     380       5.7778
     381       5.1372
     382       5.5616
     383       5.5072
     384       5.6865
     385       5.5395
     386       6.2240
     387       5.5839
     388       5.4525
     389       6.0614
     390       6.1370
     391       5.2120
     392       7.6508
     393       6.6487
     394       7.6163
     395       7.4055
     396       6.7499
     397       6.7447
     398       7.0712
     399       6.6786
     400       7.1715
