#Res             RMSF
 662.000       3.3143
 663.000       2.6189
 664.000       1.8885
 665.000       0.6478
 666.000       0.5434
 667.000       0.6286
 668.000       0.7086
 669.000       0.5602
 670.000       0.4760
 671.000       0.4971
 672.000       0.5252
 673.000       0.4218
 674.000       0.4435
 675.000       0.6214
 676.000       0.6928
 677.000       0.6402
 678.000       0.6371
 679.000       0.7499
 680.000       0.8274
 681.000       0.5927
 682.000       0.6043
 683.000       0.5335
 684.000       0.5823
 685.000       0.6846
 686.000       0.6873
 687.000       0.5189
 688.000       0.5071
 689.000       0.5774
 690.000       0.4781
 691.000       0.4150
 692.000       0.4603
 693.000       0.4864
 694.000       0.4510
 695.000       0.4325
 696.000       0.4506
 697.000       0.4608
 698.000       0.4383
 699.000       0.3847
 700.000       0.4493
 701.000       0.4563
 702.000       0.3819
 703.000       0.4302
 704.000       0.4744
 705.000       0.3843
 706.000       0.3564
 707.000       0.4486
 708.000       0.4182
 709.000       0.3671
 710.000       0.4300
 711.000       0.4960
 712.000       0.5609
 713.000       0.6584
 714.000       0.6725
 715.000       0.6802
 716.000       0.7743
 717.000       0.5244
 718.000       0.4369
 719.000       0.4510
 720.000       0.4621
 721.000       0.4236
 722.000       0.3655
 723.000       0.3714
 724.000       0.4059
 725.000       0.3533
 726.000       0.3485
 727.000       0.3861
 728.000       0.4614
 729.000       0.4532
 730.000       0.4485
 731.000       0.4542
 732.000       0.5719
 733.000       0.7617
 734.000       0.8029
 735.000       0.5704
 736.000       0.4520
 737.000       0.5629
 738.000       0.5031
 739.000       0.4118
 740.000       0.4119
 741.000       0.4579
 742.000       0.4317
 743.000       0.4274
 744.000       0.4872
 745.000       0.4991
 746.000       0.4298
 747.000       0.4937
 748.000       0.5706
 749.000       0.5453
 750.000       0.5538
 751.000       0.7363
 752.000       1.3822
 753.000       2.7094
