#Res             RMSF
 662.000       3.2140
 663.000       2.5555
 664.000       2.0621
 665.000       0.6523
 666.000       0.5246
 667.000       0.5391
 668.000       0.5839
 669.000       0.5187
 670.000       0.4732
 671.000       0.4713
 672.000       0.5140
 673.000       0.4111
 674.000       0.4394
 675.000       0.6023
 676.000       0.6512
 677.000       0.5905
 678.000       0.5515
 679.000       0.6665
 680.000       0.8685
 681.000       0.5676
 682.000       0.5662
 683.000       0.5063
 684.000       0.5541
 685.000       0.6983
 686.000       0.6917
 687.000       0.4799
 688.000       0.4576
 689.000       0.5396
 690.000       0.4268
 691.000       0.3860
 692.000       0.4297
 693.000       0.4641
 694.000       0.4436
 695.000       0.4238
 696.000       0.4472
 697.000       0.4630
 698.000       0.4394
 699.000       0.4010
 700.000       0.4650
 701.000       0.4637
 702.000       0.3989
 703.000       0.4434
 704.000       0.4904
 705.000       0.3903
 706.000       0.3684
 707.000       0.4677
 708.000       0.4185
 709.000       0.3491
 710.000       0.3940
 711.000       0.4650
 712.000       0.5041
 713.000       0.5452
 714.000       0.6319
 715.000       0.6971
 716.000       0.7920
 717.000       0.5057
 718.000       0.4652
 719.000       0.4810
 720.000       0.4838
 721.000       0.4411
 722.000       0.3900
 723.000       0.3964
 724.000       0.4274
 725.000       0.3656
 726.000       0.3601
 727.000       0.3956
 728.000       0.4751
 729.000       0.4668
 730.000       0.4549
 731.000       0.4644
 732.000       0.6044
 733.000       0.7571
 734.000       0.7852
 735.000       0.5585
 736.000       0.4749
 737.000       0.5787
 738.000       0.5101
 739.000       0.4216
 740.000       0.4276
 741.000       0.4719
 742.000       0.4419
 743.000       0.4230
 744.000       0.4858
 745.000       0.4855
 746.000       0.4114
 747.000       0.4713
 748.000       0.5580
 749.000       0.5281
 750.000       0.5577
 751.000       0.7547
 752.000       1.0416
 753.000       2.3220
