#Res             RMSF
   1.000       2.3307
   2.000       1.4689
   3.000       0.9255
   4.000       0.5051
   5.000       0.5382
   6.000       0.4811
   7.000       0.5199
   8.000       0.4924
   9.000       0.4609
  10.000       0.4344
  11.000       0.4687
  12.000       0.4834
  13.000       0.4222
  14.000       0.3644
  15.000       0.4251
  16.000       0.4058
  17.000       0.4088
  18.000       0.4000
  19.000       0.4478
  20.000       0.4955
  21.000       0.5266
  22.000       0.5209
  23.000       0.4899
  24.000       0.4261
  25.000       0.4478
  26.000       0.5572
  27.000       0.5327
  28.000       0.5365
  29.000       0.5129
  30.000       0.4375
  31.000       0.5018
  32.000       0.5392
  33.000       0.4922
  34.000       0.4048
  35.000       0.4493
  36.000       0.5238
  37.000       0.4925
  38.000       0.4748
  39.000       0.6135
  40.000       0.8221
  41.000       0.7147
  42.000       0.6772
  43.000       0.7595
  44.000       1.0143
  45.000       0.5649
  46.000       0.5882
  47.000       0.5587
  48.000       0.5704
  49.000       0.5828
  50.000       0.5347
  51.000       0.4560
  52.000       0.4219
  53.000       0.4638
  54.000       0.4721
  55.000       0.4152
  56.000       0.3697
  57.000       0.3988
  58.000       0.4166
  59.000       0.4310
  60.000       0.4196
  61.000       0.4379
  62.000       0.4513
  63.000       0.4066
  64.000       0.3611
  65.000       0.4358
  66.000       0.3906
  67.000       0.3374
  68.000       0.3902
  69.000       0.3774
  70.000       0.3431
  71.000       0.3463
  72.000       0.4327
  73.000       0.4078
  74.000       0.4138
  75.000       0.4722
  76.000       0.4808
  77.000       0.5229
  78.000       0.5917
  79.000       0.5008
  80.000       0.4877
  81.000       0.4178
  82.000       0.3622
  83.000       0.4548
  84.000       0.4829
  85.000       0.4868
  86.000       0.3898
  87.000       0.4671
  88.000       0.5484
  89.000       0.4723
  90.000       0.4574
  91.000       0.5776
  92.000       0.6724
  93.000       0.6228
  94.000       0.7329
  95.000       0.9955
  96.000       1.5682
  97.000       2.5343
