#Res             RMSF
 281.000       4.1031
 282.000       2.7581
 283.000       2.0265
 284.000       1.5295
 285.000       1.3326
 286.000       1.3032
 287.000       0.7344
 288.000       0.5754
 289.000       0.6902
 290.000       0.7441
 291.000       0.6226
 292.000       0.5536
 293.000       0.5542
 294.000       0.5612
 295.000       0.4711
 296.000       0.4730
 297.000       0.6373
 298.000       0.7028
 299.000       0.6619
 300.000       0.6181
 301.000       0.7877
 302.000       0.8516
 303.000       0.6188
 304.000       0.5932
 305.000       0.5286
 306.000       0.5886
 307.000       0.7544
 308.000       0.7543
 309.000       0.5664
 310.000       0.5929
 311.000       0.6636
 312.000       0.5261
 313.000       0.4472
 314.000       0.5117
 315.000       0.5248
 316.000       0.4707
 317.000       0.4848
 318.000       0.4887
 319.000       0.4752
 320.000       0.4346
 321.000       0.4077
 322.000       0.4669
 323.000       0.4704
 324.000       0.3997
 325.000       0.4555
 326.000       0.5038
 327.000       0.4295
 328.000       0.3746
 329.000       0.4400
 330.000       0.4762
 331.000       0.4448
 332.000       0.4823
 333.000       0.5630
 334.000       0.6275
 335.000       0.7172
 336.000       0.7473
 337.000       0.6585
 338.000       0.7334
 339.000       0.5386
 340.000       0.4359
 341.000       0.4608
 342.000       0.4551
 343.000       0.4811
 344.000       0.4373
 345.000       0.4069
 346.000       0.4404
 347.000       0.4101
 348.000       0.3960
 349.000       0.4153
 350.000       0.5077
 351.000       0.5402
 352.000       0.5325
 353.000       0.4941
 354.000       0.6135
 355.000       0.7675
 356.000       0.7889
 357.000       0.5606
 358.000       0.4939
 359.000       0.6306
 360.000       0.5346
 361.000       0.4403
 362.000       0.4319
 363.000       0.4710
 364.000       0.4524
 365.000       0.4210
 366.000       0.4568
 367.000       0.4796
 368.000       0.4270
 369.000       0.4415
 370.000       0.5218
 371.000       0.5360
 372.000       0.5194
 373.000       0.6965
 374.000       0.8942
 375.000       1.5490
 376.000       2.6522
