#Res             RMSF
 662.000       2.7672
 663.000       1.9567
 664.000       0.9915
 665.000       0.5738
 666.000       0.4753
 667.000       0.5928
 668.000       0.7294
 669.000       0.5641
 670.000       0.4525
 671.000       0.4836
 672.000       0.5006
 673.000       0.4237
 674.000       0.4410
 675.000       0.5992
 676.000       0.6892
 677.000       0.6360
 678.000       0.6628
 679.000       0.7923
 680.000       0.7503
 681.000       0.5791
 682.000       0.5759
 683.000       0.4807
 684.000       0.5284
 685.000       0.6082
 686.000       0.6141
 687.000       0.4858
 688.000       0.5022
 689.000       0.5574
 690.000       0.4609
 691.000       0.3862
 692.000       0.4375
 693.000       0.4572
 694.000       0.3991
 695.000       0.3854
 696.000       0.4304
 697.000       0.4371
 698.000       0.4074
 699.000       0.3443
 700.000       0.4143
 701.000       0.4299
 702.000       0.3543
 703.000       0.3931
 704.000       0.4315
 705.000       0.3603
 706.000       0.3304
 707.000       0.3891
 708.000       0.3814
 709.000       0.3692
 710.000       0.4461
 711.000       0.5001
 712.000       0.5873
 713.000       0.7140
 714.000       0.6915
 715.000       0.5447
 716.000       0.6682
 717.000       0.5273
 718.000       0.3887
 719.000       0.3924
 720.000       0.4177
 721.000       0.3846
 722.000       0.3330
 723.000       0.3359
 724.000       0.3709
 725.000       0.3325
 726.000       0.3342
 727.000       0.3714
 728.000       0.4396
 729.000       0.4276
 730.000       0.4308
 731.000       0.4294
 732.000       0.5116
 733.000       0.7548
 734.000       0.7770
 735.000       0.5650
 736.000       0.4257
 737.000       0.5310
 738.000       0.4817
 739.000       0.3937
 740.000       0.3843
 741.000       0.4327
 742.000       0.4171
 743.000       0.4216
 744.000       0.4781
 745.000       0.5018
 746.000       0.4330
 747.000       0.4939
 748.000       0.5657
 749.000       0.5495
 750.000       0.5301
 751.000       0.6928
 752.000       1.5694
 753.000       3.0432
