#Res             RMSF
 281.000       4.3821
 282.000       2.7221
 283.000       2.2187
 284.000       1.7222
 285.000       1.4662
 286.000       1.2606
 287.000       0.6830
 288.000       0.5732
 289.000       0.5858
 290.000       0.6239
 291.000       0.6108
 292.000       0.5661
 293.000       0.5711
 294.000       0.5703
 295.000       0.4741
 296.000       0.4752
 297.000       0.6532
 298.000       0.6799
 299.000       0.6889
 300.000       0.6350
 301.000       0.7840
 302.000       0.9017
 303.000       0.6328
 304.000       0.5770
 305.000       0.5100
 306.000       0.5534
 307.000       0.6773
 308.000       0.7178
 309.000       0.5602
 310.000       0.5627
 311.000       0.6396
 312.000       0.5427
 313.000       0.4625
 314.000       0.5149
 315.000       0.5326
 316.000       0.4601
 317.000       0.4484
 318.000       0.4815
 319.000       0.4462
 320.000       0.4118
 321.000       0.3923
 322.000       0.4487
 323.000       0.4347
 324.000       0.3738
 325.000       0.4545
 326.000       0.5152
 327.000       0.4379
 328.000       0.3741
 329.000       0.4490
 330.000       0.5024
 331.000       0.4854
 332.000       0.5229
 333.000       0.6277
 334.000       0.6828
 335.000       0.7238
 336.000       0.8162
 337.000       0.7067
 338.000       0.7627
 339.000       0.5857
 340.000       0.4705
 341.000       0.4726
 342.000       0.4784
 343.000       0.4895
 344.000       0.4159
 345.000       0.3843
 346.000       0.4255
 347.000       0.4089
 348.000       0.3890
 349.000       0.4018
 350.000       0.5033
 351.000       0.5367
 352.000       0.5222
 353.000       0.4900
 354.000       0.6370
 355.000       0.8247
 356.000       0.7960
 357.000       0.5617
 358.000       0.5121
 359.000       0.6620
 360.000       0.5473
 361.000       0.4320
 362.000       0.4393
 363.000       0.4799
 364.000       0.4516
 365.000       0.4313
 366.000       0.4503
 367.000       0.4642
 368.000       0.4377
 369.000       0.4682
 370.000       0.5219
 371.000       0.5507
 372.000       0.5511
 373.000       0.7352
 374.000       0.9337
 375.000       1.8456
 376.000       3.0487
