#Res             RMSF
 377.000       3.7398
 378.000       2.2889
 379.000       1.8348
 380.000       1.0616
 381.000       0.6413
 382.000       0.6204
 383.000       0.5683
 384.000       0.5358
 385.000       0.5505
 386.000       0.5425
 387.000       0.4739
 388.000       0.4921
 389.000       0.5475
 390.000       0.4753
 391.000       0.4155
 392.000       0.5054
 393.000       0.5146
 394.000       0.4642
 395.000       0.4805
 396.000       0.5633
 397.000       0.6119
 398.000       0.5869
 399.000       0.5917
 400.000       0.5021
 401.000       0.4263
 402.000       0.4054
 403.000       0.5036
 404.000       0.5052
 405.000       0.4754
 406.000       0.4858
 407.000       0.4177
 408.000       0.4705
 409.000       0.4814
 410.000       0.4450
 411.000       0.4066
 412.000       0.4340
 413.000       0.5040
 414.000       0.4776
 415.000       0.4759
 416.000       0.6383
 417.000       0.8388
 418.000       0.7571
 419.000       0.7291
 420.000       0.7774
 421.000       0.9607
 422.000       0.5738
 423.000       0.5675
 424.000       0.5527
 425.000       0.6487
 426.000       0.8496
 427.000       0.5474
 428.000       0.4445
 429.000       0.4342
 430.000       0.4546
 431.000       0.4540
 432.000       0.4176
 433.000       0.3561
 434.000       0.3831
 435.000       0.4084
 436.000       0.3893
 437.000       0.3677
 438.000       0.4024
 439.000       0.4157
 440.000       0.3816
 441.000       0.3386
 442.000       0.4303
 443.000       0.3743
 444.000       0.3434
 445.000       0.4327
 446.000       0.4181
 447.000       0.3656
 448.000       0.3698
 449.000       0.4256
 450.000       0.4111
 451.000       0.4237
 452.000       0.4752
 453.000       0.4849
 454.000       0.5588
 455.000       0.6279
 456.000       0.5142
 457.000       0.5472
 458.000       0.4438
 459.000       0.3744
 460.000       0.4648
 461.000       0.5353
 462.000       0.5078
 463.000       0.4217
 464.000       0.4851
 465.000       0.5309
 466.000       0.4673
 467.000       0.4692
 468.000       0.5524
 469.000       0.5951
 470.000       0.5651
 471.000       0.6527
 472.000       0.9117
 473.000       1.2196
 474.000       1.6557
 475.000       2.0645
