#Res             RMSF
 176.000       2.1523
 177.000       1.4743
 178.000       0.9215
 179.000       0.6110
 180.000       0.5273
 181.000       0.6829
 182.000       0.6921
 183.000       0.5564
 184.000       0.6334
 185.000       0.4823
 186.000       0.5436
 187.000       0.5057
 188.000       0.5434
 189.000       0.4821
 190.000       0.5801
 191.000       0.5468
 192.000       0.4759
 193.000       0.5141
 194.000       0.5456
 195.000       0.5266
 196.000       0.5025
 197.000       0.6625
 198.000       0.7825
 199.000       0.6766
 200.000       0.8011
 201.000       0.5618
 202.000       0.6055
 203.000       0.6890
 204.000       0.5712
 205.000       0.5350
 206.000       0.5584
 207.000       0.7718
 208.000       0.5264
 209.000       0.4190
 210.000       0.3829
 211.000       0.3703
 212.000       0.3944
 213.000       0.3868
 214.000       0.3791
 215.000       0.3841
 216.000       0.4294
 217.000       0.4489
 218.000       0.4315
 219.000       0.4304
 220.000       0.4453
 221.000       0.4530
 222.000       0.4836
 223.000       0.5060
 224.000       0.4410
 225.000       0.4396
 226.000       0.5134
 227.000       0.4928
 228.000       0.4189
 229.000       0.4777
 230.000       0.5659
 231.000       0.5522
 232.000       0.5046
 233.000       0.6911
 234.000       0.8088
 235.000       0.8031
 236.000       0.8883
 237.000       0.6880
 238.000       0.7240
 239.000       0.5457
 240.000       0.4153
 241.000       0.4240
 242.000       0.4352
 243.000       0.4505
 244.000       0.3928
 245.000       0.4334
 246.000       0.4908
 247.000       0.5765
 248.000       0.6154
 249.000       0.5889
 250.000       0.6657
 251.000       0.8364
 252.000       0.7268
 253.000       0.8232
 254.000       0.7352
 255.000       0.6083
 256.000       0.7253
 257.000       0.8394
 258.000       0.7317
 259.000       0.7137
 260.000       1.7350
 261.000       2.4052
 262.000       0.9843
 263.000       0.5769
 264.000       0.5327
 265.000       0.5705
 266.000       0.5159
 267.000       0.5267
 268.000       0.6034
 269.000       0.6016
 270.000       0.6854
 271.000       0.7145
 272.000       0.7933
 273.000       0.7830
 274.000       0.8441
 275.000       0.9392
 276.000       0.9070
 277.000       0.7929
 278.000       0.9011
 279.000       1.1993
 280.000       1.9076
