#Res             RMSF
   1.000       2.5037
   2.000       1.5202
   3.000       0.8535
   4.000       0.5446
   5.000       0.5539
   6.000       0.5014
   7.000       0.4834
   8.000       0.5016
   9.000       0.4955
  10.000       0.4299
  11.000       0.4495
  12.000       0.5142
  13.000       0.4411
  14.000       0.3801
  15.000       0.4537
  16.000       0.4529
  17.000       0.4045
  18.000       0.4329
  19.000       0.4995
  20.000       0.5074
  21.000       0.4915
  22.000       0.5144
  23.000       0.4873
  24.000       0.4115
  25.000       0.4226
  26.000       0.4649
  27.000       0.4810
  28.000       0.4777
  29.000       0.4429
  30.000       0.3965
  31.000       0.4106
  32.000       0.4373
  33.000       0.4226
  34.000       0.3488
  35.000       0.4057
  36.000       0.4796
  37.000       0.4546
  38.000       0.4615
  39.000       0.6285
  40.000       0.8405
  41.000       0.6921
  42.000       0.6600
  43.000       0.7686
  44.000       0.9493
  45.000       0.5558
  46.000       0.5297
  47.000       0.5095
  48.000       0.5379
  49.000       0.5611
  50.000       0.5076
  51.000       0.4107
  52.000       0.3871
  53.000       0.4301
  54.000       0.4137
  55.000       0.3646
  56.000       0.3623
  57.000       0.3971
  58.000       0.4146
  59.000       0.4141
  60.000       0.4056
  61.000       0.4176
  62.000       0.4276
  63.000       0.4001
  64.000       0.3533
  65.000       0.4214
  66.000       0.3692
  67.000       0.3283
  68.000       0.3771
  69.000       0.4028
  70.000       0.3460
  71.000       0.3434
  72.000       0.4160
  73.000       0.4311
  74.000       0.4112
  75.000       0.4498
  76.000       0.4772
  77.000       0.5450
  78.000       0.5699
  79.000       0.4580
  80.000       0.4476
  81.000       0.4265
  82.000       0.3611
  83.000       0.4305
  84.000       0.4643
  85.000       0.4803
  86.000       0.3939
  87.000       0.4419
  88.000       0.4601
  89.000       0.4417
  90.000       0.4544
  91.000       0.5177
  92.000       0.5734
  93.000       0.6054
  94.000       0.6762
  95.000       0.8624
  96.000       1.8991
  97.000       3.3210
