#Res             RMSF
 476.000       3.7410
 477.000       1.6690
 478.000       0.9318
 479.000       0.6781
 480.000       0.6127
 481.000       0.5562
 482.000       0.5421
 483.000       0.5337
 484.000       0.4797
 485.000       0.4409
 486.000       0.4415
 487.000       0.4053
 488.000       0.4123
 489.000       0.3730
 490.000       0.3607
 491.000       0.3938
 492.000       0.3758
 493.000       0.3465
 494.000       0.3880
 495.000       0.4110
 496.000       0.4314
 497.000       0.4627
 498.000       0.3973
 499.000       0.4321
 500.000       0.4063
 501.000       0.3928
 502.000       0.4341
 503.000       0.5194
 504.000       0.4999
 505.000       0.3933
 506.000       0.4288
 507.000       0.5413
 508.000       0.4866
 509.000       0.4028
 510.000       0.4758
 511.000       0.5004
 512.000       0.4578
 513.000       0.4110
 514.000       0.4425
 515.000       0.4611
 516.000       0.4362
 517.000       0.4621
 518.000       0.4889
 519.000       0.4302
 520.000       0.3584
 521.000       0.3660
 522.000       0.4065
 523.000       0.3609
 524.000       0.3338
 525.000       0.3772
 526.000       0.3923
 527.000       0.3586
 528.000       0.3688
 529.000       0.4985
 530.000       0.5507
 531.000       0.5177
 532.000       0.5888
 533.000       0.4737
 534.000       0.6354
 535.000       0.4698
 536.000       0.4221
 537.000       0.4476
 538.000       0.4372
 539.000       0.4388
 540.000       0.3670
 541.000       0.3696
 542.000       0.3848
 543.000       0.3772
 544.000       0.3395
 545.000       0.4092
 546.000       0.4770
 547.000       0.4815
 548.000       0.5087
 549.000       0.6546
 550.000       0.7332
 551.000       0.6845
 552.000       0.5592
 553.000       0.5493
 554.000       0.6652
 555.000       0.8352
 556.000       1.6641
 557.000       3.3693
