#Res             RMSF
 377.000       3.6949
 378.000       2.2574
 379.000       1.8691
 380.000       1.0163
 381.000       0.6212
 382.000       0.6149
 383.000       0.5524
 384.000       0.5273
 385.000       0.5479
 386.000       0.5474
 387.000       0.4674
 388.000       0.4852
 389.000       0.5372
 390.000       0.4645
 391.000       0.4009
 392.000       0.4889
 393.000       0.4975
 394.000       0.4549
 395.000       0.4735
 396.000       0.5381
 397.000       0.6079
 398.000       0.5822
 399.000       0.5949
 400.000       0.5040
 401.000       0.4264
 402.000       0.4112
 403.000       0.4549
 404.000       0.4970
 405.000       0.4930
 406.000       0.4938
 407.000       0.4370
 408.000       0.4854
 409.000       0.4895
 410.000       0.4704
 411.000       0.4236
 412.000       0.4493
 413.000       0.5089
 414.000       0.4869
 415.000       0.4625
 416.000       0.6354
 417.000       0.8659
 418.000       0.7703
 419.000       0.7279
 420.000       0.7658
 421.000       0.9863
 422.000       0.5997
 423.000       0.5727
 424.000       0.5411
 425.000       0.6346
 426.000       0.8707
 427.000       0.5388
 428.000       0.4401
 429.000       0.4469
 430.000       0.4616
 431.000       0.4591
 432.000       0.4261
 433.000       0.3607
 434.000       0.3846
 435.000       0.4021
 436.000       0.3926
 437.000       0.3646
 438.000       0.3918
 439.000       0.4048
 440.000       0.3706
 441.000       0.3312
 442.000       0.4287
 443.000       0.3656
 444.000       0.3418
 445.000       0.4138
 446.000       0.4048
 447.000       0.3708
 448.000       0.3905
 449.000       0.4314
 450.000       0.4052
 451.000       0.4381
 452.000       0.4827
 453.000       0.4946
 454.000       0.5714
 455.000       0.6510
 456.000       0.5305
 457.000       0.5679
 458.000       0.4715
 459.000       0.3832
 460.000       0.4820
 461.000       0.5811
 462.000       0.5613
 463.000       0.4367
 464.000       0.4926
 465.000       0.5456
 466.000       0.4860
 467.000       0.4636
 468.000       0.5828
 469.000       0.6214
 470.000       0.5807
 471.000       0.6754
 472.000       1.0154
 473.000       1.3485
 474.000       1.8196
 475.000       2.5153
