#Res             RMSF
  98.000       1.0983
  99.000       0.7621
 100.000       0.8813
 101.000       0.8961
 102.000       0.5808
 103.000       0.6090
 104.000       0.5053
 105.000       0.5147
 106.000       0.5007
 107.000       0.3541
 108.000       0.3268
 109.000       0.3991
 110.000       0.3747
 111.000       0.3173
 112.000       0.3570
 113.000       0.4093
 114.000       0.4373
 115.000       0.4696
 116.000       0.4123
 117.000       0.4390
 118.000       0.4136
 119.000       0.4578
 120.000       0.4604
 121.000       0.5191
 122.000       0.4860
 123.000       0.4331
 124.000       0.4004
 125.000       0.5130
 126.000       0.5053
 127.000       0.4172
 128.000       0.4215
 129.000       0.5259
 130.000       0.5145
 131.000       0.4601
 132.000       0.4651
 133.000       0.4898
 134.000       0.4532
 135.000       0.4540
 136.000       0.4635
 137.000       0.4700
 138.000       0.3852
 139.000       0.3624
 140.000       0.4313
 141.000       0.3493
 142.000       0.3139
 143.000       0.3286
 144.000       0.3558
 145.000       0.3449
 146.000       0.3573
 147.000       0.4457
 148.000       0.5208
 149.000       0.5263
 150.000       0.5508
 151.000       0.4352
 152.000       0.5745
 153.000       0.4350
 154.000       0.3773
 155.000       0.4038
 156.000       0.3965
 157.000       0.4340
 158.000       0.3227
 159.000       0.3222
 160.000       0.3713
 161.000       0.3456
 162.000       0.3392
 163.000       0.4093
 164.000       0.5221
 165.000       0.6454
 166.000       0.6407
 167.000       0.7420
 168.000       0.5893
 169.000       0.8330
 170.000       0.5009
 171.000       0.5119
 172.000       0.5670
 173.000       0.6537
 174.000       1.1238
 175.000       2.1193
