#Res             RMSF
 176.000       1.6702
 177.000       1.1489
 178.000       0.7167
 179.000       0.5239
 180.000       0.4896
 181.000       0.6741
 182.000       0.6580
 183.000       0.5365
 184.000       0.6049
 185.000       0.4735
 186.000       0.5543
 187.000       0.5405
 188.000       0.5657
 189.000       0.5169
 190.000       0.5572
 191.000       0.5613
 192.000       0.5204
 193.000       0.5184
 194.000       0.5705
 195.000       0.5152
 196.000       0.4839
 197.000       0.6498
 198.000       0.7526
 199.000       0.6371
 200.000       0.7319
 201.000       0.5515
 202.000       0.5708
 203.000       0.6037
 204.000       0.5206
 205.000       0.4462
 206.000       0.4820
 207.000       0.5744
 208.000       0.4567
 209.000       0.3824
 210.000       0.3767
 211.000       0.3821
 212.000       0.3981
 213.000       0.3983
 214.000       0.3952
 215.000       0.3894
 216.000       0.4254
 217.000       0.4449
 218.000       0.4283
 219.000       0.4358
 220.000       0.4577
 221.000       0.4659
 222.000       0.4957
 223.000       0.5034
 224.000       0.4312
 225.000       0.4371
 226.000       0.5065
 227.000       0.4914
 228.000       0.4242
 229.000       0.4785
 230.000       0.5752
 231.000       0.5639
 232.000       0.5172
 233.000       0.6897
 234.000       0.8171
 235.000       0.8369
 236.000       0.9128
 237.000       0.6860
 238.000       0.7159
 239.000       0.5476
 240.000       0.4153
 241.000       0.4330
 242.000       0.4235
 243.000       0.4419
 244.000       0.3832
 245.000       0.4046
 246.000       0.4352
 247.000       0.5501
 248.000       0.5846
 249.000       0.5411
 250.000       0.6550
 251.000       0.8245
 252.000       0.7746
 253.000       0.8570
 254.000       0.7695
 255.000       0.5962
 256.000       0.6508
 257.000       0.8231
 258.000       0.7799
 259.000       0.7611
 260.000       1.2200
 261.000       1.6180
 262.000       0.7826
 263.000       0.4804
 264.000       0.4973
 265.000       0.5220
 266.000       0.4923
 267.000       0.4899
 268.000       0.5612
 269.000       0.5531
 270.000       0.6702
 271.000       0.7297
 272.000       0.7704
 273.000       0.7914
 274.000       0.8228
 275.000       0.8797
 276.000       0.8628
 277.000       0.7687
 278.000       0.8680
 279.000       1.1709
 280.000       1.9265
