#Res             RMSF
 281.000       2.7626
 282.000       1.8794
 283.000       1.2541
 284.000       1.1000
 285.000       1.0691
 286.000       1.0146
 287.000       0.6611
 288.000       0.4895
 289.000       0.6739
 290.000       0.7585
 291.000       0.5797
 292.000       0.5151
 293.000       0.5038
 294.000       0.4947
 295.000       0.4342
 296.000       0.4445
 297.000       0.5769
 298.000       0.6890
 299.000       0.5920
 300.000       0.5659
 301.000       0.7543
 302.000       0.7820
 303.000       0.5818
 304.000       0.5934
 305.000       0.5267
 306.000       0.5953
 307.000       0.8034
 308.000       0.7630
 309.000       0.5456
 310.000       0.5995
 311.000       0.6670
 312.000       0.4883
 313.000       0.4113
 314.000       0.4862
 315.000       0.4994
 316.000       0.4345
 317.000       0.4262
 318.000       0.4573
 319.000       0.4641
 320.000       0.4316
 321.000       0.3949
 322.000       0.4527
 323.000       0.4747
 324.000       0.3963
 325.000       0.4272
 326.000       0.4635
 327.000       0.3827
 328.000       0.3571
 329.000       0.4190
 330.000       0.4259
 331.000       0.3723
 332.000       0.4210
 333.000       0.4903
 334.000       0.5607
 335.000       0.6637
 336.000       0.6336
 337.000       0.5735
 338.000       0.6164
 339.000       0.4696
 340.000       0.3941
 341.000       0.4273
 342.000       0.4046
 343.000       0.4432
 344.000       0.4126
 345.000       0.3934
 346.000       0.4189
 347.000       0.3824
 348.000       0.3739
 349.000       0.4159
 350.000       0.4913
 351.000       0.5285
 352.000       0.5163
 353.000       0.4903
 354.000       0.5776
 355.000       0.7042
 356.000       0.7733
 357.000       0.5411
 358.000       0.4706
 359.000       0.5942
 360.000       0.5198
 361.000       0.4464
 362.000       0.4223
 363.000       0.4614
 364.000       0.4533
 365.000       0.4113
 366.000       0.4593
 367.000       0.4865
 368.000       0.4149
 369.000       0.4142
 370.000       0.5169
 371.000       0.5152
 372.000       0.4751
 373.000       0.6453
 374.000       0.8387
 375.000       1.0178
 376.000       2.1643
