#Res             RMSF
 377.000       3.1743
 378.000       2.0085
 379.000       1.4170
 380.000       1.0175
 381.000       0.5853
 382.000       0.5709
 383.000       0.5261
 384.000       0.5108
 385.000       0.5133
 386.000       0.4935
 387.000       0.4443
 388.000       0.4660
 389.000       0.5226
 390.000       0.4650
 391.000       0.4107
 392.000       0.5003
 393.000       0.5051
 394.000       0.4524
 395.000       0.4646
 396.000       0.5520
 397.000       0.5769
 398.000       0.5487
 399.000       0.5661
 400.000       0.4814
 401.000       0.4072
 402.000       0.3835
 403.000       0.5179
 404.000       0.5109
 405.000       0.4549
 406.000       0.4744
 407.000       0.3955
 408.000       0.4518
 409.000       0.4687
 410.000       0.4099
 411.000       0.3806
 412.000       0.4158
 413.000       0.4922
 414.000       0.4607
 415.000       0.4801
 416.000       0.6244
 417.000       0.7966
 418.000       0.7295
 419.000       0.7143
 420.000       0.7747
 421.000       0.9241
 422.000       0.5242
 423.000       0.5107
 424.000       0.4996
 425.000       0.5834
 426.000       0.7791
 427.000       0.5143
 428.000       0.4170
 429.000       0.4146
 430.000       0.4374
 431.000       0.4402
 432.000       0.4014
 433.000       0.3466
 434.000       0.3778
 435.000       0.4094
 436.000       0.3803
 437.000       0.3600
 438.000       0.4052
 439.000       0.4205
 440.000       0.3885
 441.000       0.3428
 442.000       0.4250
 443.000       0.3760
 444.000       0.3359
 445.000       0.4381
 446.000       0.4203
 447.000       0.3520
 448.000       0.3428
 449.000       0.4144
 450.000       0.3969
 451.000       0.3925
 452.000       0.4479
 453.000       0.4515
 454.000       0.5316
 455.000       0.5822
 456.000       0.4799
 457.000       0.5159
 458.000       0.3916
 459.000       0.3425
 460.000       0.4166
 461.000       0.4386
 462.000       0.4241
 463.000       0.3700
 464.000       0.4284
 465.000       0.4735
 466.000       0.4127
 467.000       0.4202
 468.000       0.4814
 469.000       0.5294
 470.000       0.5213
 471.000       0.5813
 472.000       0.7316
 473.000       0.9005
 474.000       1.3306
 475.000       1.0931
