#Res             RMSF
  98.000       1.0914
  99.000       0.7484
 100.000       0.8268
 101.000       0.8582
 102.000       0.5550
 103.000       0.5753
 104.000       0.4968
 105.000       0.5265
 106.000       0.5170
 107.000       0.3724
 108.000       0.3478
 109.000       0.4011
 110.000       0.3876
 111.000       0.3435
 112.000       0.3749
 113.000       0.4146
 114.000       0.4475
 115.000       0.4708
 116.000       0.4097
 117.000       0.4435
 118.000       0.4115
 119.000       0.4394
 120.000       0.4487
 121.000       0.5153
 122.000       0.5031
 123.000       0.4584
 124.000       0.4137
 125.000       0.5517
 126.000       0.5243
 127.000       0.4222
 128.000       0.4554
 129.000       0.5340
 130.000       0.5143
 131.000       0.4633
 132.000       0.4681
 133.000       0.4846
 134.000       0.4573
 135.000       0.4835
 136.000       0.5122
 137.000       0.4741
 138.000       0.3757
 139.000       0.3637
 140.000       0.4309
 141.000       0.3537
 142.000       0.3137
 143.000       0.3302
 144.000       0.3587
 145.000       0.3524
 146.000       0.3648
 147.000       0.4554
 148.000       0.5393
 149.000       0.5406
 150.000       0.5733
 151.000       0.4757
 152.000       0.6146
 153.000       0.4770
 154.000       0.4061
 155.000       0.4129
 156.000       0.3973
 157.000       0.4214
 158.000       0.3332
 159.000       0.3283
 160.000       0.3623
 161.000       0.3519
 162.000       0.3457
 163.000       0.4019
 164.000       0.5095
 165.000       0.6268
 166.000       0.6397
 167.000       0.7177
 168.000       0.6860
 169.000       0.7713
 170.000       0.5070
 171.000       0.4979
 172.000       0.5841
 173.000       0.6471
 174.000       1.3508
 175.000       2.9482
