#Res             RMSF
 662.000       3.3137
 663.000       2.6204
 664.000       1.8904
 665.000       0.6483
 666.000       0.5431
 667.000       0.6279
 668.000       0.7081
 669.000       0.5605
 670.000       0.4760
 671.000       0.4973
 672.000       0.5254
 673.000       0.4212
 674.000       0.4425
 675.000       0.6210
 676.000       0.6919
 677.000       0.6388
 678.000       0.6360
 679.000       0.7456
 680.000       0.8278
 681.000       0.5926
 682.000       0.6047
 683.000       0.5338
 684.000       0.5823
 685.000       0.6845
 686.000       0.6876
 687.000       0.5187
 688.000       0.5075
 689.000       0.5774
 690.000       0.4775
 691.000       0.4150
 692.000       0.4603
 693.000       0.4862
 694.000       0.4510
 695.000       0.4328
 696.000       0.4508
 697.000       0.4609
 698.000       0.4386
 699.000       0.3848
 700.000       0.4490
 701.000       0.4556
 702.000       0.3820
 703.000       0.4303
 704.000       0.4747
 705.000       0.3843
 706.000       0.3566
 707.000       0.4490
 708.000       0.4186
 709.000       0.3673
 710.000       0.4301
 711.000       0.4958
 712.000       0.5610
 713.000       0.6591
 714.000       0.6728
 715.000       0.6806
 716.000       0.7736
 717.000       0.5228
 718.000       0.4369
 719.000       0.4511
 720.000       0.4616
 721.000       0.4228
 722.000       0.3656
 723.000       0.3711
 724.000       0.4049
 725.000       0.3529
 726.000       0.3481
 727.000       0.3845
 728.000       0.4604
 729.000       0.4531
 730.000       0.4480
 731.000       0.4534
 732.000       0.5723
 733.000       0.7622
 734.000       0.8024
 735.000       0.5689
 736.000       0.4515
 737.000       0.5627
 738.000       0.5019
 739.000       0.4086
 740.000       0.4107
 741.000       0.4576
 742.000       0.4299
 743.000       0.4246
 744.000       0.4864
 745.000       0.4992
 746.000       0.4290
 747.000       0.4933
 748.000       0.5705
 749.000       0.5443
 750.000       0.5532
 751.000       0.7323
 752.000       1.3790
 753.000       2.7114
