#Res             RMSF
   1.000       2.4630
   2.000       1.5222
   3.000       0.9104
   4.000       0.5270
   5.000       0.5531
   6.000       0.4938
   7.000       0.5062
   8.000       0.5038
   9.000       0.4843
  10.000       0.4390
  11.000       0.4625
  12.000       0.5022
  13.000       0.4390
  14.000       0.3765
  15.000       0.4429
  16.000       0.4362
  17.000       0.4149
  18.000       0.4196
  19.000       0.4789
  20.000       0.5082
  21.000       0.5125
  22.000       0.5270
  23.000       0.4956
  24.000       0.4295
  25.000       0.4459
  26.000       0.5628
  27.000       0.5284
  28.000       0.5133
  29.000       0.4866
  30.000       0.4283
  31.000       0.4638
  32.000       0.4927
  33.000       0.4627
  34.000       0.3908
  35.000       0.4320
  36.000       0.5049
  37.000       0.4770
  38.000       0.4701
  39.000       0.6252
  40.000       0.8340
  41.000       0.7076
  42.000       0.6754
  43.000       0.7713
  44.000       0.9962
  45.000       0.5695
  46.000       0.5672
  47.000       0.5384
  48.000       0.5553
  49.000       0.5714
  50.000       0.5222
  51.000       0.4366
  52.000       0.4079
  53.000       0.4504
  54.000       0.4518
  55.000       0.4054
  56.000       0.3712
  57.000       0.4018
  58.000       0.4208
  59.000       0.4275
  60.000       0.4128
  61.000       0.4287
  62.000       0.4403
  63.000       0.4043
  64.000       0.3575
  65.000       0.4326
  66.000       0.3814
  67.000       0.3341
  68.000       0.3866
  69.000       0.3929
  70.000       0.3458
  71.000       0.3462
  72.000       0.4258
  73.000       0.4219
  74.000       0.4156
  75.000       0.4637
  76.000       0.4813
  77.000       0.5362
  78.000       0.5830
  79.000       0.4810
  80.000       0.4695
  81.000       0.4230
  82.000       0.3623
  83.000       0.4443
  84.000       0.4771
  85.000       0.4873
  86.000       0.3942
  87.000       0.4609
  88.000       0.5149
  89.000       0.4639
  90.000       0.4590
  91.000       0.5493
  92.000       0.6293
  93.000       0.6229
  94.000       0.7086
  95.000       0.9362
  96.000       1.7468
  97.000       3.0250
