#Res             RMSF
  98.000       1.0583
  99.000       0.7127
 100.000       0.7362
 101.000       0.7748
 102.000       0.5115
 103.000       0.4922
 104.000       0.4626
 105.000       0.4250
 106.000       0.4046
 107.000       0.3510
 108.000       0.3545
 109.000       0.3512
 110.000       0.3429
 111.000       0.3193
 112.000       0.3586
 113.000       0.3795
 114.000       0.4233
 115.000       0.4467
 116.000       0.3777
 117.000       0.4259
 118.000       0.4009
 119.000       0.4105
 120.000       0.4293
 121.000       0.4858
 122.000       0.4951
 123.000       0.4681
 124.000       0.4113
 125.000       0.5555
 126.000       0.5096
 127.000       0.4016
 128.000       0.4723
 129.000       0.5287
 130.000       0.5024
 131.000       0.4534
 132.000       0.4673
 133.000       0.4754
 134.000       0.4561
 135.000       0.4967
 136.000       0.5307
 137.000       0.4585
 138.000       0.3610
 139.000       0.3518
 140.000       0.4149
 141.000       0.3500
 142.000       0.3090
 143.000       0.3296
 144.000       0.3611
 145.000       0.3324
 146.000       0.3315
 147.000       0.4477
 148.000       0.5381
 149.000       0.5133
 150.000       0.5590
 151.000       0.4710
 152.000       0.6106
 153.000       0.4591
 154.000       0.3930
 155.000       0.3846
 156.000       0.3826
 157.000       0.3867
 158.000       0.3268
 159.000       0.3295
 160.000       0.3400
 161.000       0.3280
 162.000       0.3354
 163.000       0.3911
 164.000       0.4490
 165.000       0.5009
 166.000       0.5628
 167.000       0.6240
 168.000       0.7025
 169.000       0.6647
 170.000       0.4752
 171.000       0.4519
 172.000       0.5720
 173.000       0.5965
 174.000       1.3491
 175.000       2.6640
