#Res             RMSF
 558.000       1.3551
 559.000       0.8253
 560.000       0.5898
 561.000       0.5475
 562.000       0.6760
 563.000       0.6757
 564.000       0.5412
 565.000       0.5843
 566.000       0.4507
 567.000       0.4880
 568.000       0.4368
 569.000       0.4794
 570.000       0.4351
 571.000       0.5676
 572.000       0.5096
 573.000       0.4360
 574.000       0.4069
 575.000       0.4546
 576.000       0.4681
 577.000       0.5053
 578.000       0.5818
 579.000       0.7309
 580.000       0.8115
 581.000       0.7831
 582.000       0.5226
 583.000       0.5516
 584.000       0.6188
 585.000       0.5284
 586.000       0.4721
 587.000       0.5446
 588.000       0.6836
 589.000       0.4942
 590.000       0.3711
 591.000       0.3518
 592.000       0.3529
 593.000       0.3708
 594.000       0.3727
 595.000       0.3358
 596.000       0.3539
 597.000       0.3803
 598.000       0.3877
 599.000       0.3647
 600.000       0.3771
 601.000       0.4284
 602.000       0.4280
 603.000       0.4535
 604.000       0.4895
 605.000       0.4142
 606.000       0.4256
 607.000       0.5024
 608.000       0.4678
 609.000       0.4235
 610.000       0.4784
 611.000       0.5732
 612.000       0.5842
 613.000       0.5158
 614.000       0.7188
 615.000       0.8518
 616.000       0.8072
 617.000       0.8248
 618.000       0.6377
 619.000       0.6600
 620.000       0.4952
 621.000       0.3799
 622.000       0.4139
 623.000       0.4093
 624.000       0.4124
 625.000       0.4169
 626.000       0.4175
 627.000       0.4244
 628.000       0.5379
 629.000       0.6096
 630.000       0.6170
 631.000       0.8029
 632.000       0.8835
 633.000       0.7376
 634.000       0.7370
 635.000       0.6092
 636.000       0.6208
 637.000       0.6746
 638.000       0.7040
 639.000       0.7093
 640.000       0.7863
 641.000       1.5995
 642.000       1.3661
 643.000       0.7095
 644.000       0.5101
 645.000       0.5613
 646.000       0.5337
 647.000       0.4802
 648.000       0.4895
 649.000       0.5397
 650.000       0.5391
 651.000       0.7836
 652.000       0.7448
 653.000       0.7518
 654.000       0.7506
 655.000       0.7813
 656.000       0.9205
 657.000       0.9507
 658.000       0.8562
 659.000       1.0033
 660.000       1.3369
 661.000       1.9312
