#Res             RMSF
 476.000       3.8759
 477.000       2.0000
 478.000       1.1510
 479.000       0.8798
 480.000       0.7101
 481.000       0.6290
 482.000       0.7183
 483.000       0.7748
 484.000       0.5876
 485.000       0.5312
 486.000       0.5107
 487.000       0.4772
 488.000       0.4789
 489.000       0.3752
 490.000       0.3611
 491.000       0.3923
 492.000       0.3598
 493.000       0.3431
 494.000       0.3822
 495.000       0.4080
 496.000       0.4252
 497.000       0.4656
 498.000       0.4107
 499.000       0.4640
 500.000       0.4474
 501.000       0.4318
 502.000       0.4869
 503.000       0.5618
 504.000       0.5611
 505.000       0.4438
 506.000       0.4537
 507.000       0.5485
 508.000       0.5050
 509.000       0.4234
 510.000       0.4606
 511.000       0.4976
 512.000       0.4815
 513.000       0.4439
 514.000       0.4726
 515.000       0.5113
 516.000       0.4918
 517.000       0.5069
 518.000       0.5445
 519.000       0.4827
 520.000       0.3952
 521.000       0.3976
 522.000       0.4496
 523.000       0.3616
 524.000       0.3375
 525.000       0.3901
 526.000       0.3888
 527.000       0.3500
 528.000       0.3643
 529.000       0.5059
 530.000       0.5499
 531.000       0.5161
 532.000       0.5666
 533.000       0.4751
 534.000       0.6740
 535.000       0.4862
 536.000       0.4193
 537.000       0.4474
 538.000       0.4184
 539.000       0.4246
 540.000       0.3467
 541.000       0.3533
 542.000       0.3704
 543.000       0.3578
 544.000       0.3317
 545.000       0.3892
 546.000       0.4681
 547.000       0.5182
 548.000       0.6029
 549.000       0.6758
 550.000       0.7039
 551.000       0.6601
 552.000       0.5245
 553.000       0.5319
 554.000       0.6892
 555.000       0.8610
 556.000       1.6351
 557.000       2.9382
