#Res             RMSF
 476.000       4.0104
 477.000       2.2476
 478.000       1.2152
 479.000       0.9577
 480.000       0.7193
 481.000       0.6199
 482.000       0.7457
 483.000       0.8269
 484.000       0.6047
 485.000       0.5720
 486.000       0.5539
 487.000       0.5102
 488.000       0.5042
 489.000       0.3676
 490.000       0.3513
 491.000       0.3768
 492.000       0.3380
 493.000       0.3171
 494.000       0.3510
 495.000       0.3830
 496.000       0.3984
 497.000       0.4336
 498.000       0.3875
 499.000       0.4412
 500.000       0.4362
 501.000       0.4350
 502.000       0.5065
 503.000       0.5740
 504.000       0.5955
 505.000       0.4754
 506.000       0.4624
 507.000       0.5402
 508.000       0.5138
 509.000       0.4110
 510.000       0.4337
 511.000       0.4923
 512.000       0.4842
 513.000       0.4486
 514.000       0.4896
 515.000       0.5416
 516.000       0.4890
 517.000       0.5117
 518.000       0.5860
 519.000       0.5149
 520.000       0.4037
 521.000       0.4039
 522.000       0.4649
 523.000       0.3496
 524.000       0.3344
 525.000       0.3854
 526.000       0.3739
 527.000       0.3367
 528.000       0.3537
 529.000       0.4740
 530.000       0.5056
 531.000       0.5064
 532.000       0.5373
 533.000       0.4692
 534.000       0.6996
 535.000       0.4895
 536.000       0.4076
 537.000       0.4362
 538.000       0.3965
 539.000       0.3896
 540.000       0.3190
 541.000       0.3311
 542.000       0.3361
 543.000       0.3274
 544.000       0.3186
 545.000       0.3517
 546.000       0.4441
 547.000       0.5513
 548.000       0.6602
 549.000       0.6705
 550.000       0.5856
 551.000       0.5377
 552.000       0.4309
 553.000       0.4832
 554.000       0.5835
 555.000       0.6271
 556.000       1.0139
 557.000       2.2123
