#Res             RMSF
   1.000       2.4606
   2.000       1.5211
   3.000       0.9095
   4.000       0.5270
   5.000       0.5531
   6.000       0.4934
   7.000       0.5058
   8.000       0.5037
   9.000       0.4842
  10.000       0.4393
  11.000       0.4623
  12.000       0.5019
  13.000       0.4388
  14.000       0.3766
  15.000       0.4434
  16.000       0.4367
  17.000       0.4152
  18.000       0.4201
  19.000       0.4803
  20.000       0.5095
  21.000       0.5125
  22.000       0.5268
  23.000       0.4958
  24.000       0.4297
  25.000       0.4461
  26.000       0.5625
  27.000       0.5282
  28.000       0.5131
  29.000       0.4863
  30.000       0.4281
  31.000       0.4632
  32.000       0.4923
  33.000       0.4626
  34.000       0.3913
  35.000       0.4317
  36.000       0.5045
  37.000       0.4770
  38.000       0.4700
  39.000       0.6246
  40.000       0.8333
  41.000       0.7073
  42.000       0.6750
  43.000       0.7710
  44.000       0.9955
  45.000       0.5694
  46.000       0.5672
  47.000       0.5379
  48.000       0.5549
  49.000       0.5710
  50.000       0.5221
  51.000       0.4361
  52.000       0.4077
  53.000       0.4503
  54.000       0.4517
  55.000       0.4059
  56.000       0.3716
  57.000       0.4017
  58.000       0.4218
  59.000       0.4291
  60.000       0.4127
  61.000       0.4287
  62.000       0.4407
  63.000       0.4045
  64.000       0.3577
  65.000       0.4327
  66.000       0.3816
  67.000       0.3339
  68.000       0.3866
  69.000       0.3927
  70.000       0.3461
  71.000       0.3461
  72.000       0.4263
  73.000       0.4231
  74.000       0.4159
  75.000       0.4637
  76.000       0.4808
  77.000       0.5358
  78.000       0.5835
  79.000       0.4811
  80.000       0.4693
  81.000       0.4232
  82.000       0.3621
  83.000       0.4446
  84.000       0.4774
  85.000       0.4878
  86.000       0.3948
  87.000       0.4608
  88.000       0.5145
  89.000       0.4636
  90.000       0.4585
  91.000       0.5494
  92.000       0.6290
  93.000       0.6229
  94.000       0.7080
  95.000       0.9361
  96.000       1.7499
  97.000       3.0383
