#Res             RMSF
 176.000       2.3136
 177.000       1.5876
 178.000       0.9492
 179.000       0.6337
 180.000       0.5257
 181.000       0.6624
 182.000       0.7063
 183.000       0.5681
 184.000       0.6530
 185.000       0.4765
 186.000       0.5202
 187.000       0.4441
 188.000       0.4943
 189.000       0.4337
 190.000       0.5700
 191.000       0.5277
 192.000       0.4036
 193.000       0.4156
 194.000       0.4779
 195.000       0.4988
 196.000       0.4893
 197.000       0.6542
 198.000       0.7832
 199.000       0.6834
 200.000       0.8377
 201.000       0.5657
 202.000       0.6142
 203.000       0.7448
 204.000       0.6145
 205.000       0.6081
 206.000       0.6236
 207.000       0.8545
 208.000       0.5828
 209.000       0.4383
 210.000       0.3868
 211.000       0.3579
 212.000       0.3867
 213.000       0.3604
 214.000       0.3492
 215.000       0.3682
 216.000       0.4168
 217.000       0.4301
 218.000       0.4113
 219.000       0.4122
 220.000       0.4179
 221.000       0.4259
 222.000       0.4548
 223.000       0.4962
 224.000       0.4449
 225.000       0.4354
 226.000       0.4998
 227.000       0.4901
 228.000       0.4114
 229.000       0.4762
 230.000       0.5588
 231.000       0.5377
 232.000       0.4858
 233.000       0.6782
 234.000       0.7848
 235.000       0.7517
 236.000       0.8363
 237.000       0.6705
 238.000       0.7145
 239.000       0.5209
 240.000       0.4032
 241.000       0.4023
 242.000       0.4187
 243.000       0.4306
 244.000       0.3818
 245.000       0.4233
 246.000       0.4672
 247.000       0.5442
 248.000       0.6014
 249.000       0.5724
 250.000       0.6252
 251.000       0.8187
 252.000       0.6593
 253.000       0.7573
 254.000       0.6376
 255.000       0.5380
 256.000       0.5456
 257.000       0.6400
 258.000       0.6003
 259.000       0.5647
 260.000       1.0095
 261.000       0.8898
 262.000       0.5577
 263.000       0.5114
 264.000       0.5309
 265.000       0.5567
 266.000       0.5077
 267.000       0.5280
 268.000       0.6028
 269.000       0.6098
 270.000       0.6682
 271.000       0.6812
 272.000       0.7736
 273.000       0.7004
 274.000       0.7612
 275.000       0.8979
 276.000       0.8551
 277.000       0.7483
 278.000       0.8746
 279.000       1.1862
 280.000       1.8641
