#Res             RMSF
 558.000       1.3238
 559.000       0.8842
 560.000       0.6728
 561.000       0.5465
 562.000       0.6859
 563.000       0.6656
 564.000       0.5363
 565.000       0.5944
 566.000       0.4458
 567.000       0.4964
 568.000       0.4549
 569.000       0.5041
 570.000       0.4423
 571.000       0.5872
 572.000       0.5668
 573.000       0.4812
 574.000       0.4539
 575.000       0.5325
 576.000       0.5499
 577.000       0.5767
 578.000       0.7322
 579.000       0.8089
 580.000       0.8118
 581.000       0.8825
 582.000       0.6104
 583.000       0.8559
 584.000       0.9775
 585.000       0.6536
 586.000       0.5090
 587.000       0.7782
 588.000       0.7885
 589.000       0.5238
 590.000       0.4022
 591.000       0.3848
 592.000       0.3649
 593.000       0.3901
 594.000       0.3949
 595.000       0.3593
 596.000       0.3698
 597.000       0.4053
 598.000       0.4052
 599.000       0.3689
 600.000       0.4055
 601.000       0.4405
 602.000       0.4299
 603.000       0.4625
 604.000       0.5076
 605.000       0.4388
 606.000       0.4369
 607.000       0.5261
 608.000       0.5013
 609.000       0.4557
 610.000       0.5062
 611.000       0.6148
 612.000       0.5990
 613.000       0.5262
 614.000       0.7354
 615.000       0.8730
 616.000       0.8077
 617.000       0.8434
 618.000       0.6470
 619.000       0.6691
 620.000       0.5025
 621.000       0.3844
 622.000       0.4173
 623.000       0.4473
 624.000       0.4571
 625.000       0.4493
 626.000       0.4587
 627.000       0.5310
 628.000       0.6594
 629.000       0.6580
 630.000       0.6398
 631.000       0.8218
 632.000       1.0128
 633.000       0.9641
 634.000       1.0729
 635.000       0.8827
 636.000       0.7429
 637.000       0.9748
 638.000       0.9995
 639.000       0.8494
 640.000       0.9660
 641.000       1.9186
 642.000       1.9262
 643.000       0.8860
 644.000       0.5564
 645.000       0.5776
 646.000       0.5675
 647.000       0.5271
 648.000       0.5434
 649.000       0.5817
 650.000       0.5772
 651.000       0.7993
 652.000       0.7627
 653.000       0.7862
 654.000       0.7722
 655.000       0.7854
 656.000       0.8959
 657.000       0.9113
 658.000       0.8308
 659.000       0.9583
 660.000       1.3110
 661.000       1.9502
