#Res             RMSF
 558.000       1.2279
 559.000       0.8587
 560.000       0.6761
 561.000       0.5084
 562.000       0.6484
 563.000       0.6343
 564.000       0.5282
 565.000       0.5708
 566.000       0.4301
 567.000       0.4955
 568.000       0.4611
 569.000       0.5173
 570.000       0.4284
 571.000       0.5820
 572.000       0.6050
 573.000       0.5145
 574.000       0.4700
 575.000       0.5598
 576.000       0.5876
 577.000       0.5991
 578.000       0.7774
 579.000       0.8521
 580.000       0.7591
 581.000       0.9249
 582.000       0.6114
 583.000       0.9084
 584.000       1.0379
 585.000       0.7326
 586.000       0.5223
 587.000       0.8986
 588.000       0.8292
 589.000       0.5339
 590.000       0.4259
 591.000       0.4006
 592.000       0.3753
 593.000       0.4009
 594.000       0.4024
 595.000       0.3764
 596.000       0.3828
 597.000       0.4220
 598.000       0.4165
 599.000       0.3703
 600.000       0.4204
 601.000       0.4358
 602.000       0.4245
 603.000       0.4568
 604.000       0.5012
 605.000       0.4390
 606.000       0.4297
 607.000       0.5004
 608.000       0.4861
 609.000       0.4322
 610.000       0.4751
 611.000       0.6074
 612.000       0.5907
 613.000       0.5224
 614.000       0.7430
 615.000       0.8887
 616.000       0.8042
 617.000       0.8546
 618.000       0.6465
 619.000       0.6672
 620.000       0.4989
 621.000       0.3738
 622.000       0.4134
 623.000       0.4697
 624.000       0.4708
 625.000       0.4344
 626.000       0.4567
 627.000       0.5523
 628.000       0.6780
 629.000       0.6364
 630.000       0.5898
 631.000       0.8051
 632.000       1.1280
 633.000       1.0939
 634.000       1.3014
 635.000       1.0724
 636.000       0.8391
 637.000       1.1812
 638.000       1.2059
 639.000       0.9387
 640.000       1.0662
 641.000       1.4284
 642.000       1.8673
 643.000       0.9404
 644.000       0.5919
 645.000       0.5522
 646.000       0.5640
 647.000       0.5349
 648.000       0.5570
 649.000       0.6023
 650.000       0.5895
 651.000       0.7915
 652.000       0.7613
 653.000       0.8081
 654.000       0.7793
 655.000       0.7677
 656.000       0.8390
 657.000       0.8374
 658.000       0.7758
 659.000       0.8773
 660.000       1.2630
 661.000       1.9640
