#Res             RMSF
 476.000       3.8754
 477.000       2.0009
 478.000       1.1521
 479.000       0.8796
 480.000       0.7098
 481.000       0.6274
 482.000       0.7184
 483.000       0.7757
 484.000       0.5882
 485.000       0.5304
 486.000       0.5098
 487.000       0.4766
 488.000       0.4786
 489.000       0.3751
 490.000       0.3608
 491.000       0.3921
 492.000       0.3600
 493.000       0.3433
 494.000       0.3816
 495.000       0.4071
 496.000       0.4248
 497.000       0.4650
 498.000       0.4108
 499.000       0.4644
 500.000       0.4478
 501.000       0.4319
 502.000       0.4869
 503.000       0.5612
 504.000       0.5606
 505.000       0.4439
 506.000       0.4538
 507.000       0.5481
 508.000       0.5049
 509.000       0.4235
 510.000       0.4609
 511.000       0.4976
 512.000       0.4817
 513.000       0.4430
 514.000       0.4719
 515.000       0.5107
 516.000       0.4910
 517.000       0.5066
 518.000       0.5449
 519.000       0.4818
 520.000       0.3937
 521.000       0.3978
 522.000       0.4501
 523.000       0.3614
 524.000       0.3376
 525.000       0.3904
 526.000       0.3889
 527.000       0.3500
 528.000       0.3645
 529.000       0.5057
 530.000       0.5498
 531.000       0.5166
 532.000       0.5667
 533.000       0.4751
 534.000       0.6724
 535.000       0.4860
 536.000       0.4196
 537.000       0.4478
 538.000       0.4185
 539.000       0.4249
 540.000       0.3467
 541.000       0.3533
 542.000       0.3697
 543.000       0.3581
 544.000       0.3318
 545.000       0.3893
 546.000       0.4682
 547.000       0.5185
 548.000       0.6035
 549.000       0.6765
 550.000       0.7043
 551.000       0.6602
 552.000       0.5250
 553.000       0.5322
 554.000       0.6888
 555.000       0.8614
 556.000       1.6333
 557.000       2.9408
