#Res             RMSF
 281.000       2.0127
 282.000       1.3484
 283.000       1.3339
 284.000       1.0924
 285.000       1.0141
 286.000       0.6945
 287.000       0.5865
 288.000       0.4938
 289.000       0.5240
 290.000       0.5625
 291.000       0.5116
 292.000       0.4482
 293.000       0.4535
 294.000       0.5371
 295.000       0.4752
 296.000       0.4638
 297.000       0.6373
 298.000       0.7380
 299.000       0.6848
 300.000       0.6813
 301.000       0.9093
 302.000       0.8527
 303.000       0.7109
 304.000       0.6036
 305.000       0.4687
 306.000       0.5036
 307.000       0.5800
 308.000       0.6287
 309.000       0.4918
 310.000       0.4785
 311.000       0.5378
 312.000       0.4523
 313.000       0.4254
 314.000       0.4598
 315.000       0.4534
 316.000       0.4175
 317.000       0.4241
 318.000       0.4831
 319.000       0.4619
 320.000       0.4516
 321.000       0.3844
 322.000       0.4349
 323.000       0.4368
 324.000       0.3684
 325.000       0.4064
 326.000       0.4493
 327.000       0.3776
 328.000       0.3633
 329.000       0.4170
 330.000       0.5157
 331.000       0.4549
 332.000       0.4602
 333.000       0.5532
 334.000       0.5871
 335.000       0.6849
 336.000       0.7676
 337.000       0.6314
 338.000       0.7294
 339.000       0.5321
 340.000       0.4083
 341.000       0.4142
 342.000       0.4349
 343.000       0.4592
 344.000       0.3767
 345.000       0.3724
 346.000       0.4011
 347.000       0.3853
 348.000       0.3736
 349.000       0.4012
 350.000       0.4435
 351.000       0.4392
 352.000       0.4803
 353.000       0.5349
 354.000       0.6660
 355.000       0.7986
 356.000       0.9686
 357.000       0.6361
 358.000       0.5302
 359.000       0.6402
 360.000       0.5539
 361.000       0.4782
 362.000       0.4252
 363.000       0.4747
 364.000       0.4520
 365.000       0.4293
 366.000       0.4453
 367.000       0.4787
 368.000       0.4333
 369.000       0.4560
 370.000       0.5263
 371.000       0.5410
 372.000       0.5318
 373.000       0.6677
 374.000       0.9146
 375.000       2.1039
 376.000       3.5003
