#Res             RMSF
   1.000       2.8969
   2.000       1.3507
   3.000       0.9685
   4.000       0.5898
   5.000       0.5646
   6.000       0.4923
   7.000       0.4949
   8.000       0.4971
   9.000       0.4588
  10.000       0.4168
  11.000       0.4377
  12.000       0.4702
  13.000       0.4160
  14.000       0.3892
  15.000       0.5044
  16.000       0.4478
  17.000       0.4166
  18.000       0.4756
  19.000       0.5640
  20.000       0.6000
  21.000       0.6266
  22.000       0.5944
  23.000       0.4633
  24.000       0.4225
  25.000       0.3956
  26.000       0.4239
  27.000       0.4749
  28.000       0.5262
  29.000       0.5200
  30.000       0.4467
  31.000       0.4972
  32.000       0.5776
  33.000       0.5095
  34.000       0.3902
  35.000       0.5295
  36.000       0.5955
  37.000       0.5126
  38.000       0.4961
  39.000       0.6302
  40.000       0.8251
  41.000       0.7440
  42.000       0.7181
  43.000       0.8649
  44.000       1.1103
  45.000       0.6915
  46.000       0.6833
  47.000       0.6416
  48.000       0.6291
  49.000       0.7277
  50.000       0.5782
  51.000       0.4827
  52.000       0.4796
  53.000       0.4627
  54.000       0.4636
  55.000       0.4168
  56.000       0.3315
  57.000       0.3970
  58.000       0.4426
  59.000       0.4108
  60.000       0.3662
  61.000       0.3894
  62.000       0.4234
  63.000       0.3753
  64.000       0.3813
  65.000       0.4683
  66.000       0.3554
  67.000       0.3400
  68.000       0.4430
  69.000       0.4127
  70.000       0.3402
  71.000       0.3517
  72.000       0.4537
  73.000       0.3916
  74.000       0.3947
  75.000       0.4660
  76.000       0.4715
  77.000       0.5150
  78.000       0.6157
  79.000       0.4742
  80.000       0.5227
  81.000       0.4247
  82.000       0.3671
  83.000       0.4429
  84.000       0.4528
  85.000       0.4344
  86.000       0.3401
  87.000       0.3996
  88.000       0.4663
  89.000       0.4303
  90.000       0.4490
  91.000       0.6073
  92.000       0.6962
  93.000       0.6708
  94.000       0.7858
  95.000       1.0487
  96.000       1.4019
  97.000       2.3393
