#Res             RMSF
  98.000       1.3719
  99.000       0.7517
 100.000       0.9200
 101.000       1.0907
 102.000       0.7324
 103.000       0.5304
 104.000       0.4070
 105.000       0.4226
 106.000       0.4277
 107.000       0.3534
 108.000       0.3265
 109.000       0.3538
 110.000       0.3863
 111.000       0.3528
 112.000       0.3581
 113.000       0.3849
 114.000       0.4388
 115.000       0.4595
 116.000       0.3902
 117.000       0.4410
 118.000       0.4127
 119.000       0.4360
 120.000       0.4600
 121.000       0.5345
 122.000       0.5269
 123.000       0.4386
 124.000       0.4178
 125.000       0.5328
 126.000       0.4880
 127.000       0.3872
 128.000       0.4074
 129.000       0.4746
 130.000       0.5039
 131.000       0.4822
 132.000       0.5258
 133.000       0.5862
 134.000       0.5462
 135.000       0.5832
 136.000       0.5718
 137.000       0.5428
 138.000       0.4749
 139.000       0.4208
 140.000       0.4261
 141.000       0.3611
 142.000       0.3572
 143.000       0.3752
 144.000       0.3706
 145.000       0.3592
 146.000       0.3688
 147.000       0.4959
 148.000       0.5376
 149.000       0.5496
 150.000       0.6259
 151.000       0.5345
 152.000       0.6357
 153.000       0.5117
 154.000       0.4339
 155.000       0.4550
 156.000       0.4561
 157.000       0.4762
 158.000       0.3995
 159.000       0.3959
 160.000       0.4515
 161.000       0.4673
 162.000       0.3849
 163.000       0.5214
 164.000       0.6141
 165.000       0.8640
 166.000       0.9188
 167.000       0.9816
 168.000       0.8790
 169.000       0.6924
 170.000       0.6768
 171.000       0.6117
 172.000       0.8264
 173.000       1.1966
 174.000       1.8261
 175.000       2.9805
