#Res             RMSF
 558.000       1.2264
 559.000       0.8097
 560.000       0.6849
 561.000       0.5435
 562.000       0.6849
 563.000       0.7349
 564.000       0.5858
 565.000       0.6656
 566.000       0.4852
 567.000       0.5096
 568.000       0.4459
 569.000       0.4925
 570.000       0.4171
 571.000       0.5133
 572.000       0.4819
 573.000       0.4278
 574.000       0.4419
 575.000       0.5112
 576.000       0.5454
 577.000       0.6049
 578.000       0.7358
 579.000       0.9497
 580.000       0.8950
 581.000       1.2591
 582.000       0.7863
 583.000       0.7903
 584.000       0.8523
 585.000       0.6604
 586.000       0.5574
 587.000       0.5664
 588.000       0.6247
 589.000       0.5337
 590.000       0.4053
 591.000       0.3605
 592.000       0.3638
 593.000       0.3910
 594.000       0.3767
 595.000       0.3664
 596.000       0.3998
 597.000       0.4159
 598.000       0.4203
 599.000       0.4032
 600.000       0.4166
 601.000       0.4521
 602.000       0.4553
 603.000       0.4807
 604.000       0.5473
 605.000       0.5051
 606.000       0.4653
 607.000       0.5899
 608.000       0.6049
 609.000       0.5016
 610.000       0.6104
 611.000       0.8317
 612.000       0.7752
 613.000       0.6223
 614.000       0.9722
 615.000       1.1554
 616.000       0.9562
 617.000       1.0009
 618.000       0.7569
 619.000       0.8100
 620.000       0.6190
 621.000       0.4884
 622.000       0.6289
 623.000       0.7102
 624.000       0.6731
 625.000       0.6093
 626.000       0.6909
 627.000       0.9815
 628.000       1.0293
 629.000       0.8348
 630.000       1.0535
 631.000       1.5423
 632.000       1.2000
 633.000       0.9378
 634.000       1.0228
 635.000       1.0035
 636.000       0.7341
 637.000       1.0068
 638.000       1.1677
 639.000       0.8941
 640.000       0.8887
 641.000       1.1197
 642.000       1.0621
 643.000       0.7472
 644.000       0.6693
 645.000       0.6529
 646.000       0.7043
 647.000       0.7403
 648.000       0.8590
 649.000       0.8805
 650.000       0.9233
 651.000       1.1049
 652.000       0.9551
 653.000       1.0720
 654.000       1.0411
 655.000       1.0943
 656.000       1.1773
 657.000       1.0592
 658.000       0.9337
 659.000       1.1204
 660.000       1.4834
 661.000       2.1256
