#Res             RMSF
 476.000       2.3739
 477.000       1.6332
 478.000       1.0028
 479.000       0.9109
 480.000       0.6165
 481.000       0.6126
 482.000       0.8297
 483.000       0.9309
 484.000       0.7021
 485.000       0.6179
 486.000       0.5095
 487.000       0.5106
 488.000       0.5175
 489.000       0.3972
 490.000       0.3477
 491.000       0.4129
 492.000       0.4110
 493.000       0.3732
 494.000       0.3914
 495.000       0.4573
 496.000       0.5160
 497.000       0.5348
 498.000       0.4550
 499.000       0.4816
 500.000       0.4340
 501.000       0.4210
 502.000       0.4614
 503.000       0.5243
 504.000       0.5355
 505.000       0.4781
 506.000       0.4656
 507.000       0.5396
 508.000       0.5106
 509.000       0.4023
 510.000       0.4347
 511.000       0.5156
 512.000       0.5436
 513.000       0.4754
 514.000       0.4860
 515.000       0.5297
 516.000       0.4741
 517.000       0.4935
 518.000       0.5582
 519.000       0.5257
 520.000       0.3982
 521.000       0.3797
 522.000       0.4234
 523.000       0.3678
 524.000       0.3368
 525.000       0.3857
 526.000       0.4251
 527.000       0.3772
 528.000       0.3761
 529.000       0.5187
 530.000       0.5750
 531.000       0.5424
 532.000       0.6313
 533.000       0.4803
 534.000       0.6444
 535.000       0.4635
 536.000       0.3965
 537.000       0.4226
 538.000       0.4169
 539.000       0.4186
 540.000       0.3483
 541.000       0.3675
 542.000       0.4078
 543.000       0.4182
 544.000       0.4034
 545.000       0.5057
 546.000       0.5983
 547.000       0.7662
 548.000       1.4443
 549.000       1.3311
 550.000       0.8107
 551.000       0.7736
 552.000       0.5316
 553.000       0.4956
 554.000       0.6464
 555.000       1.0927
 556.000       1.8548
 557.000       2.9156
