#Res             RMSF
 281.000       4.3903
 282.000       2.9140
 283.000       1.7015
 284.000       1.2961
 285.000       1.1767
 286.000       0.8877
 287.000       0.7014
 288.000       0.5331
 289.000       0.5347
 290.000       0.5899
 291.000       0.5561
 292.000       0.4758
 293.000       0.4823
 294.000       0.5647
 295.000       0.4970
 296.000       0.4860
 297.000       0.6709
 298.000       0.7678
 299.000       0.7568
 300.000       0.7502
 301.000       0.9320
 302.000       0.9014
 303.000       0.7859
 304.000       0.6711
 305.000       0.5199
 306.000       0.6163
 307.000       0.7114
 308.000       0.7439
 309.000       0.5748
 310.000       0.5375
 311.000       0.6072
 312.000       0.5436
 313.000       0.4746
 314.000       0.5090
 315.000       0.5619
 316.000       0.5177
 317.000       0.4864
 318.000       0.5854
 319.000       0.5609
 320.000       0.4887
 321.000       0.4278
 322.000       0.4849
 323.000       0.4512
 324.000       0.3907
 325.000       0.4772
 326.000       0.5033
 327.000       0.4070
 328.000       0.4389
 329.000       0.5020
 330.000       0.5310
 331.000       0.4920
 332.000       0.5937
 333.000       0.6442
 334.000       0.6492
 335.000       0.7985
 336.000       1.2552
 337.000       0.8045
 338.000       0.7758
 339.000       0.6273
 340.000       0.5087
 341.000       0.5721
 342.000       0.5515
 343.000       0.5741
 344.000       0.4869
 345.000       0.4566
 346.000       0.4865
 347.000       0.4890
 348.000       0.4254
 349.000       0.4428
 350.000       0.5269
 351.000       0.4988
 352.000       0.5177
 353.000       0.5961
 354.000       0.8143
 355.000       0.9721
 356.000       1.0417
 357.000       0.7041
 358.000       0.5481
 359.000       0.6660
 360.000       0.5704
 361.000       0.4890
 362.000       0.4682
 363.000       0.5141
 364.000       0.4802
 365.000       0.4665
 366.000       0.5083
 367.000       0.5495
 368.000       0.4960
 369.000       0.5358
 370.000       0.6247
 371.000       0.6455
 372.000       0.6342
 373.000       0.7951
 374.000       1.5500
 375.000       2.6563
 376.000       4.7290
