#Res             RMSF
 662.000       1.2660
 663.000       1.0626
 664.000       0.7917
 665.000       0.6098
 666.000       0.4909
 667.000       0.6828
 668.000       0.8239
 669.000       0.6180
 670.000       0.4908
 671.000       0.5006
 672.000       0.5417
 673.000       0.4513
 674.000       0.4510
 675.000       0.5998
 676.000       0.7110
 677.000       0.6592
 678.000       0.8228
 679.000       0.9562
 680.000       0.9417
 681.000       0.6461
 682.000       0.5826
 683.000       0.4764
 684.000       0.5332
 685.000       0.6717
 686.000       0.7244
 687.000       0.5196
 688.000       0.5283
 689.000       0.6321
 690.000       0.5425
 691.000       0.4415
 692.000       0.4621
 693.000       0.4942
 694.000       0.4377
 695.000       0.4103
 696.000       0.4785
 697.000       0.4831
 698.000       0.4429
 699.000       0.3807
 700.000       0.4292
 701.000       0.4008
 702.000       0.3619
 703.000       0.4462
 704.000       0.5102
 705.000       0.4806
 706.000       0.4072
 707.000       0.4698
 708.000       0.4746
 709.000       0.4129
 710.000       0.4674
 711.000       0.6764
 712.000       0.7262
 713.000       0.8011
 714.000       0.7848
 715.000       0.6732
 716.000       0.6380
 717.000       0.5444
 718.000       0.4232
 719.000       0.4437
 720.000       0.4601
 721.000       0.4435
 722.000       0.3657
 723.000       0.3711
 724.000       0.4114
 725.000       0.3865
 726.000       0.3741
 727.000       0.4448
 728.000       0.5101
 729.000       0.4821
 730.000       0.5004
 731.000       0.5026
 732.000       0.7173
 733.000       0.8944
 734.000       0.8428
 735.000       0.5849
 736.000       0.4783
 737.000       0.5922
 738.000       0.5266
 739.000       0.4425
 740.000       0.4850
 741.000       0.5567
 742.000       0.4886
 743.000       0.4642
 744.000       0.5555
 745.000       0.5592
 746.000       0.4653
 747.000       0.5398
 748.000       0.6398
 749.000       0.6088
 750.000       0.5953
 751.000       0.8791
 752.000       1.4505
 753.000       2.7712
