#Res             RMSF
 662.000       1.2709
 663.000       1.0644
 664.000       0.7932
 665.000       0.6105
 666.000       0.4910
 667.000       0.6822
 668.000       0.8236
 669.000       0.6178
 670.000       0.4910
 671.000       0.5000
 672.000       0.5411
 673.000       0.4510
 674.000       0.4508
 675.000       0.5995
 676.000       0.7108
 677.000       0.6593
 678.000       0.8224
 679.000       0.9564
 680.000       0.9413
 681.000       0.6462
 682.000       0.5826
 683.000       0.4763
 684.000       0.5329
 685.000       0.6711
 686.000       0.7238
 687.000       0.5198
 688.000       0.5291
 689.000       0.6326
 690.000       0.5424
 691.000       0.4418
 692.000       0.4620
 693.000       0.4939
 694.000       0.4375
 695.000       0.4104
 696.000       0.4787
 697.000       0.4829
 698.000       0.4426
 699.000       0.3805
 700.000       0.4289
 701.000       0.4010
 702.000       0.3617
 703.000       0.4458
 704.000       0.5096
 705.000       0.4803
 706.000       0.4069
 707.000       0.4694
 708.000       0.4750
 709.000       0.4130
 710.000       0.4672
 711.000       0.6773
 712.000       0.7277
 713.000       0.8004
 714.000       0.7839
 715.000       0.6728
 716.000       0.6394
 717.000       0.5447
 718.000       0.4229
 719.000       0.4436
 720.000       0.4606
 721.000       0.4434
 722.000       0.3652
 723.000       0.3710
 724.000       0.4120
 725.000       0.3874
 726.000       0.3744
 727.000       0.4447
 728.000       0.5101
 729.000       0.4822
 730.000       0.5002
 731.000       0.5045
 732.000       0.7188
 733.000       0.8938
 734.000       0.8438
 735.000       0.5850
 736.000       0.4784
 737.000       0.5919
 738.000       0.5266
 739.000       0.4436
 740.000       0.4863
 741.000       0.5576
 742.000       0.4885
 743.000       0.4639
 744.000       0.5551
 745.000       0.5588
 746.000       0.4649
 747.000       0.5393
 748.000       0.6396
 749.000       0.6082
 750.000       0.5948
 751.000       0.8793
 752.000       1.4516
 753.000       2.7740
