#Res             RMSF
 176.000       2.1252
 177.000       1.5522
 178.000       0.9348
 179.000       0.7124
 180.000       0.5687
 181.000       0.7126
 182.000       0.7367
 183.000       0.6062
 184.000       0.6631
 185.000       0.5000
 186.000       0.5310
 187.000       0.4786
 188.000       0.5329
 189.000       0.4837
 190.000       0.5813
 191.000       0.5315
 192.000       0.4421
 193.000       0.4507
 194.000       0.5323
 195.000       0.5393
 196.000       0.5193
 197.000       0.6937
 198.000       0.8376
 199.000       0.7689
 200.000       0.9945
 201.000       0.6330
 202.000       0.6759
 203.000       0.7187
 204.000       0.6030
 205.000       0.5314
 206.000       0.5380
 207.000       0.6338
 208.000       0.5353
 209.000       0.4317
 210.000       0.4042
 211.000       0.4070
 212.000       0.4506
 213.000       0.4256
 214.000       0.3826
 215.000       0.4258
 216.000       0.4590
 217.000       0.4201
 218.000       0.4135
 219.000       0.4796
 220.000       0.5003
 221.000       0.5291
 222.000       0.5262
 223.000       0.5809
 224.000       0.5431
 225.000       0.4951
 226.000       0.5670
 227.000       0.5665
 228.000       0.4958
 229.000       0.5285
 230.000       0.5732
 231.000       0.5769
 232.000       0.5163
 233.000       0.6708
 234.000       0.7934
 235.000       0.7865
 236.000       0.8278
 237.000       0.6125
 238.000       0.6558
 239.000       0.5507
 240.000       0.4462
 241.000       0.4389
 242.000       0.4259
 243.000       0.4508
 244.000       0.4413
 245.000       0.4683
 246.000       0.5497
 247.000       0.5820
 248.000       0.6201
 249.000       0.7602
 250.000       0.9151
 251.000       1.1630
 252.000       1.1889
 253.000       1.3788
 254.000       1.3918
 255.000       1.1903
 256.000       1.0289
 257.000       1.1420
 258.000       1.1929
 259.000       1.1947
 260.000       1.6677
 261.000       0.8618
 262.000       0.6132
 263.000       0.5126
 264.000       0.4731
 265.000       0.5320
 266.000       0.5009
 267.000       0.5180
 268.000       0.6263
 269.000       0.6162
 270.000       0.6667
 271.000       0.7325
 272.000       0.9109
 273.000       0.9880
 274.000       1.1040
 275.000       1.1886
 276.000       1.0982
 277.000       0.9233
 278.000       1.0353
 279.000       1.3423
 280.000       2.0979
