#Res             RMSF
 476.000       2.5682
 477.000       1.9318
 478.000       1.1356
 479.000       0.8969
 480.000       0.5928
 481.000       0.5669
 482.000       0.7208
 483.000       0.7683
 484.000       0.5981
 485.000       0.5285
 486.000       0.4716
 487.000       0.4212
 488.000       0.4153
 489.000       0.3726
 490.000       0.3440
 491.000       0.3795
 492.000       0.3733
 493.000       0.3436
 494.000       0.3649
 495.000       0.3940
 496.000       0.4335
 497.000       0.4287
 498.000       0.3769
 499.000       0.4340
 500.000       0.4050
 501.000       0.3908
 502.000       0.4104
 503.000       0.4877
 504.000       0.4638
 505.000       0.4093
 506.000       0.4219
 507.000       0.4940
 508.000       0.4495
 509.000       0.3545
 510.000       0.4167
 511.000       0.4755
 512.000       0.4399
 513.000       0.4210
 514.000       0.4590
 515.000       0.4821
 516.000       0.4322
 517.000       0.4745
 518.000       0.5288
 519.000       0.4898
 520.000       0.4040
 521.000       0.3621
 522.000       0.4009
 523.000       0.3547
 524.000       0.3193
 525.000       0.3603
 526.000       0.4052
 527.000       0.3654
 528.000       0.3780
 529.000       0.5238
 530.000       0.5780
 531.000       0.5411
 532.000       0.6239
 533.000       0.4662
 534.000       0.6459
 535.000       0.4652
 536.000       0.3899
 537.000       0.4112
 538.000       0.4054
 539.000       0.4045
 540.000       0.3344
 541.000       0.3300
 542.000       0.3646
 543.000       0.3412
 544.000       0.3326
 545.000       0.4003
 546.000       0.4940
 547.000       0.5488
 548.000       0.6156
 549.000       0.7293
 550.000       0.6352
 551.000       0.6986
 552.000       0.4616
 553.000       0.4770
 554.000       0.6014
 555.000       0.8375
 556.000       1.6032
 557.000       2.7425
