#Res             RMSF
 377.000       2.8566
 378.000       2.1623
 379.000       1.5433
 380.000       1.0185
 381.000       0.6005
 382.000       0.5650
 383.000       0.5318
 384.000       0.5346
 385.000       0.5296
 386.000       0.5177
 387.000       0.4623
 388.000       0.4940
 389.000       0.5721
 390.000       0.4989
 391.000       0.4280
 392.000       0.5112
 393.000       0.5160
 394.000       0.4736
 395.000       0.4739
 396.000       0.5612
 397.000       0.6100
 398.000       0.5841
 399.000       0.5828
 400.000       0.5115
 401.000       0.4742
 402.000       0.4930
 403.000       0.5731
 404.000       0.5216
 405.000       0.5120
 406.000       0.5447
 407.000       0.4422
 408.000       0.4813
 409.000       0.5111
 410.000       0.4634
 411.000       0.4435
 412.000       0.5101
 413.000       0.5284
 414.000       0.5248
 415.000       0.5445
 416.000       0.6744
 417.000       0.8339
 418.000       0.7661
 419.000       0.7496
 420.000       0.8386
 421.000       1.1101
 422.000       0.6681
 423.000       0.6041
 424.000       0.5738
 425.000       0.6179
 426.000       0.6918
 427.000       0.5716
 428.000       0.4692
 429.000       0.4234
 430.000       0.4547
 431.000       0.4708
 432.000       0.4023
 433.000       0.3526
 434.000       0.4113
 435.000       0.4560
 436.000       0.4389
 437.000       0.4071
 438.000       0.4458
 439.000       0.4651
 440.000       0.4216
 441.000       0.3695
 442.000       0.4177
 443.000       0.3829
 444.000       0.3661
 445.000       0.4056
 446.000       0.3871
 447.000       0.3754
 448.000       0.3879
 449.000       0.4375
 450.000       0.4044
 451.000       0.4121
 452.000       0.4495
 453.000       0.4791
 454.000       0.5327
 455.000       0.5569
 456.000       0.4821
 457.000       0.5165
 458.000       0.4195
 459.000       0.3644
 460.000       0.4481
 461.000       0.4589
 462.000       0.4617
 463.000       0.3671
 464.000       0.4405
 465.000       0.4846
 466.000       0.4375
 467.000       0.4712
 468.000       0.5939
 469.000       0.6075
 470.000       0.6033
 471.000       0.6505
 472.000       0.8987
 473.000       1.4905
 474.000       2.4271
 475.000       3.6591
