#Res             RMSF
 281.000       4.3953
 282.000       2.9145
 283.000       1.6969
 284.000       1.2942
 285.000       1.1747
 286.000       0.8884
 287.000       0.7012
 288.000       0.5317
 289.000       0.5337
 290.000       0.5889
 291.000       0.5553
 292.000       0.4757
 293.000       0.4819
 294.000       0.5644
 295.000       0.4968
 296.000       0.4862
 297.000       0.6700
 298.000       0.7661
 299.000       0.7556
 300.000       0.7486
 301.000       0.9277
 302.000       0.9012
 303.000       0.7865
 304.000       0.6715
 305.000       0.5194
 306.000       0.6150
 307.000       0.7092
 308.000       0.7412
 309.000       0.5722
 310.000       0.5371
 311.000       0.6070
 312.000       0.5437
 313.000       0.4746
 314.000       0.5091
 315.000       0.5622
 316.000       0.5180
 317.000       0.4869
 318.000       0.5858
 319.000       0.5608
 320.000       0.4889
 321.000       0.4283
 322.000       0.4854
 323.000       0.4515
 324.000       0.3910
 325.000       0.4761
 326.000       0.5024
 327.000       0.4070
 328.000       0.4394
 329.000       0.5023
 330.000       0.5311
 331.000       0.4921
 332.000       0.5937
 333.000       0.6447
 334.000       0.6498
 335.000       0.7993
 336.000       1.2559
 337.000       0.8052
 338.000       0.7762
 339.000       0.6262
 340.000       0.5078
 341.000       0.5710
 342.000       0.5514
 343.000       0.5740
 344.000       0.4865
 345.000       0.4569
 346.000       0.4870
 347.000       0.4895
 348.000       0.4255
 349.000       0.4425
 350.000       0.5249
 351.000       0.4989
 352.000       0.5173
 353.000       0.5955
 354.000       0.8142
 355.000       0.9725
 356.000       1.0419
 357.000       0.7033
 358.000       0.5477
 359.000       0.6653
 360.000       0.5701
 361.000       0.4882
 362.000       0.4680
 363.000       0.5144
 364.000       0.4802
 365.000       0.4666
 366.000       0.5086
 367.000       0.5499
 368.000       0.4959
 369.000       0.5362
 370.000       0.6252
 371.000       0.6456
 372.000       0.6347
 373.000       0.7959
 374.000       1.5509
 375.000       2.6548
 376.000       4.7332
