#Res             RMSF
 176.000       2.1719
 177.000       1.1244
 178.000       0.7814
 179.000       0.6119
 180.000       0.5143
 181.000       0.6156
 182.000       0.5967
 183.000       0.5377
 184.000       0.6168
 185.000       0.4995
 186.000       0.5508
 187.000       0.4756
 188.000       0.5404
 189.000       0.4151
 190.000       0.4484
 191.000       0.4189
 192.000       0.3990
 193.000       0.3825
 194.000       0.4393
 195.000       0.5209
 196.000       0.5295
 197.000       0.6682
 198.000       0.8090
 199.000       0.7433
 200.000       0.7850
 201.000       0.6044
 202.000       0.6559
 203.000       0.7324
 204.000       0.6164
 205.000       0.5094
 206.000       0.5170
 207.000       0.5932
 208.000       0.4833
 209.000       0.4108
 210.000       0.3870
 211.000       0.3800
 212.000       0.4110
 213.000       0.4038
 214.000       0.3828
 215.000       0.4401
 216.000       0.4604
 217.000       0.4493
 218.000       0.4368
 219.000       0.4820
 220.000       0.5261
 221.000       0.5123
 222.000       0.5334
 223.000       0.5622
 224.000       0.4701
 225.000       0.4423
 226.000       0.5036
 227.000       0.5442
 228.000       0.4424
 229.000       0.5176
 230.000       0.6075
 231.000       0.6212
 232.000       0.5629
 233.000       0.7257
 234.000       0.8685
 235.000       0.8491
 236.000       0.8910
 237.000       0.6791
 238.000       0.6546
 239.000       0.4867
 240.000       0.3811
 241.000       0.3977
 242.000       0.4198
 243.000       0.4560
 244.000       0.4403
 245.000       0.4686
 246.000       0.5533
 247.000       0.6266
 248.000       0.6456
 249.000       0.6440
 250.000       0.7857
 251.000       0.9625
 252.000       0.8856
 253.000       1.0415
 254.000       1.3193
 255.000       0.8522
 256.000       1.1398
 257.000       1.3543
 258.000       1.0683
 259.000       1.0985
 260.000       1.9039
 261.000       1.2772
 262.000       0.5996
 263.000       0.4976
 264.000       0.4708
 265.000       0.4857
 266.000       0.5168
 267.000       0.5400
 268.000       0.6168
 269.000       0.6522
 270.000       0.7623
 271.000       0.7946
 272.000       0.8602
 273.000       0.8446
 274.000       0.8546
 275.000       0.9765
 276.000       0.9359
 277.000       0.7941
 278.000       0.9299
 279.000       1.2180
 280.000       1.9119
