#Res             RMSF
 176.000       2.4219
 177.000       1.5520
 178.000       1.0147
 179.000       0.7484
 180.000       0.5985
 181.000       0.6979
 182.000       0.7360
 183.000       0.6209
 184.000       0.6527
 185.000       0.5558
 186.000       0.5950
 187.000       0.5353
 188.000       0.5862
 189.000       0.5621
 190.000       0.6747
 191.000       0.5714
 192.000       0.4352
 193.000       0.4617
 194.000       0.5712
 195.000       0.5912
 196.000       0.5405
 197.000       0.7141
 198.000       0.9039
 199.000       0.8366
 200.000       0.9987
 201.000       0.6554
 202.000       0.6768
 203.000       0.7395
 204.000       0.6228
 205.000       0.5376
 206.000       0.5542
 207.000       0.6765
 208.000       0.5852
 209.000       0.4768
 210.000       0.4609
 211.000       0.5129
 212.000       0.5486
 213.000       0.4881
 214.000       0.4701
 215.000       0.5351
 216.000       0.5483
 217.000       0.4866
 218.000       0.4902
 219.000       0.5751
 220.000       0.5807
 221.000       0.5831
 222.000       0.5604
 223.000       0.6070
 224.000       0.5551
 225.000       0.4832
 226.000       0.5682
 227.000       0.6495
 228.000       0.5448
 229.000       0.5969
 230.000       0.6786
 231.000       0.6686
 232.000       0.6098
 233.000       0.7477
 234.000       0.8937
 235.000       0.8834
 236.000       0.9268
 237.000       0.7182
 238.000       0.7190
 239.000       0.5750
 240.000       0.4655
 241.000       0.4471
 242.000       0.4433
 243.000       0.4620
 244.000       0.4691
 245.000       0.4997
 246.000       0.5707
 247.000       0.6398
 248.000       0.6897
 249.000       0.7701
 250.000       0.9420
 251.000       1.2529
 252.000       1.1787
 253.000       1.5775
 254.000       1.4414
 255.000       1.0858
 256.000       1.0862
 257.000       1.3014
 258.000       1.1386
 259.000       1.1493
 260.000       1.8528
 261.000       1.5106
 262.000       0.7449
 263.000       0.5135
 264.000       0.4807
 265.000       0.5199
 266.000       0.5191
 267.000       0.5316
 268.000       0.6242
 269.000       0.6640
 270.000       0.7292
 271.000       0.7904
 272.000       0.9255
 273.000       0.9745
 274.000       1.0429
 275.000       1.1463
 276.000       1.0913
 277.000       0.9376
 278.000       1.0597
 279.000       1.3430
 280.000       2.0402
