#Res             RMSF
 662.000       1.2676
 663.000       1.0331
 664.000       0.7768
 665.000       0.5919
 666.000       0.4620
 667.000       0.4711
 668.000       0.4989
 669.000       0.4586
 670.000       0.4245
 671.000       0.4473
 672.000       0.4983
 673.000       0.4337
 674.000       0.4419
 675.000       0.6030
 676.000       0.6964
 677.000       0.6181
 678.000       0.8154
 679.000       0.9165
 680.000       0.9169
 681.000       0.6647
 682.000       0.5799
 683.000       0.4608
 684.000       0.4719
 685.000       0.5539
 686.000       0.6114
 687.000       0.4555
 688.000       0.4661
 689.000       0.6178
 690.000       0.5418
 691.000       0.4198
 692.000       0.4575
 693.000       0.5188
 694.000       0.4392
 695.000       0.4056
 696.000       0.4750
 697.000       0.4632
 698.000       0.4252
 699.000       0.3583
 700.000       0.3952
 701.000       0.3681
 702.000       0.3646
 703.000       0.4394
 704.000       0.4741
 705.000       0.4773
 706.000       0.4050
 707.000       0.4621
 708.000       0.4686
 709.000       0.3998
 710.000       0.4563
 711.000       0.6653
 712.000       0.7083
 713.000       0.7580
 714.000       0.8266
 715.000       0.6685
 716.000       0.6070
 717.000       0.5213
 718.000       0.4071
 719.000       0.4456
 720.000       0.4850
 721.000       0.4519
 722.000       0.3804
 723.000       0.3780
 724.000       0.4209
 725.000       0.3959
 726.000       0.3748
 727.000       0.4349
 728.000       0.5011
 729.000       0.4505
 730.000       0.4613
 731.000       0.4632
 732.000       0.6308
 733.000       0.9562
 734.000       0.8359
 735.000       0.5873
 736.000       0.4638
 737.000       0.5675
 738.000       0.5095
 739.000       0.4478
 740.000       0.5024
 741.000       0.5753
 742.000       0.4915
 743.000       0.4674
 744.000       0.5700
 745.000       0.5812
 746.000       0.4626
 747.000       0.5672
 748.000       0.6803
 749.000       0.6176
 750.000       0.5868
 751.000       0.9242
 752.000       1.4554
 753.000       2.5240
