#Res             RMSF
 377.000       2.5583
 378.000       1.6686
 379.000       1.1639
 380.000       0.7514
 381.000       0.5464
 382.000       0.5384
 383.000       0.4730
 384.000       0.5123
 385.000       0.4981
 386.000       0.4641
 387.000       0.4361
 388.000       0.4406
 389.000       0.4587
 390.000       0.4414
 391.000       0.3974
 392.000       0.4958
 393.000       0.5119
 394.000       0.4564
 395.000       0.4750
 396.000       0.5691
 397.000       0.5770
 398.000       0.5462
 399.000       0.5694
 400.000       0.4777
 401.000       0.4233
 402.000       0.4118
 403.000       0.4886
 404.000       0.4722
 405.000       0.4850
 406.000       0.4799
 407.000       0.4012
 408.000       0.4162
 409.000       0.4328
 410.000       0.4111
 411.000       0.3669
 412.000       0.3983
 413.000       0.4255
 414.000       0.4313
 415.000       0.4275
 416.000       0.6046
 417.000       0.8351
 418.000       0.7376
 419.000       0.6747
 420.000       0.7486
 421.000       0.8754
 422.000       0.4938
 423.000       0.4887
 424.000       0.5025
 425.000       0.5448
 426.000       0.6813
 427.000       0.4985
 428.000       0.4138
 429.000       0.4031
 430.000       0.4487
 431.000       0.4225
 432.000       0.3728
 433.000       0.3474
 434.000       0.3881
 435.000       0.4038
 436.000       0.3970
 437.000       0.3531
 438.000       0.3728
 439.000       0.3985
 440.000       0.3622
 441.000       0.3497
 442.000       0.4321
 443.000       0.3497
 444.000       0.3316
 445.000       0.3812
 446.000       0.3616
 447.000       0.3176
 448.000       0.3260
 449.000       0.3810
 450.000       0.3755
 451.000       0.3807
 452.000       0.3947
 453.000       0.4143
 454.000       0.4981
 455.000       0.5214
 456.000       0.4531
 457.000       0.5183
 458.000       0.3787
 459.000       0.3415
 460.000       0.4120
 461.000       0.4277
 462.000       0.4245
 463.000       0.3416
 464.000       0.4267
 465.000       0.4824
 466.000       0.4253
 467.000       0.4483
 468.000       0.6147
 469.000       0.6613
 470.000       0.6627
 471.000       0.7534
 472.000       0.8882
 473.000       0.9534
 474.000       1.4040
 475.000       2.4628
