#Res             RMSF
 558.000       1.2327
 559.000       0.8091
 560.000       0.7014
 561.000       0.5648
 562.000       0.7177
 563.000       0.7540
 564.000       0.6033
 565.000       0.6953
 566.000       0.5015
 567.000       0.5140
 568.000       0.4437
 569.000       0.4977
 570.000       0.4252
 571.000       0.4721
 572.000       0.4461
 573.000       0.3993
 574.000       0.4089
 575.000       0.4449
 576.000       0.4677
 577.000       0.5052
 578.000       0.6553
 579.000       0.8055
 580.000       0.7138
 581.000       0.8412
 582.000       0.6294
 583.000       0.6433
 584.000       0.6543
 585.000       0.5606
 586.000       0.5498
 587.000       0.5486
 588.000       0.5787
 589.000       0.5131
 590.000       0.4079
 591.000       0.3568
 592.000       0.3666
 593.000       0.3938
 594.000       0.3634
 595.000       0.3678
 596.000       0.4026
 597.000       0.4112
 598.000       0.4090
 599.000       0.3966
 600.000       0.4151
 601.000       0.4690
 602.000       0.4522
 603.000       0.4826
 604.000       0.5677
 605.000       0.5175
 606.000       0.4772
 607.000       0.6243
 608.000       0.6395
 609.000       0.5063
 610.000       0.6274
 611.000       0.8842
 612.000       0.8335
 613.000       0.6424
 614.000       1.0283
 615.000       1.2167
 616.000       0.9853
 617.000       1.0284
 618.000       0.7391
 619.000       0.7581
 620.000       0.5811
 621.000       0.4368
 622.000       0.5619
 623.000       0.6658
 624.000       0.6821
 625.000       0.5860
 626.000       0.6454
 627.000       1.0233
 628.000       1.0981
 629.000       0.8117
 630.000       0.8601
 631.000       1.0986
 632.000       1.0845
 633.000       0.9540
 634.000       1.0853
 635.000       1.0555
 636.000       0.7101
 637.000       1.0078
 638.000       1.1593
 639.000       0.8459
 640.000       0.8168
 641.000       1.0817
 642.000       1.2281
 643.000       0.8073
 644.000       0.7141
 645.000       0.6729
 646.000       0.6908
 647.000       0.6855
 648.000       0.9079
 649.000       0.9540
 650.000       0.9484
 651.000       1.0835
 652.000       0.9011
 653.000       1.1257
 654.000       1.0854
 655.000       1.1531
 656.000       1.2283
 657.000       1.0407
 658.000       0.8884
 659.000       1.0562
 660.000       1.4141
 661.000       2.0235
