#Res             RMSF
  98.000       1.2973
  99.000       0.7496
 100.000       0.9039
 101.000       1.0152
 102.000       0.6691
 103.000       0.5216
 104.000       0.4423
 105.000       0.4777
 106.000       0.4759
 107.000       0.3698
 108.000       0.3333
 109.000       0.4169
 110.000       0.4229
 111.000       0.3580
 112.000       0.3748
 113.000       0.4129
 114.000       0.4503
 115.000       0.4601
 116.000       0.3949
 117.000       0.4470
 118.000       0.4134
 119.000       0.4368
 120.000       0.4625
 121.000       0.5275
 122.000       0.5247
 123.000       0.4455
 124.000       0.4211
 125.000       0.5183
 126.000       0.4796
 127.000       0.3865
 128.000       0.4036
 129.000       0.5064
 130.000       0.5183
 131.000       0.4755
 132.000       0.5213
 133.000       0.5681
 134.000       0.5128
 135.000       0.5373
 136.000       0.5367
 137.000       0.5202
 138.000       0.4332
 139.000       0.3905
 140.000       0.4201
 141.000       0.3424
 142.000       0.3359
 143.000       0.3727
 144.000       0.3666
 145.000       0.3508
 146.000       0.3483
 147.000       0.4739
 148.000       0.5502
 149.000       0.5478
 150.000       0.6040
 151.000       0.5541
 152.000       0.6449
 153.000       0.5101
 154.000       0.4259
 155.000       0.4581
 156.000       0.4475
 157.000       0.4705
 158.000       0.3884
 159.000       0.3802
 160.000       0.4385
 161.000       0.4165
 162.000       0.3557
 163.000       0.4963
 164.000       0.5304
 165.000       0.7665
 166.000       1.0424
 167.000       1.0060
 168.000       0.8166
 169.000       0.6693
 170.000       0.6873
 171.000       0.6522
 172.000       0.8322
 173.000       1.0420
 174.000       1.6978
 175.000       3.0333
