#Res             RMSF
   1.000       2.2794
   2.000       1.3844
   3.000       0.9156
   4.000       0.5574
   5.000       0.5138
   6.000       0.4701
   7.000       0.4753
   8.000       0.4714
   9.000       0.4719
  10.000       0.4397
  11.000       0.4646
  12.000       0.4886
  13.000       0.4346
  14.000       0.4082
  15.000       0.5194
  16.000       0.4811
  17.000       0.4483
  18.000       0.4785
  19.000       0.6005
  20.000       0.6227
  21.000       0.6199
  22.000       0.6494
  23.000       0.5246
  24.000       0.4347
  25.000       0.4297
  26.000       0.4806
  27.000       0.4567
  28.000       0.4829
  29.000       0.4584
  30.000       0.3933
  31.000       0.4376
  32.000       0.4809
  33.000       0.4481
  34.000       0.3913
  35.000       0.4476
  36.000       0.5076
  37.000       0.4718
  38.000       0.4914
  39.000       0.6707
  40.000       1.0040
  41.000       0.9113
  42.000       0.7618
  43.000       0.7604
  44.000       1.0767
  45.000       0.6522
  46.000       0.6355
  47.000       0.6110
  48.000       0.5969
  49.000       0.6370
  50.000       0.5394
  51.000       0.4267
  52.000       0.3782
  53.000       0.4116
  54.000       0.3723
  55.000       0.3063
  56.000       0.3124
  57.000       0.3614
  58.000       0.3694
  59.000       0.3878
  60.000       0.3882
  61.000       0.3767
  62.000       0.4072
  63.000       0.4063
  64.000       0.3441
  65.000       0.4214
  66.000       0.3658
  67.000       0.3231
  68.000       0.3760
  69.000       0.3722
  70.000       0.3394
  71.000       0.3593
  72.000       0.4347
  73.000       0.4081
  74.000       0.4222
  75.000       0.4610
  76.000       0.4468
  77.000       0.5066
  78.000       0.5770
  79.000       0.4563
  80.000       0.4240
  81.000       0.3862
  82.000       0.3415
  83.000       0.4338
  84.000       0.4774
  85.000       0.4680
  86.000       0.3661
  87.000       0.4414
  88.000       0.5246
  89.000       0.4340
  90.000       0.4405
  91.000       0.5255
  92.000       0.5640
  93.000       0.5634
  94.000       0.6211
  95.000       0.7954
  96.000       0.8664
  97.000       0.9449
