#Res             RMSF
 558.000       1.2275
 559.000       0.8095
 560.000       0.6835
 561.000       0.5435
 562.000       0.6851
 563.000       0.7341
 564.000       0.5860
 565.000       0.6654
 566.000       0.4853
 567.000       0.5100
 568.000       0.4458
 569.000       0.4916
 570.000       0.4153
 571.000       0.5132
 572.000       0.4815
 573.000       0.4278
 574.000       0.4422
 575.000       0.5118
 576.000       0.5452
 577.000       0.6044
 578.000       0.7337
 579.000       0.9479
 580.000       0.8951
 581.000       1.2586
 582.000       0.7865
 583.000       0.7910
 584.000       0.8530
 585.000       0.6606
 586.000       0.5577
 587.000       0.5663
 588.000       0.6245
 589.000       0.5341
 590.000       0.4054
 591.000       0.3604
 592.000       0.3638
 593.000       0.3911
 594.000       0.3762
 595.000       0.3652
 596.000       0.3999
 597.000       0.4160
 598.000       0.4203
 599.000       0.4033
 600.000       0.4167
 601.000       0.4523
 602.000       0.4557
 603.000       0.4806
 604.000       0.5478
 605.000       0.5045
 606.000       0.4640
 607.000       0.5890
 608.000       0.6033
 609.000       0.5007
 610.000       0.6092
 611.000       0.8307
 612.000       0.7747
 613.000       0.6212
 614.000       0.9697
 615.000       1.1530
 616.000       0.9551
 617.000       0.9997
 618.000       0.7546
 619.000       0.8094
 620.000       0.6190
 621.000       0.4883
 622.000       0.6293
 623.000       0.7108
 624.000       0.6737
 625.000       0.6095
 626.000       0.6906
 627.000       0.9798
 628.000       1.0273
 629.000       0.8335
 630.000       1.0524
 631.000       1.5402
 632.000       1.1985
 633.000       0.9380
 634.000       1.0239
 635.000       1.0043
 636.000       0.7335
 637.000       1.0046
 638.000       1.1656
 639.000       0.8924
 640.000       0.8876
 641.000       1.1162
 642.000       1.0615
 643.000       0.7444
 644.000       0.6680
 645.000       0.6530
 646.000       0.7043
 647.000       0.7408
 648.000       0.8591
 649.000       0.8806
 650.000       0.9233
 651.000       1.1045
 652.000       0.9540
 653.000       1.0691
 654.000       1.0383
 655.000       1.0926
 656.000       1.1769
 657.000       1.0586
 658.000       0.9333
 659.000       1.1192
 660.000       1.4817
 661.000       2.1217
