#Res             RMSF
   1.000       2.9553
   2.000       1.4749
   3.000       0.9727
   4.000       0.6081
   5.000       0.5638
   6.000       0.4984
   7.000       0.4983
   8.000       0.4961
   9.000       0.4710
  10.000       0.4362
  11.000       0.4561
  12.000       0.4817
  13.000       0.4289
  14.000       0.4053
  15.000       0.5151
  16.000       0.4688
  17.000       0.4431
  18.000       0.4850
  19.000       0.5895
  20.000       0.6207
  21.000       0.6227
  22.000       0.6303
  23.000       0.5073
  24.000       0.4345
  25.000       0.4194
  26.000       0.4644
  27.000       0.4690
  28.000       0.5052
  29.000       0.4936
  30.000       0.4248
  31.000       0.4735
  32.000       0.5444
  33.000       0.4893
  34.000       0.3957
  35.000       0.5071
  36.000       0.5585
  37.000       0.4950
  38.000       0.5063
  39.000       0.7008
  40.000       1.0433
  41.000       0.9355
  42.000       0.7724
  43.000       0.8237
  44.000       1.1648
  45.000       0.6872
  46.000       0.6713
  47.000       0.6445
  48.000       0.6333
  49.000       0.7054
  50.000       0.5647
  51.000       0.4585
  52.000       0.4410
  53.000       0.4384
  54.000       0.4235
  55.000       0.3785
  56.000       0.3313
  57.000       0.3850
  58.000       0.4178
  59.000       0.4121
  60.000       0.3911
  61.000       0.3992
  62.000       0.4406
  63.000       0.4083
  64.000       0.3804
  65.000       0.4587
  66.000       0.3780
  67.000       0.3403
  68.000       0.4259
  69.000       0.4000
  70.000       0.3437
  71.000       0.3631
  72.000       0.4524
  73.000       0.4003
  74.000       0.4148
  75.000       0.4766
  76.000       0.4641
  77.000       0.5141
  78.000       0.5974
  79.000       0.4663
  80.000       0.4767
  81.000       0.4116
  82.000       0.3604
  83.000       0.4433
  84.000       0.4789
  85.000       0.4581
  86.000       0.3712
  87.000       0.4705
  88.000       0.5299
  89.000       0.4477
  90.000       0.4703
  91.000       0.6130
  92.000       0.6707
  93.000       0.6418
  94.000       0.7387
  95.000       0.9819
  96.000       1.2067
  97.000       2.1961
