#Res             RMSF
 662.000       1.2491
 663.000       1.0819
 664.000       0.8013
 665.000       0.6061
 666.000       0.4926
 667.000       0.7848
 668.000       0.9839
 669.000       0.7004
 670.000       0.5461
 671.000       0.5456
 672.000       0.5436
 673.000       0.4477
 674.000       0.4348
 675.000       0.5455
 676.000       0.6727
 677.000       0.6526
 678.000       0.6518
 679.000       0.8846
 680.000       0.8133
 681.000       0.6056
 682.000       0.5638
 683.000       0.4803
 684.000       0.5451
 685.000       0.6655
 686.000       0.6953
 687.000       0.5093
 688.000       0.5346
 689.000       0.5935
 690.000       0.4984
 691.000       0.4019
 692.000       0.4130
 693.000       0.4257
 694.000       0.3988
 695.000       0.3739
 696.000       0.4482
 697.000       0.4754
 698.000       0.4296
 699.000       0.3958
 700.000       0.4509
 701.000       0.4178
 702.000       0.3565
 703.000       0.4481
 704.000       0.5167
 705.000       0.4206
 706.000       0.3689
 707.000       0.4355
 708.000       0.4328
 709.000       0.4051
 710.000       0.4603
 711.000       0.5968
 712.000       0.6823
 713.000       0.7858
 714.000       0.6537
 715.000       0.5713
 716.000       0.5557
 717.000       0.5038
 718.000       0.4270
 719.000       0.4327
 720.000       0.4274
 721.000       0.4122
 722.000       0.3430
 723.000       0.3531
 724.000       0.3781
 725.000       0.3394
 726.000       0.3381
 727.000       0.4004
 728.000       0.4440
 729.000       0.4545
 730.000       0.4844
 731.000       0.5158
 732.000       0.7891
 733.000       0.8272
 734.000       0.8469
 735.000       0.5816
 736.000       0.4834
 737.000       0.5968
 738.000       0.5251
 739.000       0.4312
 740.000       0.4251
 741.000       0.4892
 742.000       0.4744
 743.000       0.4552
 744.000       0.5309
 745.000       0.5343
 746.000       0.4634
 747.000       0.5063
 748.000       0.5918
 749.000       0.5972
 750.000       0.6010
 751.000       0.8129
 752.000       1.4320
 753.000       2.9418
