#Res             RMSF
 558.000       1.2081
 559.000       0.7935
 560.000       0.6557
 561.000       0.5101
 562.000       0.6441
 563.000       0.7062
 564.000       0.5618
 565.000       0.6246
 566.000       0.4569
 567.000       0.4939
 568.000       0.4315
 569.000       0.4744
 570.000       0.4046
 571.000       0.5271
 572.000       0.4755
 573.000       0.4115
 574.000       0.4263
 575.000       0.4833
 576.000       0.5270
 577.000       0.5901
 578.000       0.7078
 579.000       0.9492
 580.000       0.8936
 581.000       1.2609
 582.000       0.7988
 583.000       0.8052
 584.000       0.9144
 585.000       0.6905
 586.000       0.5509
 587.000       0.5790
 588.000       0.6590
 589.000       0.5305
 590.000       0.3923
 591.000       0.3625
 592.000       0.3585
 593.000       0.3838
 594.000       0.3824
 595.000       0.3505
 596.000       0.3874
 597.000       0.4138
 598.000       0.4239
 599.000       0.4022
 600.000       0.4149
 601.000       0.4341
 602.000       0.4536
 603.000       0.4765
 604.000       0.5301
 605.000       0.4902
 606.000       0.4532
 607.000       0.5431
 608.000       0.5355
 609.000       0.4903
 610.000       0.5868
 611.000       0.7423
 612.000       0.6776
 613.000       0.5891
 614.000       0.8497
 615.000       1.0165
 616.000       0.8764
 617.000       0.8908
 618.000       0.7154
 619.000       0.7723
 620.000       0.5970
 621.000       0.5005
 622.000       0.6090
 623.000       0.6162
 624.000       0.5608
 625.000       0.5888
 626.000       0.6597
 627.000       0.6385
 628.000       0.6473
 629.000       0.7392
 630.000       1.0119
 631.000       1.4530
 632.000       1.0733
 633.000       0.8533
 634.000       0.7738
 635.000       0.7314
 636.000       0.7070
 637.000       0.8309
 638.000       0.8426
 639.000       0.7444
 640.000       0.7484
 641.000       1.0356
 642.000       0.7118
 643.000       0.5670
 644.000       0.5471
 645.000       0.5706
 646.000       0.5986
 647.000       0.6509
 648.000       0.7355
 649.000       0.7108
 650.000       0.7497
 651.000       0.9934
 652.000       0.9682
 653.000       0.9508
 654.000       0.9463
 655.000       0.9737
 656.000       1.0892
 657.000       1.0159
 658.000       0.9021
 659.000       1.1045
 660.000       1.4804
 661.000       2.1647
