#Res             RMSF
 377.000       2.7318
 378.000       1.9408
 379.000       1.3727
 380.000       0.8959
 381.000       0.5860
 382.000       0.5704
 383.000       0.5115
 384.000       0.5403
 385.000       0.5305
 386.000       0.5072
 387.000       0.4668
 388.000       0.4816
 389.000       0.5332
 390.000       0.4854
 391.000       0.4234
 392.000       0.5127
 393.000       0.5230
 394.000       0.4802
 395.000       0.4871
 396.000       0.5732
 397.000       0.6119
 398.000       0.6005
 399.000       0.6317
 400.000       0.5702
 401.000       0.4945
 402.000       0.4896
 403.000       0.5715
 404.000       0.5247
 405.000       0.5094
 406.000       0.5156
 407.000       0.4335
 408.000       0.4625
 409.000       0.4750
 410.000       0.4482
 411.000       0.4172
 412.000       0.4595
 413.000       0.4888
 414.000       0.4973
 415.000       0.5050
 416.000       0.6503
 417.000       0.8542
 418.000       0.7892
 419.000       0.7600
 420.000       0.8104
 421.000       1.0165
 422.000       0.5948
 423.000       0.5575
 424.000       0.5582
 425.000       0.6187
 426.000       0.7388
 427.000       0.6240
 428.000       0.5367
 429.000       0.4889
 430.000       0.5475
 431.000       0.5774
 432.000       0.4911
 433.000       0.4273
 434.000       0.4678
 435.000       0.4978
 436.000       0.4870
 437.000       0.4501
 438.000       0.4611
 439.000       0.4912
 440.000       0.4364
 441.000       0.3767
 442.000       0.4518
 443.000       0.4032
 444.000       0.3584
 445.000       0.4130
 446.000       0.4074
 447.000       0.3638
 448.000       0.3730
 449.000       0.4276
 450.000       0.4014
 451.000       0.4053
 452.000       0.4431
 453.000       0.4625
 454.000       0.5272
 455.000       0.5574
 456.000       0.4789
 457.000       0.5231
 458.000       0.4060
 459.000       0.3596
 460.000       0.4337
 461.000       0.4449
 462.000       0.4458
 463.000       0.3666
 464.000       0.4935
 465.000       0.5397
 466.000       0.4520
 467.000       0.5132
 468.000       0.7108
 469.000       0.7093
 470.000       0.6477
 471.000       0.7628
 472.000       0.9914
 473.000       2.1585
 474.000       3.4611
 475.000       3.8021
