#Res             RMSF
 377.000       2.7253
 378.000       1.9399
 379.000       1.3728
 380.000       0.8969
 381.000       0.5861
 382.000       0.5701
 383.000       0.5109
 384.000       0.5399
 385.000       0.5303
 386.000       0.5077
 387.000       0.4672
 388.000       0.4813
 389.000       0.5331
 390.000       0.4858
 391.000       0.4231
 392.000       0.5113
 393.000       0.5223
 394.000       0.4790
 395.000       0.4874
 396.000       0.5736
 397.000       0.6100
 398.000       0.5984
 399.000       0.6302
 400.000       0.5698
 401.000       0.4947
 402.000       0.4897
 403.000       0.5720
 404.000       0.5246
 405.000       0.5093
 406.000       0.5153
 407.000       0.4337
 408.000       0.4626
 409.000       0.4752
 410.000       0.4484
 411.000       0.4173
 412.000       0.4591
 413.000       0.4887
 414.000       0.4977
 415.000       0.5053
 416.000       0.6506
 417.000       0.8540
 418.000       0.7901
 419.000       0.7607
 420.000       0.8103
 421.000       1.0166
 422.000       0.5951
 423.000       0.5577
 424.000       0.5583
 425.000       0.6193
 426.000       0.7396
 427.000       0.6246
 428.000       0.5372
 429.000       0.4893
 430.000       0.5479
 431.000       0.5776
 432.000       0.4913
 433.000       0.4272
 434.000       0.4680
 435.000       0.4980
 436.000       0.4869
 437.000       0.4495
 438.000       0.4605
 439.000       0.4907
 440.000       0.4359
 441.000       0.3765
 442.000       0.4518
 443.000       0.4030
 444.000       0.3585
 445.000       0.4131
 446.000       0.4070
 447.000       0.3641
 448.000       0.3730
 449.000       0.4280
 450.000       0.4019
 451.000       0.4058
 452.000       0.4436
 453.000       0.4629
 454.000       0.5276
 455.000       0.5580
 456.000       0.4793
 457.000       0.5236
 458.000       0.4063
 459.000       0.3598
 460.000       0.4342
 461.000       0.4450
 462.000       0.4457
 463.000       0.3666
 464.000       0.4928
 465.000       0.5389
 466.000       0.4513
 467.000       0.5121
 468.000       0.7110
 469.000       0.7096
 470.000       0.6483
 471.000       0.7630
 472.000       0.9922
 473.000       2.1585
 474.000       3.4602
 475.000       3.8042
