#Res             RMSF
 281.000       5.0411
 282.000       3.0174
 283.000       1.9392
 284.000       1.3396
 285.000       1.2490
 286.000       1.0193
 287.000       0.7717
 288.000       0.5499
 289.000       0.5233
 290.000       0.5910
 291.000       0.5765
 292.000       0.4864
 293.000       0.4819
 294.000       0.5696
 295.000       0.5009
 296.000       0.4984
 297.000       0.6575
 298.000       0.7425
 299.000       0.7519
 300.000       0.7290
 301.000       0.8125
 302.000       0.9024
 303.000       0.6928
 304.000       0.6746
 305.000       0.5529
 306.000       0.6469
 307.000       0.6954
 308.000       0.7283
 309.000       0.5630
 310.000       0.5178
 311.000       0.5921
 312.000       0.5415
 313.000       0.4489
 314.000       0.4868
 315.000       0.5821
 316.000       0.5463
 317.000       0.5114
 318.000       0.5946
 319.000       0.5534
 320.000       0.5042
 321.000       0.4462
 322.000       0.4895
 323.000       0.4518
 324.000       0.3995
 325.000       0.4880
 326.000       0.5028
 327.000       0.4118
 328.000       0.4498
 329.000       0.5039
 330.000       0.4953
 331.000       0.4752
 332.000       0.5876
 333.000       0.6688
 334.000       0.6124
 335.000       0.7300
 336.000       1.2656
 337.000       0.8656
 338.000       0.7992
 339.000       0.6672
 340.000       0.5294
 341.000       0.5525
 342.000       0.5455
 343.000       0.5439
 344.000       0.4750
 345.000       0.4687
 346.000       0.4980
 347.000       0.4641
 348.000       0.4267
 349.000       0.4400
 350.000       0.4963
 351.000       0.4602
 352.000       0.4737
 353.000       0.5514
 354.000       0.8065
 355.000       1.0338
 356.000       0.9889
 357.000       0.7058
 358.000       0.5256
 359.000       0.6487
 360.000       0.5806
 361.000       0.4924
 362.000       0.4979
 363.000       0.5421
 364.000       0.5013
 365.000       0.4932
 366.000       0.5505
 367.000       0.5880
 368.000       0.5235
 369.000       0.5782
 370.000       0.6654
 371.000       0.6630
 372.000       0.6558
 373.000       0.8611
 374.000       1.7444
 375.000       3.0722
 376.000       5.5679
