#Res             RMSF
  98.000       1.1937
  99.000       0.7449
 100.000       0.8838
 101.000       0.9248
 102.000       0.5717
 103.000       0.5014
 104.000       0.4542
 105.000       0.4727
 106.000       0.4847
 107.000       0.3725
 108.000       0.3189
 109.000       0.4409
 110.000       0.4322
 111.000       0.3468
 112.000       0.3613
 113.000       0.4142
 114.000       0.4432
 115.000       0.4450
 116.000       0.3828
 117.000       0.4324
 118.000       0.4053
 119.000       0.4289
 120.000       0.4607
 121.000       0.5136
 122.000       0.5143
 123.000       0.4428
 124.000       0.4217
 125.000       0.5039
 126.000       0.4711
 127.000       0.3866
 128.000       0.3833
 129.000       0.4973
 130.000       0.4911
 131.000       0.4582
 132.000       0.5108
 133.000       0.5434
 134.000       0.4552
 135.000       0.4145
 136.000       0.4006
 137.000       0.4810
 138.000       0.3696
 139.000       0.3416
 140.000       0.3972
 141.000       0.3154
 142.000       0.2878
 143.000       0.3235
 144.000       0.3504
 145.000       0.3364
 146.000       0.3180
 147.000       0.4159
 148.000       0.4873
 149.000       0.5050
 150.000       0.5769
 151.000       0.5688
 152.000       0.6160
 153.000       0.4702
 154.000       0.3824
 155.000       0.4157
 156.000       0.4102
 157.000       0.4131
 158.000       0.3376
 159.000       0.3402
 160.000       0.3821
 161.000       0.3429
 162.000       0.3185
 163.000       0.4006
 164.000       0.4054
 165.000       0.5181
 166.000       0.8593
 167.000       0.8842
 168.000       0.6295
 169.000       0.4720
 170.000       0.4933
 171.000       0.5081
 172.000       0.6277
 173.000       0.6503
 174.000       1.3875
 175.000       2.6570
