#Res             RMSF
 176.000       2.4213
 177.000       1.5505
 178.000       1.0138
 179.000       0.7479
 180.000       0.5985
 181.000       0.6978
 182.000       0.7356
 183.000       0.6206
 184.000       0.6529
 185.000       0.5557
 186.000       0.5949
 187.000       0.5350
 188.000       0.5856
 189.000       0.5624
 190.000       0.6744
 191.000       0.5713
 192.000       0.4357
 193.000       0.4620
 194.000       0.5715
 195.000       0.5911
 196.000       0.5417
 197.000       0.7140
 198.000       0.9037
 199.000       0.8366
 200.000       0.9988
 201.000       0.6547
 202.000       0.6760
 203.000       0.7390
 204.000       0.6222
 205.000       0.5370
 206.000       0.5542
 207.000       0.6776
 208.000       0.5857
 209.000       0.4778
 210.000       0.4611
 211.000       0.5147
 212.000       0.5500
 213.000       0.4887
 214.000       0.4711
 215.000       0.5353
 216.000       0.5486
 217.000       0.4876
 218.000       0.4903
 219.000       0.5746
 220.000       0.5812
 221.000       0.5832
 222.000       0.5604
 223.000       0.6076
 224.000       0.5566
 225.000       0.4835
 226.000       0.5690
 227.000       0.6505
 228.000       0.5462
 229.000       0.5975
 230.000       0.6808
 231.000       0.6710
 232.000       0.6125
 233.000       0.7492
 234.000       0.8951
 235.000       0.8871
 236.000       0.9300
 237.000       0.7193
 238.000       0.7199
 239.000       0.5749
 240.000       0.4652
 241.000       0.4473
 242.000       0.4436
 243.000       0.4625
 244.000       0.4693
 245.000       0.4993
 246.000       0.5702
 247.000       0.6393
 248.000       0.6891
 249.000       0.7692
 250.000       0.9422
 251.000       1.2539
 252.000       1.1778
 253.000       1.5758
 254.000       1.4397
 255.000       1.0850
 256.000       1.0859
 257.000       1.3011
 258.000       1.1386
 259.000       1.1494
 260.000       1.8520
 261.000       1.5128
 262.000       0.7466
 263.000       0.5148
 264.000       0.4812
 265.000       0.5202
 266.000       0.5186
 267.000       0.5315
 268.000       0.6238
 269.000       0.6647
 270.000       0.7295
 271.000       0.7915
 272.000       0.9263
 273.000       0.9743
 274.000       1.0426
 275.000       1.1466
 276.000       1.0913
 277.000       0.9373
 278.000       1.0598
 279.000       1.3459
 280.000       2.0398
