#Res             RMSF
 476.000       2.1175
 477.000       1.2364
 478.000       0.8333
 479.000       0.8850
 480.000       0.5795
 481.000       0.5730
 482.000       0.8046
 483.000       0.9133
 484.000       0.7028
 485.000       0.6226
 486.000       0.5166
 487.000       0.5346
 488.000       0.5368
 489.000       0.3816
 490.000       0.3509
 491.000       0.4435
 492.000       0.4259
 493.000       0.3504
 494.000       0.3674
 495.000       0.4252
 496.000       0.4651
 497.000       0.4781
 498.000       0.4159
 499.000       0.4509
 500.000       0.4273
 501.000       0.4208
 502.000       0.4791
 503.000       0.5242
 504.000       0.5423
 505.000       0.4834
 506.000       0.4887
 507.000       0.5643
 508.000       0.5447
 509.000       0.4275
 510.000       0.4469
 511.000       0.5015
 512.000       0.5350
 513.000       0.4771
 514.000       0.4950
 515.000       0.5372
 516.000       0.4615
 517.000       0.4878
 518.000       0.5832
 519.000       0.5574
 520.000       0.3827
 521.000       0.3714
 522.000       0.4337
 523.000       0.3476
 524.000       0.3300
 525.000       0.3807
 526.000       0.4027
 527.000       0.3592
 528.000       0.3543
 529.000       0.4938
 530.000       0.5389
 531.000       0.5182
 532.000       0.5997
 533.000       0.4873
 534.000       0.6285
 535.000       0.4505
 536.000       0.3995
 537.000       0.4253
 538.000       0.4204
 539.000       0.4289
 540.000       0.3581
 541.000       0.3994
 542.000       0.4439
 543.000       0.4751
 544.000       0.4523
 545.000       0.5775
 546.000       0.6706
 547.000       0.8367
 548.000       1.6216
 549.000       1.3800
 550.000       0.8173
 551.000       0.5643
 552.000       0.4667
 553.000       0.4705
 554.000       0.6278
 555.000       1.2223
 556.000       2.0428
 557.000       3.0510
