#Frame           gap6
       1      27.2884
       2      28.2247
       3      25.7697
       4      26.3004
       5      28.9739
       6      27.2981
       7      25.5950
       8      25.6777
       9      26.3988
      10      26.6678
      11      26.1015
      12      26.5110
      13      26.3320
      14      27.7173
      15      26.1634
      16      27.4513
      17      25.6692
      18      24.5450
      19      25.7045
      20      26.2145
      21      25.6688
      22      26.3317
      23      25.5426
      24      25.7449
      25      27.4513
      26      26.7959
      27      25.4805
      28      27.7240
      29      27.2200
      30      25.9558
      31      25.8291
      32      26.3566
      33      25.6184
      34      25.9217
      35      27.0288
      36      25.8939
      37      26.2090
      38      27.4485
      39      27.8808
      40      27.8764
      41      26.4880
      42      25.6445
      43      28.6493
      44      30.1828
      45      26.7934
      46      26.1077
      47      26.0256
      48      26.9149
      49      27.1429
      50      27.3673
      51      25.0337
      52      25.3387
      53      27.9181
      54      28.8943
      55      25.4222
      56      26.3740
      57      26.2410
      58      24.7194
      59      26.9432
      60      27.8568
      61      27.6584
      62      25.0655
      63      28.0533
      64      27.5721
      65      27.2215
      66      27.3277
      67      28.0620
      68      28.2084
      69      26.6582
      70      26.8965
      71      27.7248
      72      29.8524
      73      27.5348
      74      27.1758
      75      27.6495
      76      27.4678
      77      25.0337
      78      23.2787
      79      25.6016
      80      25.2649
      81      28.3396
      82      27.3518
      83      29.0158
      84      27.1721
      85      25.9926
      86      25.9985
      87      23.3271
      88      21.9422
      89      24.4366
      90      25.5727
      91      25.1847
      92      26.2552
      93      25.1452
      94      27.5864
      95      28.2791
      96      26.6845
      97      27.8645
      98      28.8902
      99      27.8829
     100      27.3762
     101      29.2190
     102      31.4293
     103      30.1069
     104      28.2355
     105      28.9588
     106      28.0130
     107      27.6590
     108      26.3348
     109      28.7626
     110      30.4732
     111      29.4276
     112      29.7449
     113      28.6742
     114      27.0968
     115      30.4533
     116      28.8224
     117      31.3713
     118      29.4032
     119      31.4814
     120      28.4146
     121      30.2513
     122      28.4117
     123      30.5182
     124      28.5122
     125      28.0658
     126      28.7922
     127      26.2099
     128      26.8945
     129      26.3010
     130      25.6995
     131      25.7695
     132      24.6386
     133      27.4324
     134      23.6759
     135      25.4681
     136      25.2707
     137      25.1776
     138      26.2082
     139      28.2124
     140      29.6089
     141      26.7387
     142      27.4066
     143      29.2865
     144      29.2002
     145      29.3322
     146      29.3556
     147      27.3913
     148      29.2794
     149      28.2926
     150      27.5170
     151      27.2213
     152      26.8976
     153      26.9576
     154      27.1347
     155      26.3570
     156      27.2248
     157      25.8550
     158      28.2484
     159      28.1412
     160      26.4936
     161      27.0184
     162      28.7723
     163      28.6182
     164      29.6532
     165      28.5124
     166      28.9432
     167      29.2966
     168      30.7339
     169      31.0616
     170      30.8678
     171      30.5795
     172      30.6757
     173      29.1954
     174      29.6973
     175      31.4995
     176      27.8575
     177      29.4450
     178      30.3552
     179      31.0372
     180      32.6599
     181      27.5681
     182      29.5214
     183      29.6588
     184      30.5659
     185      29.5450
     186      30.2900
     187      31.6549
     188      29.8548
     189      28.9369
     190      31.1851
     191      27.8214
     192      27.4051
     193      28.7253
     194      27.2817
     195      27.2873
     196      27.6597
     197      25.7904
     198      26.9943
     199      25.3875
     200      29.9198
     201      30.4800
     202      28.7155
     203      28.2435
     204      28.2324
     205      28.0374
     206      28.9214
     207      32.0106
     208      28.9322
     209      29.6183
     210      26.4430
     211      29.6856
     212      28.9407
     213      29.4641
     214      27.1898
     215      27.1917
     216      27.1331
     217      25.6419
     218      27.4942
     219      26.5202
     220      27.4022
     221      29.0128
     222      29.1569
     223      29.8234
     224      30.3502
     225      29.2090
     226      27.3528
     227      27.4329
     228      30.8509
     229      29.7493
     230      30.8447
     231      29.4310
     232      29.6533
     233      30.0659
     234      29.3910
     235      29.9661
     236      27.7874
     237      28.0653
     238      26.7842
     239      30.8468
     240      31.2016
     241      28.8630
     242      32.0582
     243      34.3770
     244      30.1110
     245      29.3745
     246      31.5789
     247      29.5880
     248      30.5959
     249      32.2398
     250      33.1316
     251      29.2286
     252      25.5986
     253      28.1021
     254      28.6551
     255      33.3271
     256      30.3880
     257      30.7743
     258      28.9477
     259      30.0460
     260      27.4394
     261      27.8244
     262      28.2284
     263      28.1425
     264      28.9507
     265      27.7181
     266      27.0730
     267      25.3699
     268      26.9473
     269      27.6858
     270      28.8937
     271      30.8058
     272      28.3043
     273      26.5012
     274      27.5425
     275      25.6670
     276      26.5022
     277      26.6506
     278      27.5280
     279      28.4164
     280      26.7122
     281      26.5552
     282      28.5032
     283      31.0436
     284      29.3418
     285      26.7643
     286      26.5657
     287      26.3474
     288      28.1142
     289      26.5225
     290      27.7991
     291      28.4958
     292      28.8712
     293      25.7795
     294      27.4456
     295      26.4384
     296      26.1232
     297      24.6590
     298      26.1285
     299      26.8537
     300      27.6703
     301      25.9530
     302      26.2643
     303      28.9975
     304      28.2565
     305      29.8620
     306      28.2554
     307      28.3717
     308      27.4246
     309      25.7319
     310      25.6624
     311      25.3767
     312      25.8208
     313      25.9783
     314      25.0750
     315      25.2233
     316      26.0655
     317      26.5287
     318      24.4053
     319      24.2213
     320      27.9974
     321      25.4578
     322      27.3794
     323      27.6322
     324      26.5216
     325      27.9885
     326      29.4319
     327      29.3633
     328      25.6579
     329      27.2402
     330      26.6211
     331      28.3642
     332      28.2014
     333      29.9662
     334      28.0875
     335      27.5541
     336      27.3538
     337      27.8139
     338      26.4844
     339      27.3291
     340      28.6704
     341      26.6891
     342      30.8650
     343      28.3552
     344      26.3361
     345      25.9334
     346      27.3267
     347      26.5669
     348      25.8302
     349      25.7005
     350      25.6173
     351      25.2696
     352      26.0355
     353      25.7303
     354      25.3884
     355      24.9747
     356      25.2881
     357      25.0761
     358      25.9851
     359      25.5172
     360      24.4492
     361      24.6548
     362      25.4545
     363      24.6526
     364      28.3859
     365      24.6367
     366      25.0362
     367      24.1271
     368      24.2163
     369      25.8716
     370      22.8431
     371      24.7639
     372      24.3639
     373      24.8841
     374      26.7986
     375      25.3043
     376      23.8199
     377      24.3146
     378      27.6482
     379      25.6098
     380      25.9035
     381      25.4214
     382      26.2186
     383      26.2082
     384      25.8103
     385      26.7265
     386      25.9909
     387      24.0588
     388      24.8345
     389      26.3201
     390      27.6207
     391      27.9229
     392      25.1536
     393      24.5184
     394      23.8351
     395      24.1516
     396      25.3131
     397      24.9717
     398      25.2312
     399      25.2082
     400      24.7140
