#Frame           gap7
       1      24.0412
       2      23.8323
       3      23.9526
       4      23.9763
       5      24.7920
       6      24.0013
       7      23.6608
       8      23.9634
       9      24.0683
      10      22.4726
      11      23.9098
      12      24.2714
      13      24.2210
      14      24.2440
      15      23.4217
      16      23.6752
      17      23.5687
      18      23.0902
      19      25.0134
      20      22.2327
      21      24.2335
      22      24.1708
      23      24.1465
      24      24.1484
      25      24.2129
      26      24.3443
      27      23.4721
      28      23.3731
      29      22.8898
      30      23.5988
      31      22.8238
      32      23.1742
      33      22.6188
      34      23.5277
      35      23.4092
      36      23.7693
      37      23.8286
      38      22.9738
      39      23.1993
      40      22.4890
      41      23.4183
      42      23.1443
      43      23.6969
      44      24.0158
      45      24.5069
      46      23.7632
      47      23.4605
      48      23.3077
      49      24.8632
      50      23.2697
      51      24.5828
      52      24.7303
      53      24.3883
      54      24.7051
      55      23.9491
      56      23.7444
      57      23.9390
      58      23.4510
      59      23.6636
      60      23.2548
      61      23.8942
      62      23.1327
      63      23.6269
      64      23.4280
      65      23.7305
      66      24.5334
      67      23.9367
      68      23.2821
      69      23.4004
      70      23.3099
      71      23.2747
      72      22.5043
      73      23.0836
      74      23.1758
      75      24.1896
      76      23.3996
      77      24.1989
      78      23.7815
      79      24.0384
      80      24.0458
      81      23.9751
      82      23.5645
      83      23.9481
      84      23.7394
      85      23.8445
      86      24.9678
      87      23.9520
      88      23.1922
      89      23.5051
      90      23.8045
      91      24.0016
      92      23.5116
      93      23.8436
      94      23.8746
      95      24.4703
      96      24.4634
      97      24.0953
      98      23.8007
      99      24.0081
     100      23.9839
     101      23.8731
     102      22.4032
     103      23.0788
     104      23.5096
     105      22.8689
     106      22.5337
     107      23.2442
     108      23.6061
     109      23.5422
     110      22.8047
     111      23.2971
     112      23.2288
     113      23.6049
     114      24.7609
     115      23.5202
     116      23.3959
     117      22.6794
     118      23.2301
     119      23.2019
     120      23.7847
     121      23.4040
     122      24.7326
     123      23.4766
     124      23.8020
     125      22.7802
     126      23.7753
     127      23.6958
     128      22.9653
     129      23.1779
     130      23.7763
     131      22.7961
     132      23.5987
     133      23.3807
     134      23.6988
     135      22.6915
     136      23.2416
     137      22.9041
     138      22.8149
     139      23.3977
     140      23.2657
     141      22.5370
     142      23.1524
     143      22.5968
     144      23.5687
     145      23.5040
     146      23.8700
     147      23.5279
     148      23.5633
     149      22.5911
     150      22.7562
     151      23.1718
     152      22.5008
     153      23.3615
     154      23.1944
     155      24.1093
     156      23.3105
     157      23.3362
     158      22.5412
     159      23.5282
     160      23.1359
     161      22.1923
     162      22.3254
     163      22.2432
     164      22.5096
     165      22.7137
     166      22.4697
     167      22.7307
     168      23.4556
     169      22.9140
     170      22.5055
     171      22.8862
     172      23.8344
     173      22.7856
     174      23.2310
     175      24.4963
     176      23.6740
     177      23.8550
     178      23.5257
     179      23.6951
     180      23.4005
     181      24.3726
     182      24.2323
     183      23.6241
     184      23.1081
     185      22.8065
     186      23.2353
     187      23.5337
     188      23.2525
     189      23.4430
     190      23.8684
     191      23.2518
     192      23.4858
     193      22.9374
     194      23.7352
     195      23.5890
     196      23.6053
     197      23.9884
     198      23.3191
     199      23.9218
     200      23.3105
     201      23.1003
     202      23.6157
     203      23.7891
     204      24.1471
     205      23.4072
     206      23.4379
     207      23.3490
     208      23.5710
     209      23.2906
     210      23.1395
     211      23.6421
     212      23.5895
     213      23.7865
     214      23.5356
     215      22.7074
     216      23.7003
     217      23.1598
     218      23.9681
     219      24.2398
     220      24.0664
     221      24.0327
     222      24.6077
     223      22.5580
     224      23.0546
     225      23.5219
     226      23.5275
     227      23.3582
     228      24.1457
     229      23.7667
     230      23.0894
     231      23.1651
     232      24.6581
     233      23.8637
     234      23.8256
     235      23.7969
     236      23.5915
     237      24.1245
     238      23.9140
     239      23.4138
     240      23.7458
     241      24.4316
     242      24.4659
     243      24.5359
     244      24.2887
     245      23.4732
     246      23.6760
     247      24.2759
     248      24.1193
     249      23.5166
     250      25.0143
     251      23.8279
     252      23.8166
     253      23.5093
     254      23.9101
     255      23.6129
     256      24.2181
     257      23.7346
     258      23.9238
     259      23.6836
     260      24.0971
     261      23.7754
     262      24.4087
     263      23.8475
     264      23.7195
     265      23.1112
     266      23.0643
     267      22.4536
     268      22.1259
     269      22.6838
     270      22.8643
     271      22.8910
     272      23.1852
     273      22.9981
     274      22.4698
     275      22.0942
     276      23.1851
     277      22.9387
     278      23.1744
     279      24.2632
     280      23.6991
     281      24.0216
     282      23.8602
     283      24.1104
     284      23.9839
     285      24.1314
     286      23.3943
     287      22.8617
     288      23.7453
     289      23.6705
     290      23.8932
     291      23.0754
     292      23.3373
     293      23.9770
     294      23.8712
     295      24.4227
     296      23.1504
     297      23.1620
     298      23.3328
     299      22.6791
     300      22.7600
     301      22.3564
     302      22.3635
     303      22.3549
     304      23.0457
     305      22.4185
     306      22.6872
     307      22.6931
     308      23.6325
     309      23.0967
     310      23.0811
     311      22.2563
     312      22.9930
     313      23.5269
     314      23.7441
     315      23.2262
     316      23.0716
     317      22.7377
     318      22.2780
     319      23.1222
     320      22.6625
     321      22.5823
     322      21.7772
     323      21.9262
     324      22.5575
     325      23.4968
     326      22.9151
     327      22.5062
     328      22.3771
     329      22.7694
     330      21.8903
     331      22.2005
     332      21.6449
     333      22.3839
     334      21.6061
     335      21.9504
     336      22.4899
     337      20.9430
     338      21.3064
     339      21.6316
     340      22.5685
     341      21.5742
     342      22.9128
     343      23.2573
     344      23.8056
     345      23.7447
     346      22.9837
     347      23.3409
     348      24.4491
     349      23.4565
     350      23.3156
     351      24.3813
     352      23.4408
     353      24.5719
     354      23.6449
     355      23.8839
     356      24.0121
     357      24.1126
     358      23.4742
     359      24.2996
     360      22.9607
     361      23.6227
     362      22.9832
     363      23.1670
     364      23.8392
     365      23.5859
     366      23.3011
     367      22.9639
     368      22.9480
     369      24.1436
     370      23.0566
     371      23.0869
     372      23.6780
     373      24.0976
     374      23.6452
     375      24.9517
     376      24.3378
     377      23.8143
     378      23.1644
     379      23.2140
     380      22.6024
     381      22.5154
     382      22.4410
     383      21.9932
     384      22.5599
     385      22.8973
     386      23.6029
     387      23.2631
     388      23.6100
     389      23.2676
     390      23.3712
     391      24.2303
     392      22.8469
     393      22.8683
     394      22.9758
     395      22.7095
     396      22.7378
     397      22.5914
     398      23.8577
     399      22.6286
     400      23.6192
