#Frame           gap4
       1      23.5301
       2      25.0684
       3      24.1062
       4      25.8055
       5      25.8122
       6      25.1025
       7      25.3009
       8      24.8099
       9      24.1128
      10      24.4286
      11      25.6967
      12      22.8889
      13      24.7513
      14      25.5510
      15      24.8162
      16      24.9538
      17      24.1400
      18      23.6895
      19      23.5287
      20      25.7595
      21      27.3889
      22      25.8145
      23      26.4669
      24      25.6768
      25      25.1706
      26      26.3665
      27      25.6048
      28      24.6997
      29      25.5889
      30      24.9232
      31      26.0414
      32      25.8811
      33      26.2244
      34      26.0090
      35      27.2549
      36      26.7903
      37      25.8773
      38      26.1183
      39      26.6894
      40      25.3419
      41      25.3599
      42      27.3534
      43      25.8975
      44      24.6221
      45      23.2291
      46      23.6419
      47      21.9182
      48      23.5311
      49      23.5970
      50      23.9361
      51      23.9861
      52      22.9806
      53      23.0876
      54      23.5171
      55      23.6857
      56      23.9292
      57      24.0179
      58      24.3022
      59      25.5534
      60      24.8586
      61      26.4436
      62      26.3944
      63      25.6095
      64      23.4396
      65      23.1748
      66      26.5838
      67      26.1585
      68      25.6742
      69      25.2355
      70      26.5561
      71      25.3172
      72      26.3648
      73      26.2866
      74      25.0219
      75      22.9356
      76      25.2813
      77      24.7206
      78      26.4380
      79      27.1189
      80      28.4488
      81      24.5352
      82      27.2367
      83      25.6292
      84      25.4463
      85      27.1808
      86      25.6518
      87      26.6706
      88      27.6631
      89      26.2640
      90      27.8143
      91      24.1164
      92      27.4521
      93      25.6829
      94      25.0201
      95      24.5702
      96      24.2765
      97      27.6153
      98      24.9472
      99      25.4145
     100      24.4382
     101      24.1990
     102      26.0394
     103      26.1206
     104      28.0233
     105      28.1715
     106      26.4100
     107      25.5123
     108      26.0317
     109      25.6616
     110      26.3678
     111      24.9987
     112      23.5727
     113      23.4097
     114      25.1253
     115      24.8473
     116      25.7297
     117      25.2745
     118      25.2314
     119      28.1668
     120      24.3568
     121      23.9412
     122      24.6421
     123      24.6326
     124      24.9365
     125      26.5236
     126      24.1813
     127      24.2465
     128      25.3733
     129      25.4985
     130      25.7150
     131      25.2907
     132      24.0628
     133      23.6008
     134      23.8727
     135      24.2556
     136      26.0335
     137      25.2776
     138      24.5238
     139      24.9809
     140      25.1438
     141      24.8900
     142      24.1831
     143      24.9669
     144      26.4361
     145      24.2358
     146      24.6361
     147      25.1936
     148      28.1091
     149      26.1149
     150      26.9536
     151      27.6343
     152      24.7603
     153      26.3280
     154      23.6999
     155      22.5501
     156      24.4106
     157      23.4333
     158      23.9191
     159      24.3183
     160      24.5368
     161      22.7393
     162      25.0336
     163      23.1861
     164      24.6527
     165      24.0632
     166      26.3139
     167      25.5709
     168      23.7283
     169      24.4697
     170      25.9388
     171      24.6227
     172      25.2984
     173      24.0822
     174      25.1798
     175      24.1527
     176      23.6825
     177      24.0054
     178      22.5720
     179      22.5777
     180      23.6184
     181      23.0767
     182      21.8991
     183      22.8463
     184      22.4559
     185      24.0676
     186      23.3437
     187      23.2297
     188      22.6042
     189      22.9708
     190      24.0376
     191      22.3683
     192      23.5862
     193      23.6903
     194      25.0718
     195      25.5090
     196      24.6669
     197      24.2318
     198      23.8863
     199      23.1204
     200      24.6237
     201      24.4326
     202      23.3204
     203      22.4089
     204      21.3514
     205      22.6484
     206      23.1452
     207      23.3255
     208      23.9684
     209      23.9961
     210      23.4115
     211      24.3344
     212      23.9846
     213      24.1606
     214      22.5146
     215      24.1807
     216      23.1261
     217      24.2335
     218      23.2174
     219      23.3535
     220      22.6796
     221      21.9895
     222      21.4749
     223      21.8924
     224      22.6756
     225      22.2053
     226      23.0593
     227      23.3708
     228      23.3469
     229      23.4572
     230      23.0602
     231      23.6245
     232      23.9483
     233      24.9870
     234      25.8642
     235      25.4905
     236      24.6638
     237      23.6891
     238      24.4964
     239      24.4621
     240      25.0640
     241      25.2192
     242      25.7763
     243      25.3695
     244      24.8563
     245      26.0867
     246      25.5192
     247      26.4133
     248      25.3901
     249      25.4674
     250      25.6756
     251      26.0512
     252      28.5847
     253      26.5701
     254      27.8494
     255      27.1670
     256      27.5583
     257      24.5256
     258      25.1812
     259      24.5648
     260      24.3473
     261      23.7644
     262      25.2084
     263      24.0314
     264      23.3980
     265      23.0010
     266      23.4489
     267      24.2503
     268      23.7541
     269      25.0009
     270      24.7910
     271      23.9444
     272      23.6403
     273      24.5864
     274      24.8476
     275      26.0389
     276      24.3133
     277      24.8287
     278      24.4558
     279      25.9593
     280      25.6603
     281      25.0655
     282      24.6580
     283      23.3317
     284      22.4915
     285      24.6719
     286      26.0565
     287      25.3912
     288      25.4341
     289      25.8624
     290      26.6693
     291      26.3892
     292      24.6952
     293      24.5457
     294      23.5211
     295      24.6801
     296      25.4150
     297      25.6006
     298      25.4418
     299      25.2275
     300      25.4347
     301      23.6881
     302      21.7161
     303      23.3024
     304      23.6144
     305      23.8005
     306      23.9506
     307      25.8677
     308      23.9554
     309      24.2399
     310      24.3430
     311      25.6287
     312      24.7235
     313      23.7998
     314      23.4094
     315      24.4476
     316      26.4627
     317      25.9091
     318      24.5970
     319      25.9971
     320      25.2112
     321      26.3785
     322      26.0891
     323      24.3851
     324      23.3144
     325      25.0057
     326      26.7004
     327      24.3768
     328      25.2231
     329      22.6907
     330      24.1549
     331      23.5098
     332      24.7566
     333      23.5659
     334      23.5836
     335      24.6228
     336      25.5471
     337      24.0849
     338      22.6113
     339      22.9474
     340      24.9275
     341      25.8143
     342      25.9475
     343      24.7186
     344      25.4943
     345      24.4395
     346      25.0026
     347      25.9820
     348      24.4346
     349      25.2007
     350      24.3961
     351      23.6168
     352      25.7483
     353      23.2820
     354      23.2166
     355      22.2780
     356      23.7814
     357      23.6220
     358      22.9014
     359      24.4707
     360      22.6952
     361      24.4586
     362      23.5288
     363      23.4000
     364      23.3870
     365      24.3618
     366      23.6688
     367      23.7295
     368      23.9108
     369      24.4092
     370      23.0534
     371      23.7326
     372      22.2778
     373      23.2295
     374      24.6786
     375      24.6577
     376      24.3000
     377      25.5891
     378      26.9342
     379      26.1795
     380      26.7834
     381      25.8051
     382      24.7380
     383      25.4685
     384      26.0105
     385      24.9380
     386      25.7157
     387      24.0743
     388      25.5048
     389      25.2489
     390      24.6220
     391      23.4031
     392      22.8790
     393      22.1248
     394      22.9819
     395      23.6971
     396      25.1040
     397      23.5272
     398      24.1603
     399      25.3530
     400      24.1702
