#Frame           gap3
       1      29.3208
       2      26.4417
       3      29.3255
       4      27.1508
       5      26.2397
       6      27.8238
       7      27.8467
       8      27.3333
       9      28.0966
      10      28.2267
      11      28.0772
      12      28.2389
      13      26.2351
      14      26.2024
      15      26.4560
      16      26.6199
      17      26.2940
      18      28.8281
      19      28.2657
      20      27.6190
      21      28.1882
      22      28.3306
      23      26.7482
      24      28.6620
      25      27.4396
      26      28.2203
      27      29.6770
      28      28.0079
      29      26.9316
      30      28.3190
      31      28.5808
      32      28.6433
      33      29.1398
      34      28.5069
      35      28.2015
      36      29.8769
      37      26.6150
      38      27.4083
      39      27.9529
      40      29.6342
      41      29.7244
      42      30.0864
      43      27.1598
      44      28.0147
      45      28.1847
      46      28.6562
      47      28.8352
      48      28.2791
      49      28.5818
      50      27.8333
      51      27.2243
      52      28.1949
      53      28.9384
      54      26.6447
      55      25.6157
      56      25.9770
      57      26.4800
      58      29.1982
      59      28.4909
      60      27.3178
      61      28.2204
      62      27.1502
      63      27.5151
      64      25.8273
      65      26.2912
      66      27.2978
      67      28.2952
      68      27.4495
      69      26.4832
      70      28.3112
      71      27.4361
      72      27.5020
      73      27.5974
      74      28.3038
      75      27.4568
      76      27.0040
      77      26.6936
      78      28.4783
      79      28.1605
      80      28.9990
      81      27.0397
      82      25.9287
      83      26.6194
      84      29.4988
      85      25.9224
      86      25.4799
      87      25.2998
      88      26.1370
      89      26.3377
      90      28.5188
      91      28.0806
      92      26.0133
      93      28.9454
      94      29.2444
      95      28.9445
      96      27.7039
      97      27.2201
      98      25.9521
      99      30.1580
     100      27.4628
     101      28.6843
     102      28.6125
     103      29.4899
     104      26.9450
     105      27.8788
     106      26.5725
     107      28.2899
     108      25.7776
     109      28.2030
     110      27.7428
     111      27.6049
     112      27.4673
     113      26.1100
     114      26.2011
     115      27.0812
     116      27.9042
     117      27.4972
     118      29.2860
     119      27.0542
     120      28.7100
     121      27.7331
     122      27.7013
     123      25.8921
     124      26.7567
     125      27.7443
     126      28.9978
     127      27.0886
     128      28.3627
     129      30.1442
     130      29.0462
     131      28.8826
     132      28.5172
     133      25.8342
     134      27.3571
     135      28.6516
     136      28.8561
     137      30.8850
     138      30.0299
     139      30.6832
     140      28.5410
     141      30.0207
     142      27.7997
     143      28.9602
     144      30.3844
     145      30.5044
     146      27.1042
     147      28.9260
     148      31.7644
     149      29.2477
     150      29.6195
     151      29.3874
     152      29.3011
     153      26.7898
     154      28.3514
     155      27.7927
     156      28.8106
     157      28.4090
     158      28.3864
     159      27.0437
     160      26.8281
     161      28.5838
     162      29.6480
     163      31.3274
     164      28.2087
     165      29.4999
     166      29.3971
     167      27.5090
     168      28.2555
     169      28.0134
     170      29.9129
     171      28.2552
     172      25.7911
     173      27.1561
     174      26.1778
     175      29.0651
     176      27.8176
     177      26.6707
     178      27.6063
     179      26.4737
     180      27.3674
     181      28.0595
     182      28.7578
     183      27.5409
     184      28.0427
     185      26.9595
     186      28.0561
     187      26.5339
     188      27.0334
     189      26.6834
     190      29.3263
     191      27.9844
     192      29.9387
     193      29.2608
     194      29.5785
     195      32.1972
     196      29.1104
     197      28.8869
     198      28.7619
     199      27.6055
     200      28.0534
     201      26.2804
     202      27.5662
     203      26.5304
     204      27.9753
     205      27.7760
     206      29.6403
     207      29.7530
     208      30.2575
     209      30.2331
     210      28.3673
     211      29.6081
     212      27.2578
     213      28.6577
     214      30.6333
     215      30.0078
     216      30.4085
     217      29.0922
     218      30.6388
     219      30.4360
     220      29.3365
     221      29.9804
     222      27.8520
     223      26.8502
     224      27.3020
     225      27.5407
     226      27.1805
     227      28.2439
     228      27.6460
     229      27.4428
     230      26.5127
     231      26.9634
     232      24.7362
     233      25.1240
     234      27.6423
     235      27.6756
     236      27.2766
     237      28.3110
     238      29.3869
     239      27.9111
     240      29.4223
     241      25.9300
     242      27.3357
     243      27.0947
     244      27.9360
     245      29.4525
     246      27.4699
     247      27.9390
     248      26.8319
     249      27.6762
     250      29.9808
     251      27.8952
     252      27.2866
     253      27.4267
     254      26.7823
     255      28.2880
     256      29.3338
     257      28.5778
     258      26.1247
     259      25.7435
     260      25.1450
     261      25.2858
     262      25.7378
     263      26.8977
     264      26.3962
     265      26.0358
     266      27.5140
     267      28.0984
     268      26.4462
     269      27.5101
     270      27.1618
     271      27.6921
     272      28.1240
     273      28.1304
     274      27.8415
     275      27.0230
     276      26.7701
     277      26.2383
     278      27.5054
     279      25.7122
     280      26.9646
     281      29.8595
     282      26.9947
     283      26.5978
     284      27.6004
     285      26.5077
     286      28.9387
     287      30.0319
     288      28.9005
     289      28.5921
     290      27.5877
     291      30.1687
     292      28.2399
     293      27.8115
     294      26.8208
     295      29.5623
     296      28.3986
     297      27.6571
     298      27.1714
     299      26.5439
     300      27.5107
     301      27.3100
     302      25.4866
     303      26.8371
     304      26.5759
     305      29.5545
     306      30.0854
     307      25.9608
     308      26.7002
     309      27.0147
     310      26.6523
     311      28.5726
     312      27.7425
     313      30.4552
     314      28.6062
     315      28.7881
     316      28.5451
     317      28.7474
     318      29.5158
     319      29.7405
     320      29.3103
     321      29.2804
     322      27.9404
     323      27.4122
     324      28.4940
     325      27.3187
     326      28.0781
     327      27.5989
     328      28.0374
     329      27.0974
     330      26.8998
     331      27.7706
     332      26.9868
     333      28.1255
     334      27.9252
     335      27.2263
     336      28.7842
     337      28.3992
     338      26.7643
     339      26.5763
     340      29.3128
     341      28.5788
     342      27.1021
     343      26.4891
     344      27.5076
     345      26.6743
     346      26.5615
     347      26.1788
     348      26.3530
     349      27.6807
     350      27.2108
     351      27.7156
     352      27.8028
     353      28.9038
     354      29.0324
     355      28.9093
     356      30.6450
     357      27.8677
     358      28.3645
     359      29.7428
     360      29.0446
     361      28.5638
     362      26.4173
     363      28.7419
     364      29.4166
     365      30.5281
     366      28.6129
     367      29.6101
     368      28.2376
     369      28.0781
     370      27.2339
     371      27.2460
     372      29.2694
     373      28.1290
     374      28.1463
     375      28.9430
     376      26.6748
     377      29.4243
     378      28.1180
     379      27.8680
     380      28.3671
     381      28.2882
     382      27.1810
     383      27.2132
     384      27.2424
     385      27.7435
     386      24.7719
     387      23.5767
     388      23.8268
     389      23.6609
     390      24.7872
     391      25.5068
     392      26.5723
     393      24.4440
     394      23.1300
     395      24.1012
     396      26.2011
     397      25.4522
     398      25.9684
     399      27.2008
     400      26.0065
