#Frame      end1_rmsd
       1       0.0000
       2       2.4659
       3       4.0953
       4       4.7677
       5       2.7544
       6       6.0683
       7       2.7609
       8       3.2481
       9       3.1396
      10       2.5690
      11       4.5146
      12       1.7697
      13       2.5757
      14       2.8202
      15       4.1780
      16       3.9375
      17       3.8019
      18       3.2223
      19       3.3506
      20       3.7825
      21       3.5276
      22       3.2067
      23       3.5341
      24       4.1405
      25       5.5145
      26       5.4056
      27       5.8083
      28       5.2349
      29       7.1041
      30       6.7240
      31       6.5114
      32       5.1219
      33       4.6824
      34       4.2216
      35       5.3791
      36       2.6795
      37       4.2497
      38       4.0981
      39       4.6391
      40       4.6645
      41       3.4970
      42       4.0292
      43       2.6517
      44       2.5972
      45       3.7897
      46       2.4540
      47       3.2580
      48       4.2234
      49       3.2045
      50       2.5048
      51       3.5948
      52       3.2494
      53       2.9679
      54       3.0298
      55       3.7268
      56       3.5511
      57       4.2288
      58       2.0241
      59       2.8490
      60       2.0759
      61       2.0624
      62       3.2876
      63       3.0725
      64       3.1803
      65       2.5868
      66       3.1167
      67       2.3936
      68       2.6967
      69       4.0085
      70       2.5708
      71       2.4345
      72       5.3803
      73       4.0206
      74       3.3860
      75       3.8468
      76       2.6202
      77       1.9216
      78       2.2330
      79       1.6583
      80       1.6588
      81       1.7027
      82       2.3583
      83       1.8301
      84       2.1511
      85       1.2917
      86       2.3760
      87       2.4950
      88       2.0288
      89       2.2249
      90       1.3195
      91       1.2471
      92       2.0829
      93       2.5038
      94       2.8739
      95       2.6012
      96       2.3676
      97       2.5166
      98       2.5346
      99       3.6078
     100       2.7596
     101       2.0919
     102       2.2749
     103       2.8496
     104       1.9669
     105       1.7409
     106       1.5703
     107       2.5933
     108       1.9443
     109       2.4962
     110       3.2773
     111       2.8797
     112       3.9045
     113       3.6026
     114       4.0500
     115       3.8973
     116       4.1997
     117       5.0409
     118       4.2863
     119       3.0490
     120       2.9311
     121       4.2250
     122       5.3710
     123       4.7344
     124       4.5694
     125       5.4614
     126       4.4772
     127       3.3427
     128       3.0369
     129       2.1608
     130       3.3466
     131       3.1338
     132       2.6235
     133       2.4322
     134       3.0913
     135       3.4565
     136       3.3877
     137       2.9255
     138       2.5916
     139       3.3260
     140       2.8329
     141       3.1262
     142       3.4833
     143       4.0085
     144       3.5906
     145       3.6541
     146       3.0624
     147       3.4959
     148       3.6428
     149       3.2124
     150       3.0897
     151       3.9325
     152       2.7622
     153       2.9447
     154       3.2653
     155       3.7840
     156       3.2781
     157       3.7368
     158       3.7560
     159       3.6521
     160       4.5882
     161       4.6749
     162       4.4880
     163       4.4622
     164       5.5906
     165       6.6712
     166       7.2242
     167       5.2773
     168       3.9832
     169       4.3792
     170       4.6819
     171       4.5700
     172       4.5786
     173       8.5688
     174       9.5960
     175       9.7688
     176       7.4654
     177       9.9391
     178       9.4957
     179      10.3122
     180      11.3929
     181      11.0697
     182       9.9247
     183      10.0526
     184       8.0240
     185       5.2468
     186       8.3837
     187       8.5264
     188       7.7359
     189       6.9945
     190       6.3065
     191       7.1099
     192       7.7044
     193      11.0432
     194      11.7844
     195      10.5754
     196      11.7549
     197      11.4604
     198      12.7661
     199      14.4885
     200      15.4854
     201      15.0931
     202      14.6062
     203      13.2415
     204      10.0785
     205       7.6009
     206       8.8889
     207       6.8175
     208       7.2172
     209       6.1164
     210      10.7779
     211      12.4575
     212      12.5327
     213      12.2979
     214       9.3991
     215       9.2892
     216       7.8583
     217       8.4605
     218       8.1263
     219       8.0254
     220       7.9796
     221       7.1065
     222       9.4199
     223      13.3161
     224      12.7302
     225      16.1596
     226      14.4929
     227      14.1101
     228      16.5941
     229      14.4162
     230      16.3393
     231      16.0824
     232      16.6306
     233      16.2431
     234      16.9507
     235      16.0068
     236      14.9807
     237      15.4368
     238      16.3272
     239      14.7228
     240      17.1690
     241      16.8070
     242      15.9861
     243      17.4012
     244      18.8253
     245      18.1989
     246      16.5058
     247      17.5917
     248      18.4885
     249      18.9714
     250      21.0274
     251      19.8492
     252      19.0207
     253      15.8577
     254      14.8582
     255      14.3889
     256      12.9648
     257      14.9005
     258      14.3128
     259      17.2362
     260      17.8565
     261      17.8098
     262      17.7223
     263      17.9755
     264      15.3413
     265      15.7249
     266      14.6110
     267      13.8701
     268      13.0925
     269      12.6374
     270      11.8394
     271      11.5814
     272      15.5762
     273      13.8878
     274      12.8560
     275      10.8235
     276      11.9939
     277      13.8751
     278      14.5588
     279      12.6724
     280      10.4437
     281       8.9532
     282       9.5653
     283       9.7475
     284      11.0116
     285      10.7875
     286      13.2332
     287      12.5229
     288      12.6187
     289      11.5787
     290      11.5134
     291      13.6530
     292      13.8629
     293      12.0564
     294      11.2297
     295      12.4570
     296      12.6181
     297      12.7401
     298      15.4410
     299      13.2882
     300      11.6100
     301      12.5054
     302      12.7075
     303      11.7815
     304      11.5380
     305      13.0507
     306      13.5015
     307      12.7370
     308      14.0594
     309      14.3196
     310      12.8733
     311      10.9890
     312      11.4374
     313      11.5746
     314      13.1999
     315      10.4486
     316      11.6326
     317      10.6647
     318       9.5274
     319      11.1163
     320      12.3832
     321      11.1819
     322       8.7771
     323      10.0581
     324      12.7600
     325      13.4772
     326      10.8113
     327      10.9884
     328      12.5400
     329      13.8699
     330      13.9312
     331      14.7080
     332      14.3408
     333      14.4238
     334      11.6245
     335      11.5160
     336      10.3354
     337      11.5259
     338      11.8280
     339      12.9333
     340      11.6250
     341      13.8045
     342      11.5162
     343      12.3867
     344      15.3189
     345      16.8967
     346      13.6988
     347      14.4228
     348      12.2871
     349      10.3497
     350      11.0047
     351      11.8861
     352      13.3793
     353      16.5605
     354      13.2654
     355      11.7244
     356      11.3636
     357      11.2857
     358      10.5395
     359      11.3607
     360      13.0907
     361      11.5240
     362      11.9474
     363      13.9805
     364      12.7783
     365      11.5345
     366      12.3915
     367      11.8509
     368      11.9291
     369      10.5761
     370      11.7740
     371      10.5346
     372      11.9298
     373      11.8196
     374      11.6818
     375      12.2383
     376      10.6584
     377      10.7273
     378      10.1794
     379      12.6395
     380      11.5169
     381      13.0840
     382      13.1734
     383      11.7317
     384      15.8560
     385      20.4586
     386      17.6779
     387      14.7955
     388      15.9096
     389      21.4821
     390      20.9400
     391      20.2733
     392      18.8878
     393      17.8475
     394      21.8980
     395      21.7462
     396      20.7559
     397      23.8980
     398      22.5422
     399      26.2521
     400      29.4794
