#Frame      end2_rmsd
       1       0.0000
       2       2.6708
       3       3.1704
       4       3.8425
       5       2.9010
       6       3.1764
       7       2.6079
       8       3.5529
       9       4.8325
      10       4.6639
      11       3.1049
      12       2.8774
      13       3.1642
      14       3.7629
      15       3.0794
      16       2.0358
      17       3.4813
      18       2.8611
      19       2.2953
      20       3.6428
      21       3.2018
      22       2.8953
      23       2.8092
      24       3.8222
      25       3.6835
      26       2.4987
      27       2.3946
      28       2.9311
      29       3.0286
      30       2.9269
      31       2.7160
      32       2.8276
      33       3.3927
      34       3.4170
      35       3.1847
      36       3.4789
      37       3.4176
      38       2.3861
      39       2.5457
      40       2.8126
      41       4.4538
      42       5.3769
      43       4.9585
      44       4.5457
      45       4.0130
      46       3.8681
      47       4.5008
      48       4.6135
      49       4.7829
      50       6.2166
      51       5.1765
      52       6.7111
      53       5.9627
      54       5.5904
      55       7.0513
      56       5.3380
      57       5.9754
      58       4.2435
      59       4.8411
      60       4.8629
      61       6.9383
      62       5.2732
      63       4.7275
      64       7.0571
      65       6.4818
      66       6.1926
      67       5.3250
      68       6.4831
      69       5.8889
      70       5.2132
      71       5.5210
      72       4.5759
      73       4.3974
      74       4.2607
      75       4.7817
      76       5.8118
      77       5.1649
      78       7.0923
      79       5.0157
      80       4.2584
      81       5.0802
      82       5.8756
      83       3.9170
      84       4.1077
      85       4.9946
      86       2.8203
      87       4.2326
      88       3.5483
      89       3.6461
      90       4.1214
      91       5.3746
      92       4.2540
      93       5.3485
      94       4.9243
      95       4.9107
      96       3.0243
      97       4.2981
      98       4.3619
      99       5.0996
     100       6.4100
     101       8.1040
     102       6.8125
     103       5.1053
     104       4.2617
     105       4.4507
     106       6.1040
     107       7.2415
     108       5.7225
     109       4.2040
     110       4.1341
     111       5.7032
     112       3.8701
     113       4.5688
     114       4.7398
     115       3.5132
     116       4.6071
     117       3.2842
     118       5.5518
     119       3.8397
     120       4.8709
     121       4.5696
     122       5.9913
     123       6.4274
     124       5.6469
     125       6.7939
     126       7.3048
     127       6.9643
     128       6.5467
     129       5.1385
     130       2.3829
     131       3.8224
     132       4.2025
     133       3.6572
     134       3.5343
     135       3.9575
     136       3.2852
     137       4.2001
     138       3.9518
     139       4.6712
     140       4.7895
     141       4.6276
     142       4.9677
     143       6.1485
     144       5.7772
     145       3.5791
     146       3.5458
     147       3.1992
     148       3.4494
     149       3.4468
     150       4.2624
     151       3.8921
     152       3.7197
     153       3.0721
     154       4.8500
     155       3.9456
     156       3.4160
     157       4.1382
     158       4.9800
     159       3.7208
     160       3.6552
     161       3.7043
     162       4.6294
     163       3.5625
     164       3.2929
     165       4.0188
     166       3.9091
     167       4.3102
     168       4.4638
     169       5.2829
     170       5.2337
     171       5.1596
     172       4.8626
     173       4.8547
     174       5.5552
     175       5.7900
     176       5.0787
     177       4.8861
     178       5.5830
     179       5.0193
     180       5.7272
     181       7.0376
     182       6.7505
     183       5.7486
     184       5.9265
     185       5.3879
     186       5.9963
     187       5.9177
     188       5.8263
     189       6.3056
     190       4.9228
     191       5.8546
     192       5.2049
     193       3.8378
     194       5.9347
     195       9.9786
     196       9.7914
     197       8.2485
     198       7.9006
     199       7.9611
     200       7.4127
     201       6.6752
     202       7.7464
     203       7.4361
     204       7.9601
     205       6.5798
     206       5.6745
     207       5.8203
     208       5.8243
     209       5.2005
     210       3.5710
     211       3.1100
     212       5.8962
     213       5.4685
     214       6.1877
     215       6.5818
     216       4.3784
     217       2.9308
     218       3.7457
     219       4.3213
     220       3.5391
     221       6.5554
     222       4.2214
     223       3.5669
     224       4.5726
     225       4.3984
     226       4.3065
     227       4.7479
     228       4.1886
     229       5.2564
     230       6.3240
     231       6.8832
     232       5.4549
     233       6.2131
     234       7.7012
     235       9.0873
     236       5.0113
     237       6.1382
     238       5.5194
     239       5.4312
     240       4.8338
     241       6.5094
     242       5.0536
     243       5.4302
     244       5.4861
     245       4.4686
     246       4.5221
     247       4.0551
     248       4.8110
     249       4.5034
     250       4.7208
     251       5.2728
     252       3.8177
     253       3.0032
     254       3.8440
     255       4.9867
     256       5.8790
     257       5.7850
     258       5.8120
     259       5.1780
     260       5.0491
     261       4.4550
     262       5.3598
     263       5.7152
     264       5.6114
     265       6.6767
     266       7.5434
     267       5.3381
     268       5.2135
     269       5.4667
     270       5.3419
     271       4.7492
     272       6.2762
     273       4.5138
     274       4.2170
     275       5.0160
     276       3.7845
     277       2.6511
     278       3.1366
     279       3.4727
     280       3.3052
     281       3.0678
     282       3.8383
     283       4.3578
     284       3.5523
     285       4.8863
     286       6.0635
     287       4.0124
     288       4.4021
     289       2.9644
     290       3.5527
     291       2.4871
     292       2.6874
     293       4.1550
     294       2.9117
     295       2.5544
     296       3.0194
     297       2.2829
     298       2.1505
     299       3.5201
     300       3.4082
     301       2.5694
     302       2.4590
     303       3.3607
     304       2.2649
     305       3.1526
     306       3.5078
     307       3.7771
     308       5.1036
     309       4.2792
     310       2.2905
     311       2.9738
     312       2.4215
     313       3.2385
     314       2.7725
     315       3.4374
     316       3.6923
     317       2.5991
     318       2.3000
     319       3.7917
     320       2.5311
     321       2.8508
     322       2.6502
     323       2.7453
     324       3.6762
     325       4.5550
     326       4.7831
     327       3.3929
     328       3.2521
     329       4.7498
     330       4.0492
     331       3.9507
     332       5.1065
     333       5.6190
     334       5.0247
     335       5.8512
     336       4.6898
     337       5.4957
     338       5.2437
     339       4.6140
     340       2.7194
     341       5.4912
     342       3.6144
     343       2.5234
     344       4.5644
     345       3.6562
     346       4.1427
     347       4.5452
     348       3.8547
     349       3.8949
     350       4.1916
     351       6.1449
     352       5.4235
     353       5.9349
     354       6.3213
     355       4.1940
     356       5.2193
     357       6.0505
     358       4.9958
     359       7.3612
     360       6.0695
     361       4.3030
     362       6.4091
     363       5.4117
     364       3.8731
     365       3.7708
     366       3.9016
     367       3.9386
     368       3.8103
     369       3.9988
     370       4.5288
     371       4.6720
     372       4.0565
     373       4.7813
     374       4.4234
     375       4.2289
     376       4.7690
     377       3.6951
     378       5.9971
     379       4.0745
     380       3.5582
     381       4.8359
     382       4.8987
     383       3.6008
     384       4.2500
     385       4.2687
     386       4.3472
     387       3.7716
     388       5.8352
     389       4.6685
     390       4.7365
     391       4.5061
     392       4.4778
     393       4.4021
     394       4.3484
     395       4.1877
     396       4.2078
     397       4.8996
     398       4.0494
     399       4.0245
     400       3.8677
