#Frame      end1_rmsd
       1       0.0000
       2       2.7873
       3       3.7372
       4       2.5547
       5       2.7182
       6       3.9745
       7       2.9604
       8       2.8478
       9       3.0192
      10       3.7796
      11       2.9831
      12       2.9226
      13       3.2512
      14       3.6128
      15       2.7618
      16       3.0015
      17       2.6514
      18       2.5546
      19       2.4103
      20       2.6179
      21       2.7264
      22       2.8038
      23       2.8241
      24       2.8391
      25       2.2574
      26       2.3405
      27       2.9286
      28       1.8133
      29       2.5614
      30       4.2796
      31       3.9134
      32       3.3331
      33       3.1452
      34       3.3037
      35       2.7150
      36       3.1199
      37       2.5890
      38       3.4687
      39       3.6083
      40       3.3834
      41       3.4722
      42       2.6207
      43       3.3626
      44       3.8970
      45       3.9896
      46       5.0223
      47       3.6672
      48       3.0083
      49       2.4628
      50       2.3714
      51       2.3990
      52       3.8359
      53       3.5388
      54       2.7944
      55       3.1132
      56       2.4526
      57       2.1345
      58       2.6482
      59       2.5043
      60       2.5678
      61       3.3818
      62       3.0072
      63       3.3587
      64       2.9482
      65       3.3763
      66       3.5469
      67       3.1325
      68       3.6092
      69       3.1910
      70       2.8011
      71       2.6807
      72       3.1404
      73       3.5989
      74       2.2092
      75       2.4551
      76       3.1239
      77       2.8987
      78       2.8124
      79       2.5675
      80       3.0131
      81       3.2643
      82       3.4550
      83       2.5906
      84       2.5665
      85       2.8216
      86       4.7000
      87       6.2738
      88       4.8388
      89       3.9543
      90       2.8530
      91       3.7934
      92       4.7587
      93       3.9852
      94       3.1634
      95       3.1765
      96       3.6203
      97       3.2224
      98       4.1014
      99       4.4790
     100       3.8853
     101       3.5752
     102       4.8182
     103       4.2906
     104       4.2554
     105       3.2210
     106       2.9538
     107       3.3008
     108       3.4653
     109       4.5083
     110       2.9904
     111       2.9266
     112       3.6254
     113       4.2053
     114       3.4525
     115       4.6484
     116       3.1217
     117       3.4700
     118       3.6755
     119       3.2776
     120       3.7443
     121       2.5097
     122       2.6689
     123       2.7080
     124       2.1209
     125       3.2585
     126       2.2252
     127       3.1636
     128       4.5794
     129       3.0246
     130       4.7331
     131       4.6802
     132       2.7213
     133       4.1065
     134       2.8790
     135       2.1393
     136       3.3450
     137       2.4583
     138       2.6692
     139       2.5215
     140       3.1545
     141       2.5142
     142       3.1937
     143       4.2804
     144       3.8763
     145       5.0130
     146       2.5906
     147       3.8238
     148       3.4681
     149       3.5305
     150       3.7114
     151       3.2515
     152       3.2325
     153       3.6529
     154       3.3047
     155       2.6213
     156       2.6252
     157       3.6371
     158       3.5678
     159       3.6205
     160       3.9305
     161       3.2132
     162       5.3551
     163       4.0094
     164       4.7656
     165       3.2151
     166       4.2786
     167       4.3329
     168       2.8923
     169       3.8287
     170       4.4877
     171       4.1442
     172       4.8332
     173       3.4935
     174       3.3205
     175       4.0734
     176       4.7120
     177       3.3021
     178       2.6246
     179       2.4423
     180       3.7506
     181       3.1093
     182       3.6883
     183       3.6100
     184       3.5354
     185       2.8584
     186       2.2891
     187       2.3347
     188       3.0378
     189       2.5908
     190       2.1722
     191       2.1329
     192       3.0651
     193       2.7532
     194       3.4146
     195       3.4127
     196       2.8570
     197       2.9333
     198       2.8489
     199       2.8631
     200       2.2071
     201       2.7676
     202       2.8550
     203       2.7060
     204       2.2084
     205       3.4043
     206       2.8027
     207       3.6258
     208       2.4509
     209       2.8983
     210       3.5648
     211       2.2859
     212       3.8214
     213       3.4556
     214       3.6042
     215       3.3880
     216       2.9030
     217       3.2319
     218       2.8185
     219       2.4283
     220       3.1230
     221       3.6967
     222       3.2561
     223       3.6684
     224       3.2865
     225       3.5777
     226       3.4159
     227       3.2345
     228       2.5197
     229       3.4072
     230       3.4239
     231       3.4957
     232       3.8285
     233       4.4979
     234       3.4803
     235       4.2953
     236       4.2172
     237       4.0202
     238       3.5248
     239       3.8264
     240       4.4048
     241       4.8626
     242       4.1340
     243       4.2884
     244       4.8393
     245       4.7453
     246       3.9804
     247       4.4414
     248       5.3378
     249       4.6264
     250       3.8225
     251       2.9609
     252       5.7619
     253       5.2944
     254       4.0235
     255       3.3041
     256       3.4812
     257       4.2788
     258       2.6740
     259       3.5615
     260       3.1014
     261       3.6776
     262       4.3980
     263       4.4428
     264       4.8676
     265       4.5400
     266       4.8828
     267       3.4803
     268       3.6607
     269       4.3714
     270       3.7243
     271       2.8100
     272       3.7644
     273       3.3318
     274       3.0102
     275       4.2204
     276       4.5175
     277       3.6593
     278       3.5468
     279       4.2243
     280       3.8171
     281       4.4445
     282       2.7969
     283       3.3526
     284       3.3746
     285       2.7354
     286       3.0088
     287       4.0282
     288       3.6552
     289       3.9361
     290       3.8632
     291       3.5556
     292       4.4323
     293       3.1735
     294       3.1573
     295       3.5267
     296       3.2753
     297       2.9552
     298       3.7738
     299       3.6407
     300       4.3891
     301       4.2021
     302       4.2695
     303       4.6006
     304       5.9297
     305       3.6822
     306       4.5229
     307       3.7788
     308       3.5744
     309       4.1067
     310       4.1018
     311       4.0238
     312       4.0144
     313       3.8514
     314       3.7110
     315       4.1450
     316       4.0229
     317       3.6344
     318       4.4875
     319       3.2676
     320       4.7863
     321       3.7072
     322       3.8098
     323       3.3634
     324       2.4998
     325       3.8572
     326       2.6791
     327       3.5620
     328       4.0884
     329       3.6297
     330       3.3138
     331       4.1801
     332       5.0821
     333       3.4064
     334       3.6290
     335       4.1320
     336       3.9095
     337       3.4519
     338       3.3874
     339       3.3161
     340       3.8991
     341       4.9440
     342       4.3984
     343       3.3240
     344       4.1453
     345       4.0038
     346       3.1590
     347       3.2579
     348       2.1385
     349       3.1814
     350       3.2656
     351       3.8083
     352       3.6158
     353       3.5539
     354       3.1488
     355       3.0765
     356       3.0976
     357       2.1306
     358       4.0710
     359       1.9814
     360       2.6596
     361       3.0183
     362       2.7322
     363       1.8965
     364       2.3534
     365       4.1110
     366       2.8191
     367       2.4366
     368       2.2952
     369       2.4388
     370       3.5036
     371       2.9082
     372       3.9752
     373       2.8976
     374       3.5520
     375       2.9395
     376       2.6321
     377       3.1948
     378       2.0473
     379       2.2504
     380       3.2595
     381       3.1944
     382       4.5024
     383       3.5385
     384       3.7560
     385       4.9742
     386       3.0053
     387       3.2974
     388       3.2305
     389       2.9095
     390       2.4867
     391       3.4149
     392       2.9644
     393       2.9040
     394       3.4580
     395       3.6323
     396       2.0212
     397       3.5459
     398       3.8126
     399       3.3349
     400       3.0925
