#Frame      end2_rmsd
       1       0.0000
       2       1.8498
       3       2.5003
       4       2.5624
       5       2.3463
       6       3.2184
       7       2.5283
       8       3.2884
       9       2.8026
      10       3.4480
      11       3.8339
      12       4.8677
      13       4.6779
      14       5.2104
      15       3.0519
      16       1.9092
      17       2.3174
      18       1.8434
      19       2.0310
      20       2.6693
      21       2.2307
      22       2.4310
      23       2.4141
      24       2.4343
      25       3.0102
      26       2.9647
      27       3.9432
      28       2.1957
      29       3.0332
      30       2.4984
      31       2.3878
      32       2.3926
      33       3.0097
      34       3.0415
      35       2.3488
      36       2.4069
      37       1.8496
      38       2.5541
      39       2.2403
      40       3.8750
      41       2.6361
      42       1.8085
      43       2.2381
      44       3.0144
      45       4.3855
      46       3.7883
      47       3.0188
      48       2.4227
      49       4.0452
      50       3.0772
      51       3.3787
      52       3.6943
      53       2.7434
      54       2.7172
      55       2.5603
      56       3.1173
      57       4.4972
      58       3.5902
      59       3.2106
      60       4.1828
      61       4.1529
      62       5.0268
      63       3.2203
      64       2.3540
      65       4.4950
      66       2.8516
      67       2.3891
      68       3.8012
      69       3.6316
      70       3.7848
      71       3.2272
      72       3.7564
      73       4.3768
      74       3.7908
      75       4.8966
      76       4.8449
      77       3.2649
      78       3.9622
      79       4.4813
      80       3.2814
      81       3.8302
      82       5.3709
      83       3.7065
      84       3.8413
      85       5.5632
      86       3.9363
      87       4.2117
      88       3.8717
      89       4.0705
      90       3.5953
      91       4.2324
      92       3.0472
      93       3.8584
      94       3.2976
      95       3.4575
      96       3.6383
      97       3.4574
      98       3.5428
      99       4.3046
     100       3.4162
     101       3.7030
     102       4.0760
     103       4.0325
     104       4.2136
     105       3.8655
     106       3.9589
     107       3.9446
     108       3.5321
     109       4.2676
     110       3.2864
     111       3.8694
     112       4.5647
     113       4.3130
     114       5.1924
     115       4.2254
     116       3.7939
     117       4.9973
     118       4.4758
     119       4.7574
     120       3.3996
     121       4.5519
     122       5.7902
     123       5.5537
     124       5.7714
     125       6.6192
     126       5.2333
     127       5.7167
     128       5.0563
     129       4.2279
     130       5.4024
     131       4.5313
     132       4.0568
     133       3.1356
     134       3.7496
     135       4.1547
     136       2.5767
     137       5.4377
     138       4.0448
     139       5.0226
     140       4.5876
     141       3.0375
     142       4.4873
     143       4.1022
     144       4.2005
     145       4.0206
     146       5.4076
     147       4.2211
     148       4.3388
     149       4.4988
     150       4.4316
     151       4.3090
     152       3.4966
     153       3.1559
     154       4.1815
     155       3.8933
     156       4.2588
     157       4.4970
     158       4.3663
     159       4.4245
     160       3.3667
     161       2.9497
     162       3.8213
     163       3.0007
     164       3.3601
     165       3.0802
     166       2.4760
     167       2.6469
     168       3.7933
     169       2.4844
     170       2.8866
     171       3.0379
     172       2.7818
     173       3.0594
     174       3.0546
     175       2.6632
     176       3.3985
     177       2.8249
     178       3.0197
     179       3.1788
     180       2.7850
     181       3.1587
     182       3.0012
     183       3.5443
     184       2.7127
     185       2.3143
     186       2.5040
     187       3.9174
     188       2.9265
     189       3.7173
     190       3.6803
     191       3.6394
     192       2.1526
     193       2.5972
     194       2.4539
     195       3.3210
     196       3.6360
     197       5.1605
     198       4.5934
     199       4.6044
     200       2.9918
     201       2.3689
     202       2.8611
     203       3.5523
     204       3.0314
     205       2.9491
     206       3.4286
     207       3.3144
     208       3.5941
     209       2.8098
     210       3.8691
     211       2.3660
     212       2.7486
     213       2.9434
     214       4.2935
     215       3.7402
     216       3.1857
     217       3.0259
     218       1.8240
     219       2.9205
     220       2.7782
     221       3.2884
     222       5.2152
     223       3.6371
     224       4.5857
     225       3.7337
     226       4.9244
     227       3.8736
     228       3.8904
     229       2.4372
     230       2.3808
     231       2.3609
     232       2.4905
     233       3.6237
     234       2.9473
     235       2.1024
     236       3.3908
     237       3.8508
     238       4.0152
     239       2.8057
     240       3.9057
     241       3.2136
     242       4.3653
     243       4.7723
     244       2.8140
     245       4.2811
     246       3.3006
     247       3.2799
     248       3.8577
     249       2.5523
     250       3.1086
     251       3.8077
     252       4.3369
     253       3.0561
     254       3.1376
     255       3.6691
     256       2.2459
     257       4.9117
     258       3.5818
     259       4.6850
     260       2.9462
     261       4.1066
     262       3.9366
     263       2.4141
     264       1.8750
     265       2.7405
     266       3.6224
     267       2.5538
     268       3.0022
     269       2.3383
     270       3.4594
     271       3.8364
     272       4.1729
     273       3.5597
     274       4.8077
     275       4.5745
     276       4.5631
     277       3.4373
     278       3.6169
     279       5.2433
     280       3.9590
     281       4.1438
     282       5.4033
     283       3.2150
     284       3.4538
     285       4.1440
     286       3.8635
     287       2.5641
     288       2.6056
     289       3.2967
     290       3.8823
     291       2.3094
     292       3.7955
     293       2.9430
     294       4.3371
     295       2.9606
     296       2.7873
     297       3.8180
     298       3.4001
     299       2.5646
     300       2.4911
     301       2.5794
     302       2.7474
     303       3.3048
     304       2.7257
     305       2.2500
     306       2.5854
     307       2.8320
     308       2.7625
     309       3.7570
     310       3.5153
     311       3.1639
     312       3.4799
     313       3.0848
     314       3.2107
     315       2.2061
     316       2.1067
     317       3.3352
     318       3.8381
     319       4.1612
     320       4.0391
     321       3.5476
     322       3.8701
     323       5.0084
     324       3.7708
     325       3.7875
     326       2.9145
     327       4.7890
     328       3.8476
     329       3.5873
     330       3.3607
     331       3.1969
     332       4.0830
     333       3.8768
     334       4.6532
     335       4.9128
     336       5.8084
     337       3.7962
     338       4.2333
     339       4.1748
     340       3.1371
     341       5.1370
     342       5.3339
     343       5.9691
     344       5.6440
     345       4.2625
     346       4.9087
     347       4.1017
     348       4.3254
     349       4.5518
     350       5.0202
     351       4.4017
     352       4.2303
     353       4.5802
     354       3.5155
     355       3.1915
     356       4.3230
     357       4.1567
     358       3.4250
     359       3.8765
     360       3.6082
     361       3.5938
     362       3.1225
     363       4.6274
     364       4.0349
     365       4.6099
     366       3.7963
     367       3.5030
     368       3.3538
     369       5.0628
     370       3.7172
     371       3.3938
     372       3.4721
     373       4.0144
     374       3.1378
     375       3.8217
     376       3.5588
     377       5.9018
     378       4.6158
     379       4.9798
     380       5.1121
     381       3.5492
     382       3.3143
     383       3.7055
     384       3.8354
     385       3.3823
     386       4.7806
     387       4.1513
     388       4.1165
     389       3.8213
     390       4.9198
     391       4.5103
     392       4.2098
     393       2.8525
     394       4.0529
     395       4.5154
     396       5.2127
     397       5.7418
     398       6.2665
     399       6.5979
     400       5.0694
