#Frame      end1_rmsd
       1       0.0000
       2       1.8357
       3       2.8010
       4       3.5769
       5       2.9756
       6       2.5171
       7       2.4596
       8       3.4065
       9       1.6530
      10       3.2750
      11       3.0829
      12       3.2545
      13       2.8050
      14       3.9040
      15       1.9999
      16       2.6897
      17       1.9844
      18       2.2876
      19       2.4828
      20       3.3696
      21       2.9087
      22       4.9870
      23       4.8346
      24       4.4050
      25       4.1380
      26       3.6938
      27       4.2422
      28       3.6161
      29       4.4141
      30       4.0528
      31       3.9410
      32       2.5450
      33       1.8976
      34       3.1698
      35       2.3972
      36       2.6729
      37       2.2338
      38       2.1647
      39       2.3188
      40       1.9938
      41       2.6477
      42       1.6570
      43       2.6605
      44       2.6349
      45       2.1020
      46       2.2985
      47       2.0630
      48       2.7674
      49       2.2222
      50       2.6910
      51       2.6467
      52       2.5641
      53       2.2378
      54       2.4631
      55       2.9657
      56       3.7120
      57       2.5442
      58       2.0952
      59       1.6382
      60       1.4523
      61       2.3730
      62       3.7765
      63       2.9725
      64       2.9899
      65       1.8637
      66       2.4137
      67       2.4245
      68       1.7614
      69       2.4009
      70       2.3995
      71       2.1715
      72       1.8509
      73       1.9754
      74       3.2505
      75       2.4494
      76       4.6421
      77       4.2458
      78       4.2556
      79       4.0118
      80       3.7991
      81       3.8530
      82       2.6921
      83       1.6534
      84       2.6053
      85       2.5781
      86       3.2166
      87       3.4614
      88       2.4012
      89       2.3266
      90       2.0111
      91       2.1601
      92       2.1866
      93       2.6116
      94       2.5130
      95       2.1599
      96       3.6336
      97       2.8290
      98       2.1693
      99       2.4232
     100       2.9169
     101       3.4443
     102       4.6525
     103       3.5755
     104       4.3438
     105       4.8472
     106       3.9811
     107       3.8926
     108       5.4507
     109       2.7181
     110       3.7948
     111       3.2153
     112       3.5331
     113       4.0816
     114       2.9734
     115       4.5464
     116       4.0962
     117       5.1909
     118       3.3738
     119       4.2902
     120       2.7808
     121       3.1989
     122       3.4141
     123       3.4324
     124       3.6712
     125       4.8026
     126       3.4373
     127       2.7960
     128       3.9214
     129       5.2813
     130       3.4248
     131       3.1814
     132       3.7844
     133       3.9708
     134       2.6387
     135       3.3022
     136       3.0234
     137       3.3915
     138       2.9025
     139       3.7740
     140       4.1859
     141       4.1313
     142       3.7839
     143       3.3673
     144       2.8621
     145       3.3749
     146       3.6574
     147       3.3194
     148       3.7464
     149       4.0267
     150       2.5832
     151       3.9651
     152       4.6580
     153       6.6925
     154       5.6667
     155       6.8922
     156       7.4590
     157       6.6584
     158       8.2803
     159       6.7391
     160       6.6913
     161       6.8990
     162       5.9797
     163       5.9372
     164       5.5513
     165       5.1547
     166       2.9074
     167       4.4800
     168       4.5777
     169       4.5978
     170       4.4734
     171       3.7748
     172       4.9163
     173       4.3168
     174       6.3432
     175       4.2601
     176       5.0836
     177       5.5418
     178       5.5103
     179       4.0065
     180       5.7560
     181       5.7641
     182       5.2031
     183       5.7030
     184       4.9862
     185       4.4757
     186       4.3117
     187       4.1667
     188       2.5636
     189       2.5813
     190       2.6101
     191       4.8861
     192       5.0421
     193       5.2295
     194       2.5163
     195       1.8639
     196       2.3169
     197       1.3344
     198       2.1184
     199       1.5622
     200       3.2006
     201       1.7512
     202       2.0486
     203       1.9367
     204       1.8269
     205       3.7674
     206       2.4883
     207       2.7209
     208       2.7384
     209       3.0959
     210       2.0880
     211       2.1884
     212       1.9060
     213       1.7896
     214       2.4051
     215       3.0572
     216       3.4348
     217       3.3160
     218       3.4412
     219       3.1262
     220       2.4235
     221       2.8147
     222       2.6790
     223       2.0934
     224       2.6761
     225       1.8101
     226       1.9149
     227       1.7641
     228       2.7654
     229       1.7876
     230       2.6202
     231       1.9271
     232       2.0448
     233       1.7594
     234       2.2333
     235       2.0144
     236       3.0943
     237       2.1750
     238       2.2514
     239       2.3029
     240       2.3054
     241       2.0906
     242       2.0568
     243       2.5000
     244       1.8007
     245       1.9389
     246       1.6943
     247       2.7416
     248       3.1341
     249       2.5604
     250       2.5175
     251       1.6371
     252       2.3595
     253       2.3740
     254       2.7802
     255       2.4041
     256       1.4893
     257       2.0534
     258       2.1143
     259       2.7691
     260       2.3529
     261       2.3544
     262       2.6372
     263       1.9063
     264       1.5756
     265       2.1771
     266       3.2051
     267       2.5156
     268       4.5909
     269       2.7776
     270       2.8112
     271       2.1128
     272       2.1613
     273       3.2971
     274       4.2020
     275       3.1804
     276       3.4687
     277       4.2792
     278       2.8230
     279       2.4174
     280       2.2568
     281       3.2112
     282       2.2434
     283       2.7861
     284       3.9488
     285       3.6748
     286       3.5301
     287       2.7735
     288       3.1982
     289       4.7976
     290       2.8296
     291       3.1893
     292       5.7735
     293       7.8064
     294       7.7550
     295       7.4812
     296       6.8591
     297       5.3302
     298       6.5886
     299       5.9008
     300       6.0579
     301       4.6804
     302       5.1033
     303       5.1203
     304       6.4938
     305       5.9428
     306       5.4844
     307       5.5389
     308       5.2325
     309       5.3674
     310       4.1556
     311       3.7081
     312       4.5897
     313       3.9880
     314       4.2945
     315       4.7164
     316       3.8177
     317       4.6981
     318       5.2426
     319       5.2929
     320       4.8119
     321       4.3136
     322       5.0662
     323       4.2663
     324       4.2213
     325       3.7195
     326       5.7255
     327       5.9209
     328       7.2264
     329       5.1835
     330       3.0517
     331       2.7446
     332       3.3382
     333       3.3345
     334       5.2291
     335       5.7099
     336       5.5394
     337       4.4289
     338       3.8612
     339       2.2627
     340       3.0799
     341       3.3319
     342       2.8304
     343       3.6686
     344       2.2519
     345       3.5427
     346       3.3252
     347       2.5150
     348       2.4213
     349       3.1088
     350       1.9669
     351       3.4382
     352       3.0555
     353       2.2423
     354       3.7170
     355       3.7116
     356       4.3148
     357       2.7935
     358       3.2516
     359       4.4027
     360       2.9686
     361       3.0518
     362       2.6973
     363       2.4819
     364       2.6409
     365       3.4572
     366       2.9855
     367       2.9015
     368       3.3666
     369       6.4207
     370       8.3558
     371       5.8633
     372       6.5455
     373       6.0229
     374       5.4817
     375       4.2146
     376       3.7919
     377       4.8895
     378       4.4989
     379       5.5359
     380       5.8412
     381       4.2666
     382       4.4220
     383       6.6284
     384       5.4451
     385       5.4576
     386       3.8257
     387       4.6853
     388       2.7132
     389       3.0948
     390       4.4243
     391       4.3485
     392       4.4870
     393       4.3905
     394       4.4311
     395       4.7006
     396       3.4545
     397       4.0772
     398       3.2969
     399       3.0456
     400       3.7485
