#Frame      end2_rmsd
       1       0.0000
       2       3.1616
       3       5.5103
       4       4.1133
       5       4.2341
       6       6.9969
       7       6.8332
       8       8.3000
       9       8.2476
      10       3.7234
      11       4.1015
      12       5.3700
      13       4.2380
      14       6.6990
      15       6.5075
      16       7.6805
      17       7.3968
      18       4.2221
      19       4.2274
      20       3.4029
      21       4.2528
      22       2.5370
      23       2.9982
      24       3.1502
      25       3.0557
      26       2.7359
      27       3.1959
      28       2.4226
      29       5.7128
      30       3.3032
      31       3.4912
      32       3.8834
      33       2.8431
      34       4.8743
      35       4.1150
      36       9.9362
      37       5.5912
      38       6.4065
      39       3.7390
      40       4.0383
      41       3.9974
      42       2.8151
      43       2.9372
      44       3.3615
      45       3.6130
      46       3.7673
      47       6.3446
      48       7.7359
      49       5.4353
      50       4.5638
      51       6.0411
      52       8.6504
      53       6.8596
      54      11.8276
      55       7.0662
      56      10.0257
      57       6.8656
      58       9.9744
      59       7.4567
      60      10.5396
      61       8.7107
      62       9.5558
      63       6.5621
      64      10.9610
      65      12.0095
      66      14.0007
      67      19.0184
      68      17.6322
      69      16.6697
      70      14.6233
      71      12.7071
      72      12.4527
      73      16.9152
      74      15.8785
      75      13.9162
      76       7.7487
      77       7.9395
      78       9.6893
      79       7.3348
      80      10.8897
      81       9.7109
      82       9.0671
      83       9.8889
      84       9.0418
      85      15.0561
      86      13.9352
      87      17.0148
      88      15.5551
      89      12.8044
      90      16.3213
      91      20.6338
      92      20.1964
      93      15.1608
      94      14.6385
      95       9.1375
      96       8.0300
      97       8.8246
      98       9.2629
      99       6.0790
     100       6.0578
     101       7.7958
     102       4.0181
     103       3.4042
     104       2.2456
     105       2.7980
     106       2.9125
     107       2.6940
     108       4.7216
     109       2.8868
     110       4.0448
     111       4.3899
     112       4.8625
     113       4.5383
     114       5.1766
     115       3.1463
     116       4.9899
     117       3.7465
     118       4.2228
     119       2.2368
     120       6.1477
     121       4.2738
     122       5.0588
     123       3.5037
     124       4.1488
     125       4.0712
     126       2.7461
     127       2.3388
     128       3.1835
     129       2.7851
     130       3.7269
     131       2.4826
     132       4.4707
     133       3.7751
     134       5.8524
     135       6.1564
     136       5.3403
     137       6.4164
     138       5.9109
     139       7.2448
     140       6.1579
     141       9.0976
     142       7.0097
     143       9.8800
     144       9.6176
     145       7.6414
     146       7.1709
     147       6.2171
     148       5.1567
     149       3.6719
     150       4.7187
     151       3.8601
     152       6.4074
     153       4.0203
     154       3.4533
     155       2.6874
     156       4.9537
     157       5.6214
     158       7.3241
     159       9.9374
     160       6.7192
     161       6.1279
     162       4.7984
     163       5.2346
     164       7.5012
     165       7.9463
     166       8.7313
     167       8.2805
     168       7.4136
     169       9.1408
     170       7.4133
     171       8.8634
     172       9.1424
     173       8.8305
     174      11.6271
     175      10.7351
     176       9.2051
     177      12.1012
     178       9.4945
     179       8.5870
     180       7.0704
     181      11.2669
     182      10.1558
     183       7.3433
     184       7.3176
     185       5.4861
     186      10.7517
     187       6.3107
     188       5.9279
     189       6.0180
     190       3.1605
     191       5.2224
     192       4.3823
     193       4.8781
     194       6.7636
     195       3.6249
     196       3.3942
     197       3.9977
     198       4.7724
     199       5.2679
     200       5.8953
     201       4.0516
     202       5.4998
     203       6.3810
     204       3.0645
     205       2.1781
     206       4.1968
     207       3.2571
     208       5.1323
     209       3.0594
     210       4.7217
     211       6.2504
     212       3.7140
     213       3.9310
     214       4.6159
     215       4.8601
     216       3.6747
     217       4.9973
     218       2.1969
     219       4.4290
     220       2.9552
     221       2.4905
     222       2.4944
     223       3.4096
     224       6.5879
     225       6.4377
     226       9.1314
     227       8.3329
     228       5.2832
     229       3.8906
     230       4.6045
     231       5.3290
     232       8.0943
     233       7.7914
     234       7.5037
     235       5.7866
     236       6.0698
     237       8.4433
     238       7.3596
     239       5.0079
     240       2.7661
     241       5.0932
     242       5.7749
     243       4.9596
     244       2.0970
     245       3.7050
     246       4.2601
     247       5.7694
     248       4.5953
     249       4.1562
     250       2.9254
     251       6.9077
     252       8.2225
     253       7.0216
     254       5.2520
     255       7.1113
     256       5.5415
     257       6.8377
     258       5.7689
     259       7.9799
     260       7.3126
     261       3.6842
     262       3.0439
     263       4.2779
     264       2.4273
     265       2.8562
     266       2.9941
     267       2.9613
     268       2.8512
     269       3.4150
     270       3.5283
     271       3.4566
     272       4.2876
     273       3.8653
     274       7.2148
     275       8.8850
     276       4.1060
     277       4.9288
     278       2.8746
     279       3.1988
     280       2.9945
     281       2.3931
     282       2.8824
     283       3.3323
     284       5.0351
     285       4.4002
     286       5.5393
     287       4.5586
     288       5.7572
     289       3.2149
     290       5.3114
     291       5.8671
     292       7.8759
     293       5.9935
     294       3.4085
     295       1.9613
     296       2.7836
     297       2.0396
     298       2.3801
     299       4.3573
     300       2.7858
     301       3.1264
     302       4.1075
     303       3.7892
     304       2.7496
     305       2.7512
     306       6.6615
     307       8.8086
     308       8.6692
     309       9.1468
     310       8.1053
     311       6.3021
     312       4.8244
     313       5.0023
     314       4.0046
     315       3.5178
     316       4.1454
     317       2.5127
     318       3.7837
     319       4.9877
     320       4.6192
     321       5.4338
     322       5.9466
     323       5.8014
     324       7.0425
     325       4.8022
     326       4.2240
     327       3.5973
     328       2.6420
     329       2.8366
     330       3.3744
     331       2.2271
     332       2.3843
     333       3.8216
     334       2.3960
     335       3.5674
     336       2.3657
     337       2.0367
     338       3.1052
     339       2.6854
     340       3.2209
     341       2.6115
     342       4.5477
     343       4.8474
     344       2.6973
     345       3.6706
     346       3.2229
     347       5.2396
     348       4.5455
     349       5.1265
     350       6.3006
     351       2.9117
     352       3.0081
     353       4.6023
     354       4.0241
     355       3.4628
     356       3.4269
     357       4.2341
     358       3.0816
     359       3.0396
     360       3.3412
     361       5.1030
     362       3.5045
     363       6.0204
     364       3.6893
     365       6.2654
     366       7.9076
     367       6.1083
     368       4.4510
     369       3.6778
     370       3.0773
     371       2.3047
     372       4.5439
     373       6.5926
     374       5.3558
     375       7.4640
     376       8.4607
     377       6.6725
     378       2.6348
     379       5.6933
     380       6.2240
     381       7.1705
     382       6.1691
     383       7.3833
     384       6.3592
     385       7.5309
     386       6.4216
     387       6.7696
     388       9.7786
     389       6.8851
     390       5.0049
     391       6.1078
     392       6.2380
     393       5.1456
     394       3.4805
     395       3.1500
     396       6.3486
     397       5.8131
     398       6.6472
     399       4.8540
     400       3.1609
